100	4950	143092
101	5050	699037
102	5151	104965
103	5253	532428
104	5356	125440
105	5460	79478
106	5565	110155
107	5671	1194150
108	5778	117730
109	5886	1062250
110	5995	515545
111	6105	161198
112	6216	91400
113	6328	442724
114	6441	1165949
115	6555	117842
116	6670	97449
117	6786	195943
118	6903	125411
119	7021	1004140
120	7140	110157
121	7260	774440
122	7381	1211641
123	7503	173173
124	7626	1336053
125	7750	501698
126	7875	560256
127	8001	162935
128	8128	512914
129	8256	1236168
130	8385	931085
131	8515	249286
132	8646	1234523
133	8778	217871
134	8911	1051244
135	9045	634304
136	9180	964450
137	9316	1197318
138	9453	798345
139	9591	703057
140	9730	131056
141	9870	1226739
142	10011	1220139
143	10153	202861
144	10296	193669
145	10440	231071
146	10585	325206
147	10731	1390066
148	10878	325158
149	11026	825762
150	11175	902666
151	11325	183599
152	11476	562361
153	11628	1777193
154	11781	534450
155	11935	1016124
156	12090	1156596
157	12246	663633
158	12403	406536
159	12561	1958438
160	12720	492338
161	12880	1559300
162	13041	1188127
163	13203	1067911
164	13366	1037666
165	13530	267224
166	13695	1544581
167	13861	309934
168	14028	932489
169	14196	1100175
170	14365	338440
171	14535	678829
172	14706	1859495
173	14878	288192
174	15051	627875
175	15225	1432898
176	15400	1737120
177	15576	2479997
178	15753	697190
179	15931	1244517
180	16110	1336680
181	16290	1218494
182	16471	238258
183	16653	921115
184	16836	689135
185	17020	237680
186	17205	348347
187	17391	905811
188	17578	2258146
189	17766	2787137
190	17955	2246868
191	18145	825313
192	18336	256707
193	18528	272532
194	18721	2824268
195	18915	402666
196	19110	2336438
197	19306	2440200
198	19503	493228
199	19701	1590817
200	19900	347403
201	20100	354234
202	20301	306313
203	20503	761136
204	20706	296660
205	20910	495323
206	21115	2068066
207	21321	2582254
208	21528	2366939
209	21736	455551
210	21945	323967
211	22155	1732028
212	22366	1955712
213	22578	2545061
214	22791	1656827
215	23005	449166
216	23220	5458362
217	23436	477561
218	23653	3519084
219	23871	468910
220	24090	3009567
221	24310	370749
222	24531	353199
223	24753	3238488
224	24976	554889
225	25200	1389546
226	25425	2838625
227	25651	472758
228	25878	1192789
229	26106	2202973
230	26335	1091989
231	26565	658079
232	26796	547810
233	27028	529310
234	27261	1732405
235	27495	564296
236	27730	1484072
237	27966	406164
238	28203	581296
239	28441	3392381
240	28680	554749
241	28920	1351572
242	29161	578307
243	29403	605948
244	29646	2575160
245	29890	3030343
246	30135	3801664
247	30381	598695
248	30628	4941466
249	30876	1990122
250	31125	800125
251	31375	640403
252	31626	654025
253	31878	2127022
254	32131	652877
255	32385	3037199
256	32640	684503
257	32896	3213922
258	33153	3888893
259	33411	716637
260	33670	630296
261	33930	695080
262	34191	1309054
263	34453	2534579
264	34716	685404
265	34980	4189591
266	35245	2190913
267	35511	486230
268	35778	679330
269	36046	3440601
270	36315	693927
271	36585	839714
272	36856	6304645
273	37128	858893
274	37401	6552270
275	37675	1289307
276	37950	844930
277	38226	3316363
278	38503	788458
279	38781	545496
280	39060	1928407
281	39340	2629407
282	39621	3012740
283	39903	775734
284	40186	2142154
285	40470	9597424
286	40755	3924546
287	41041	769633
288	41328	805992
289	41616	1570610
290	41905	3855638
291	42195	894876
292	42486	884463
293	42778	907876
294	43071	6267948
295	43365	911183
296	43660	3884958
297	43956	871853
298	44253	7106570
299	44551	5703126
300	44850	2852977
301	45150	922772
302	45451	3942849
303	45753	902009
304	46056	950325
305	46360	5219215
306	46665	1490084
307	46971	4379478
308	47278	3664307
309	47586	949528
310	47895	901178
311	48205	4218880
312	48516	4566149
313	48828	4289102
314	49141	1013109
315	49455	7636564
316	49770	2792229
317	50086	1021945
318	50403	1022207
319	50721	14331580
320	51040	1093144
321	51360	1083584
322	51681	7819251
323	52003	1088485
324	52326	1027749
325	52650	6812960
326	52975	3958504
327	53301	7202703
328	53628	1037467
329	53956	6980238
330	54285	962006
331	54615	8437904
332	54946	7244309
333	55278	5476814
334	55611	1469073
335	55945	1424076
336	56280	12131110
337	56616	1154401
338	56953	1746501
339	57291	957284
340	57630	1126266
341	57970	1162673
342	58311	6923450
343	58653	1189882
344	58996	1192139
345	59340	6897010
346	59685	1225987
347	60031	1981384
348	60378	8469616
349	60726	1167692
350	61075	9033711
351	61425	9154251
352	61776	8381593
353	62128	8520473
354	62481	6588962
355	62835	2998005
356	63190	1219588
357	63546	1327997
358	63903	1186274
359	64261	5541302
360	64620	1340774
361	64980	8843164
362	65341	4771968
363	65703	10318977
364	66066	1390348
365	66430	1329942
366	66795	9736276
367	67161	1248854
368	67528	1259202
369	67896	1416208
370	68265	8740008
371	68635	8393374
372	69006	6129759
373	69378	4821728
374	69751	8057522
375	70125	6907077
376	70500	1404603
377	70876	1535109
378	71253	10904396
379	71631	6500826
380	72010	9047931
381	72390	8411465
382	72771	10510942
383	73153	1591073
384	73536	9952226
385	73920	1701131
386	74305	2345307
387	74691	7698264
388	75078	1555935
389	75466	2916560
390	75855	1557718
391	76245	1588044
392	76636	1442206
393	77028	1678840
394	77421	1222481
395	77815	1626283
396	78210	1619643
397	78606	1711354
398	79003	7692378
399	79401	1823051
400	79800	14060453
401	80200	7440965
402	80601	3759446
403	81003	1635287
404	81406	1682259
405	81810	9862280
406	82215	1572398
407	82621	1605781
408	83028	1698243
409	83436	9356410
410	83845	2102397
411	84255	1868642
412	84666	1828099
413	85078	10762841
414	85491	1716877
415	85905	1479697
416	86320	1669786
417	86736	9672725
418	87153	4519545
419	87571	6664399
420	87990	1945983
421	88410	16225470
422	88831	5315557
423	89253	1848039
424	89676	1980208
425	90100	2011260
426	90525	3403306
427	90951	1840158
428	91378	11153859
429	91806	3277536
430	92235	12483254
431	92665	1937389
432	93096	4031777
433	93528	12815637
434	93961	1864162
435	94395	23333946
436	94830	1996875
437	95266	1907242
438	95703	1771865
439	96141	12472532
440	96580	4692403
441	97020	1408685
442	97461	2150646
443	97903	2042752
444	98346	1823112
445	98790	16713409
446	99235	1832446
447	99681	7034455
448	100128	15929930
449	100576	1777938
450	101025	5933190
451	101475	9752777
452	101926	5006765
453	102378	2738337
454	102831	6239255
455	103285	15499625
456	103740	10754734
457	104196	2254217
458	104653	14475689
459	105111	14875945
460	105570	2176208
461	106030	9793872
462	106491	3694117
463	106953	1719598
464	107416	11454184
465	107880	2418024
466	108345	18907530
467	108811	3214080
468	109278	2314506
469	109746	1755881
470	110215	2456724
471	110685	8998601
472	111156	2388712
473	111628	10301524
474	112101	2477589
475	112575	10217771
476	113050	6466471
477	113526	9841702
478	114003	3622971
479	114481	6913451
480	114960	16973517
481	115440	2669517
482	115921	16996086
483	116403	4215483
484	116886	2134624
485	117370	2851505
486	117855	2923115
487	118341	9337136
488	118828	2505391
489	119316	3261598
490	119805	2172598
491	120295	2866258
492	120786	4262326
493	121278	16163331
494	121771	10126316
495	122265	13168149
496	122760	9423876
497	123256	14189028
498	123753	2536379
499	124251	2600928
500	124750	19136823
501	125250	2958355
502	125751	2517454
503	126253	3031874
504	126756	3143721
505	127260	2952178
506	127765	3842132
507	128271	7607434
508	128778	4618281
509	129286	2152268
510	129795	2872755
511	130305	2385462
512	130816	13835853
513	131328	3494934
514	131841	24669190
515	132355	8408332
516	132870	2981521
517	133386	11667105
518	133903	3040240
519	134421	8157440
520	134940	5322698
521	135460	2420720
522	135981	11248196
523	136503	17498377
524	137026	3376889
525	137550	9645109
526	138075	12670787
527	138601	13870142
528	139128	3273162
529	139656	23896025
530	140185	3283172
531	140715	29641586
532	141246	4471460
533	141778	35237412
534	142311	32751880
535	142845	15962402
536	143380	21873396
537	143916	7181194
538	144453	3532032
539	144991	7011556
540	145530	5780182
541	146070	3594781
542	146611	3842625
543	147153	4055071
544	147696	3615520
545	148240	3781377
546	148785	15197238
547	149331	21966870
548	149878	20498590
549	150426	3105512
550	150975	19583318
551	151525	3385571
552	152076	23027033
553	152628	3178798
554	153181	7471046
555	153735	23747917
556	154290	33268711
557	154846	6265416
558	155403	13444460
559	155961	3704413
560	156520	4315024
561	157080	3359738
562	157641	6333858
563	158203	3647670
564	158766	8701245
565	159330	3658755
566	159895	19846021
567	160461	3668185
568	161028	13346649
569	161596	11063575
570	162165	3653888
571	162735	3773176
572	163306	2883451
573	163878	9707745
574	164451	23390099
575	165025	21249691
576	165600	14158523
577	166176	9277201
578	166753	8956495
579	167331	11012066
580	167910	5192521
581	168490	20795086
582	169071	2829607
583	169653	3856057
584	170236	21302130
585	170820	3698669
586	171405	12267354
587	171991	3709543
588	172578	3036766
589	173166	3908879
590	173755	12057952
591	174345	5607031
592	174936	21600122
593	175528	3760457
594	176121	29775072
595	176715	5137115
596	177310	3852979
597	177906	12418504
598	178503	22284448
599	179101	3273859
600	179700	3934639
601	180300	20272060
602	180901	4102590
603	181503	3699656
604	182106	7265877
605	182710	4777228
606	183315	12725271
607	183921	3257044
608	184528	4282523
609	185136	27957565
610	185745	4407207
611	186355	3541321
612	186966	3905714
613	187578	4675898
614	188191	33795204
615	188805	25116324
616	189420	4383225
617	190036	4739128
618	190653	7014858
619	191271	18642115
620	191890	4823646
621	192510	4344291
622	193131	21036964
623	193753	45864981
624	194376	22065574
625	195000	30356705
626	195625	18518672
627	196251	4689795
628	196878	4756235
629	197506	3585424
630	198135	3301401
631	198765	7483964
632	199396	4634371
633	200028	4889755
634	200661	6885540
635	201295	22092560
636	201930	4298733
637	202566	29092969
638	203203	5050695
639	203841	23933105
640	204480	4897683
641	205120	14406082
642	205761	5508745
643	206403	3805463
644	207046	5228020
645	207690	4703205
646	208335	3919741
647	208981	19955285
648	209628	5195585
649	210276	13952916
650	210925	18435480
651	211575	4251544
652	212226	20012523
653	212878	27843392
654	213531	4576705
655	214185	25280452
656	214840	5060384
657	215496	27327590
658	216153	4850786
659	216811	4824693
660	217470	6388949
661	218130	19977434
662	218791	12907420
663	219453	5411547
664	220116	20606585
665	220780	25860574
666	221445	32420734
667	222111	16763666
668	222778	8085775
669	223446	22145617
670	224115	5644246
671	224785	7228890
672	225456	13065454
673	226128	5597853
674	226801	6320568
675	227475	32157556
676	228150	5570212
677	228826	19651914
678	229503	4864281
679	230181	5509268
680	230860	26137739
681	231540	5978403
682	232221	50800822
683	232903	5436384
684	233586	11590686
685	234270	41956543
686	234955	21519240
687	235641	41695603
688	236328	46513613
689	237016	20935606
690	237705	6072479
691	238395	12169632
692	239086	5504348
693	239778	41954243
694	240471	11258150
695	241165	15815711
696	241860	26406940
697	242556	5630435
698	243253	45479824
699	243951	5080464
700	244650	5702205
701	245350	6344766
702	246051	25555014
703	246753	29362162
704	247456	8314716
705	248160	5532461
706	248865	10710233
707	249571	26846529
708	250278	6467707
709	250986	6226188
710	251695	28238120
711	252405	6006874
712	253116	37744375
713	253828	10091041
714	254541	20115364
715	255255	33829072
716	255970	5814091
717	256686	7831745
718	257403	41727782
719	258121	10849744
720	258840	41723581
721	259560	7630645
722	260281	40762561
723	261003	36338918
724	261726	43155333
725	262450	33509403
726	263175	6157811
727	263901	6106281
728	264628	5192960
729	265356	13386205
730	266085	52213347
731	266815	10301348
732	267546	38258666
733	268278	6886103
734	269011	6702059
735	269745	6332654
736	270480	17134134
737	271216	6588963
738	271953	21850531
739	272691	7176853
740	273430	33915263
741	274170	21195869
742	274911	18854527
743	275653	6263620
744	276396	5802050
745	277140	25182143
746	277885	23013469
747	278631	46146603
748	279378	43012030
749	280126	6322856
750	280875	49710864
751	281625	6762323
752	282376	19910530
753	283128	6491738
754	283881	56730989
755	284635	19602524
756	285390	29660766
757	286146	21057783
758	286903	10600114
759	287661	7162981
760	288420	7501999
761	289180	7682090
762	289941	48525329
763	290703	30932980
764	291466	51534701
765	292230	32104538
766	292995	20204074
767	293761	7319360
768	294528	47809400
769	295296	6691220
770	296065	31292552
771	296835	17663435
772	297606	36447717
773	298378	7236733
774	299151	8056958
775	299925	47559757
776	300700	12989135
777	301476	7129285
778	302253	19271319
779	303031	10921919
780	303810	18328044
781	304590	14739110
782	305371	7246626
783	306153	6806955
784	306936	10849919
785	307720	13960650
786	308505	29179114
787	309291	6604763
788	310078	24006865
789	310866	42773478
790	311655	25664931
791	312445	7537192
792	313236	19994464
793	314028	28844508
794	314821	20870524
795	315615	36854489
796	316410	37752408
797	317206	7795552
798	318003	33457230
799	318801	7456303
800	319600	38617177
801	320400	7861610
802	321201	28043339
803	322003	7469565
804	322806	18842400
805	323610	7984054
806	324415	40902383
807	325221	7538723
808	326028	7361908
809	326836	51804384
810	327645	8237004
811	328455	20179188
812	329266	21501407
813	330078	6452355
814	330891	8996827
815	331705	11211801
816	332520	10345078
817	333336	7587629
818	334153	36293574
819	334971	36516023
820	335790	8268365
821	336610	73480864
822	337431	10640573
823	338253	6957975
824	339076	8602218
825	339900	8274442
826	340725	7358722
827	341551	44795933
828	342378	11941855
829	343206	28037243
830	344035	100017126
831	344865	35303595
832	345696	8324034
833	346528	9230433
834	347361	65939619
835	348195	8744514
836	349030	8226171
837	349866	52672605
838	350703	14460440
839	351541	56174754
840	352380	7617091
841	353220	75029218
842	354061	19741681
843	354903	33447570
844	355746	9929171
845	356590	23313850
846	357435	9358487
847	358281	24093091
848	359128	8251419
849	359976	22936749
850	360825	9873602
851	361675	8575631
852	362526	8659265
853	363378	7810336
854	364231	8750280
855	365085	6886356
856	365940	8852808
857	366796	9468061
858	367653	9125980
859	368511	7706814
860	369370	9437767
861	370230	11217162
862	371091	10567022
863	371953	10150757
864	372816	8533429
865	373680	51442521
866	374545	9209308
867	375411	9107007
868	376278	10893743
869	377146	53449614
870	378015	20638821
871	378885	97021995
872	379756	78273276
873	380628	51708740
874	381501	8790386
875	382375	9065837
876	383250	7764520
877	384126	9611472
878	385003	9117123
879	385881	44188054
880	386760	10029742
881	387640	65006101
882	388521	9526960
883	389403	39585265
884	390286	63688369
885	391170	31429916
886	392055	16533062
887	392941	10442971
888	393828	10621291
889	394716	10571429
890	395605	9244621
891	396495	12047031
892	397386	22342500
893	398278	12206923
894	399171	65666804
895	400065	13714812
896	400960	9987985
897	401856	9051803
898	402753	31112380
899	403651	41310853
900	404550	46452105
901	405450	11022129
902	406351	10646717
903	407253	13389843
904	408156	48218644
905	409060	37583871
906	409965	10984027
907	410871	10956552
908	411778	10782192
909	412686	13732388
910	413595	10782235
911	414505	10407883
912	415416	11517220
913	416328	11298089
914	417241	12486045
915	418155	12150845
916	419070	10931587
917	419986	80748205
918	420903	38681818
919	421821	9813349
920	422740	12012126
921	423660	12151081
922	424581	70675475
923	425503	10207001
924	426426	10639350
925	427350	13022790
926	428275	10431799
927	429201	21369230
928	430128	73155299
929	431056	43647564
930	431985	27711525
931	432915	59782783
932	433846	11241100
933	434778	75122293
934	435711	15454956
935	436645	47434803
936	437580	11623628
937	438516	11329845
938	439453	10119794
939	440391	11181245
940	441330	19873532
941	442270	49737880
942	443211	13909135
943	444153	14447223
944	445096	73932741
945	446040	19239996
946	446985	10810490
947	447931	60174480
948	448878	13391598
949	449826	11780423
950	450775	45477913
951	451725	14043398
952	452676	79370434
953	453628	44282695
954	454581	13145420
955	455535	17841152
956	456490	21963751
957	457446	12231152
958	458403	47879335
959	459361	61391145
960	460320	13575777
961	461280	88953375
962	462241	67094502
963	463203	26284389
964	464166	12470321
965	465130	25643528
966	466095	12635621
967	467061	13621546
968	468028	12209094
969	468996	12529921
970	469965	33127918
971	470935	74663908
972	471906	42975457
973	472878	18248609
974	473851	72055831
975	474825	47610287
976	475800	12392859
977	476776	13266718
978	477753	35559025
979	478731	32623278
980	479710	69706326
981	480690	22245854
982	481671	52631665
983	482653	33321190
984	483636	65460438
985	484620	77412258
986	485605	27551150
987	486591	12149193
988	487578	11912702
989	488566	11957681
990	489555	12203300
991	490545	12782354
992	491536	58941893
993	492528	10125655
994	493521	13630382
995	494515	18874453
996	495510	50197938
997	496506	39350347
998	497503	92632435
999	498501	31107525
1000	499500	13917660
1001	500500	27001757
1002	501501	12052803
1003	502503	20849289
1004	503506	35940085
1005	504510	84614749
1006	505515	69727028
1007	506521	13417451
1008	507528	75208067
1009	508536	52882014
1010	509545	12623549
1011	510555	12586837
1012	511566	12506685
1013	512578	36712721
1014	513591	13122131
1015	514605	62750354
1016	515620	28223836
1017	516636	12603935
1018	517653	12605702
1019	518671	48044723
1020	519690	24528349
1021	520710	12776230
1022	521731	19094735
1023	522753	29222510
1024	523776	55186172
1025	524800	17084528
1026	525825	13143488
1027	526851	12134306
1028	527878	50506841
1029	528906	77427089
1030	529935	11772360
1031	530965	57806540
1032	531996	13630442
1033	533028	104709559
1034	534061	38229286
1035	535095	12290712
1036	536130	111842198
1037	537166	12615990
1038	538203	48073680
1039	539241	55497308
1040	540280	53641654
1041	541320	19519543
1042	542361	28876092
1043	543403	31129170
1044	544446	14824420
1045	545490	70117737
1046	546535	57956081
1047	547581	11269109
1048	548628	60469618
1049	549676	14338293
1050	550725	12950051
1051	551775	63944700
1052	552826	35685347
1053	553878	93310119
1054	554931	94874144
1055	555985	89344844
1056	557040	12827233
1057	558096	12832499
1058	559153	14468908
1059	560211	82045661
1060	561270	13726166
1061	562330	11778708
1062	563391	13964644
1063	564453	103084083
1064	565516	11039870
1065	566580	14249227
1066	567645	108650079
1067	568711	38213272
1068	569778	23132622
1069	570846	76920199
1070	571915	19390671
1071	572985	17268528
1072	574056	14867731
1073	575128	14043247
1074	576201	14799513
1075	577275	19926543
1076	578350	15886489
1077	579426	17655595
1078	580503	16749859
1079	581581	106950567
1080	582660	14492533
1081	583740	14962829
1082	584821	53377859
1083	585903	48673068
1084	586986	13026540
1085	588070	83758171
1086	589155	14474018
1087	590241	77213999
1088	591328	15852636
1089	592416	98807323
1090	593505	16258136
1091	594595	15625711
1092	595686	14844938
1093	596778	35821717
1094	597871	14254141
1095	598965	19280881
1096	600060	60598081
1097	601156	15287984
1098	602253	63705819
1099	603351	120346531
1100	604450	107722339
1101	605550	48797323
1102	606651	14715076
1103	607753	12977174
1104	608856	114007761
1105	609960	83491443
1106	611065	12623062
1107	612171	69169245
1108	613278	13628750
1109	614386	97567321
1110	615495	16104990
1111	616605	17916806
1112	617716	15535112
1113	618828	30058701
1114	619941	65648886
1115	621055	69615858
1116	622170	96259329
1117	623286	103099420
1118	624403	47907162
1119	625521	16517132
1120	626640	39291420
1121	627760	13291559
1122	628881	75326746
1123	630003	15744339
1124	631126	106223157
1125	632250	110771475
1126	633375	83376650
1127	634501	15788741
1128	635628	64897434
1129	636756	15593220
1130	637885	30547346
1131	639015	14634408
1132	640146	117448372
1133	641278	74840577
1134	642411	16539007
1135	643545	13707689
1136	644680	14286477
1137	645816	14052491
1138	646953	61428782
1139	648091	37505048
1140	649230	56258047
1141	650370	17534699
1142	651511	15767786
1143	652653	79406517
1144	653796	18422241
1145	654940	18082157
1146	656085	27471819
1147	657231	127587148
1148	658378	92564514
1149	659526	16637932
1150	660675	21446344
1151	661825	58308988
1152	662976	27935774
1153	664128	16718637
1154	665281	22896564
1155	666435	100323024
1156	667590	18771613
1157	668746	15901205
1158	669903	16884213
1159	671061	71565406
1160	672220	34333381
1161	673380	16230844
1162	674541	55036125
1163	675703	16224275
1164	676866	64105468
1165	678030	96570419
1166	679195	15737015
1167	680361	60023485
1168	681528	85540129
1169	682696	38945952
1170	683865	33344230
1171	685035	17474775
1172	686206	82037476
1173	687378	17177576
1174	688551	19466837
1175	689725	21425640
1176	690900	17057678
1177	692076	17851623
1178	693253	19098675
1179	694431	96790403
1180	695610	17788783
1181	696790	18290397
1182	697971	15913031
1183	699153	16570940
1184	700336	98426230
1185	701520	16297782
1186	702705	16661826
1187	703891	16214990
1188	705078	56204851
1189	706266	42658630
1190	707455	36556584
1191	708645	16570694
1192	709836	70816403
1193	711028	113552728
1194	712221	94447851
1195	713415	17865561
1196	714610	138848656
1197	715806	17929128
1198	717003	20282353
1199	718201	18904125
1200	719400	108484142
1201	720600	19571386
1202	721801	15027491
1203	723003	104956744
1204	724206	58345273
1205	725410	17597646
1206	726615	90003225
1207	727821	68415314
1208	729028	76210467
1209	730236	84869516
1210	731445	17752514
1211	732655	27324410
1212	733866	111301995
1213	735078	25737364
1214	736291	94093227
1215	737505	118726385
1216	738720	104097180
1217	739936	23004152
1218	741153	108548945
1219	742371	72819306
1220	743590	105962866
1221	744810	127037089
1222	746031	56786654
1223	747253	21223316
1224	748476	65075181
1225	749700	53826827
1226	750925	56360507
1227	752151	19481467
1228	753378	27914498
1229	754606	97890260
1230	755835	135334387
1231	757065	18605277
1232	758296	28574121
1233	759528	19008066
1234	760761	113467116
1235	761995	38357395
1236	763230	17726947
1237	764466	49669409
1238	765703	102812129
1239	766941	117501708
1240	768180	116841744
1241	769420	19348079
1242	770661	55199475
1243	771903	75399276
1244	773146	71445191
1245	774390	170805157
1246	775635	44229564
1247	776881	38175001
1248	778128	97544876
1249	779376	66746874
1250	780625	128788210
1251	781875	23974996
1252	783126	60582318
1253	784378	16713339
1254	785631	43379529
1255	786885	71866454
1256	788140	18294048
1257	789396	137727610
1258	790653	47924455
1259	791911	51426276
1260	793170	19558756
1261	794430	56761427
1262	795691	17759837
1263	796953	20057358
1264	798216	80543916
1265	799480	17140971
1266	800745	17198803
1267	802011	16956531
1268	803278	86970350
1269	804546	56736672
1270	805815	94403983
1271	807085	80192292
1272	808356	124818449
1273	809628	17706588
1274	810901	21402007
1275	812175	78045370
1276	813450	23738087
1277	814726	20310033
1278	816003	64256119
1279	817281	20311934
1280	818560	21034210
1281	819840	18562422
1282	821121	20068375
1283	822403	62129236
1284	823686	51071621
1285	824970	21718602
1286	826255	33818412
1287	827541	97491179
1288	828828	129335986
1289	830116	78218235
1290	831405	20744192
1291	832695	21746688
1292	833986	19515833
1293	835278	17549149
1294	836571	120588414
1295	837865	20516522
1296	839160	131170569
1297	840456	84610856
1298	841753	138160685
1299	843051	133116696
1300	844350	22995874
1301	845650	19880349
1302	846951	97622517
1303	848253	25054637
1304	849556	25310899
1305	850860	22866931
1306	852165	125579226
1307	853471	20515784
1308	854778	29272285
1309	856086	25791315
1310	857395	143501434
1311	858705	35586951
1312	860016	66572946
1313	861328	78385387
1314	862641	21647260
1315	863955	82536753
1316	865270	21911892
1317	866586	19423581
1318	867903	20277631
1319	869221	18596593
1320	870540	18056625
1321	871860	37805030
1322	873181	133174468
1323	874503	22188065
1324	875826	20156933
1325	877150	20332874
1326	878475	22343448
1327	879801	21664529
1328	881128	25149637
1329	882456	50923703
1330	883785	113710564
1331	885115	89350766
1332	886446	26335109
1333	887778	20217918
1334	889111	31316344
1335	890445	133006221
1336	891780	21061613
1337	893116	25351153
1338	894453	160184580
1339	895791	75393482
1340	897130	63979629
1341	898470	143276406
1342	899811	113042069
1343	901153	22814988
1344	902496	111157417
1345	903840	18233751
1346	905185	21265733
1347	906531	21878130
1348	907878	89364262
1349	909226	23471805
1350	910575	21564780
1351	911925	135756599
1352	913276	19053770
1353	914628	122725366
1354	915981	151305842
1355	917335	149061830
1356	918690	94117479
1357	920046	21308972
1358	921403	21289796
1359	922761	21539032
1360	924120	24114747
1361	925480	137134448
1362	926841	26761860
1363	928203	163602838
1364	929566	44065158
1365	930930	24154095
1366	932295	24403283
1367	933661	25941322
1368	935028	25015222
1369	936396	148425864
1370	937765	114489204
1371	939135	24733655
1372	940506	70021048
1373	941878	21861274
1374	943251	18989162
1375	944625	95129195
1376	946000	19756572
1377	947376	70732600
1378	948753	23556687
1379	950131	132522948
1380	951510	23739354
1381	952890	172971806
1382	954271	19416080
1383	955653	24616372
1384	957036	153794145
1385	958420	22209185
1386	959805	29464573
1387	961191	141381629
1388	962578	106699119
1389	963966	24732502
1390	965355	99559816
1391	966745	21482086
1392	968136	117142251
1393	969528	34790455
1394	970921	22354820
1395	972315	78326213
1396	973710	20886163
1397	975106	123584483
1398	976503	22479507
1399	977901	117782865
1400	979300	25494556
1401	980700	20366158
1402	982101	149914333
1403	983503	85263748
1404	984906	24354233
1405	986310	23740184
1406	987715	150733486
1407	989121	51750181
1408	990528	23679541
1409	991936	131828016
1410	993345	24328066
1411	994755	25996573
1412	996166	24689499
1413	997578	22910819
1414	998991	96951554
1415	1000405	21151932
1416	1001820	22521140
1417	1003236	102268971
1418	1004653	22619925
1419	1006071	96649281
1420	1007490	22489198
1421	1008910	101753623
1422	1010331	171439010
1423	1011753	178594928
1424	1013176	36434750
1425	1014600	24149956
1426	1016025	158888413
1427	1017451	23168291
1428	1018878	88862369
1429	1020306	25279089
1430	1021735	71021707
1431	1023165	99905111
1432	1024596	24239290
1433	1026028	28968220
1434	1027461	43113287
1435	1028895	21811347
1436	1030330	26036671
1437	1031766	149836861
1438	1033203	30185575
1439	1034641	159656902
1440	1036080	42313825
1441	1037520	25166460
1442	1038961	34574906
1443	1040403	81273400
1444	1041846	28438020
1445	1043290	22517376
1446	1044735	71630624
1447	1046181	39685667
1448	1047628	25669238
1449	1049076	132659292
1450	1050525	28382134
1451	1051975	128756728
1452	1053426	28820254
1453	1054878	184448726
1454	1056331	26550795
1455	1057785	26105137
1456	1059240	173846040
1457	1060696	23444387
1458	1062153	25296620
1459	1063611	123293455
1460	1065070	163227368
1461	1066530	111646452
1462	1067991	47552023
1463	1069453	30903173
1464	1070916	25716595
1465	1072380	90780358
1466	1073845	24958119
1467	1075311	30457279
1468	1076778	129550505
1469	1078246	24412340
1470	1079715	26945554
1471	1081185	142387555
1472	1082656	29215950
1473	1084128	126775285
1474	1085601	112368519
1475	1087075	93097495
1476	1088550	129499424
1477	1090026	172714423
1478	1091503	138853240
1479	1092981	25555532
1480	1094460	24739634
1481	1095940	22964963
1482	1097421	28081697
1483	1098903	28806124
1484	1100386	29563865
1485	1101870	105339146
1486	1103355	103415902
1487	1104841	25391913
1488	1106328	26336195
1489	1107816	31587079
1490	1109305	26384817
1491	1110795	25785439
1492	1112286	54131056
1493	1113778	126205129
1494	1115271	29305249
1495	1116765	189384679
1496	1118260	139979447
1497	1119756	48234873
1498	1121253	29452415
1499	1122751	28674874
1500	1124250	50082742
1501	1125750	46686673
1502	1127251	32471616
1503	1128753	27925707
1504	1130256	150051772
1505	1131760	185158296
1506	1133265	27779360
1507	1134771	98780052
1508	1136278	26039811
1509	1137786	26519030
1510	1139295	26398907
1511	1140805	124384165
1512	1142316	26477188
1513	1143828	68577366
1514	1145341	192701578
1515	1146855	30990036
1516	1148370	31216416
1517	1149886	175647230
1518	1151403	28668576
1519	1152921	73959017
1520	1154440	184171818
1521	1155960	177851476
1522	1157481	164674424
1523	1159003	98196221
1524	1160526	32811275
1525	1162050	143568991
1526	1163575	143705406
1527	1165101	155602563
1528	1166628	62984759
1529	1168156	26412583
1530	1169685	33258450
1531	1171215	192079187
1532	1172746	71900284
1533	1174278	35950480
1534	1175811	111247184
1535	1177345	30339869
1536	1178880	187744352
1537	1180416	29508308
1538	1181953	29727181
1539	1183491	80104092
1540	1185030	28259748
1541	1186570	191534352
1542	1188111	25411100
1543	1189653	31443983
1544	1191196	151671940
1545	1192740	57076058
1546	1194285	27814834
1547	1195831	31676095
1548	1197378	110774999
1549	1198926	26652413
1550	1200475	30608989
1551	1202025	27604876
1552	1203576	29154620
1553	1205128	29457661
1554	1206681	196252627
1555	1208235	27093492
1556	1209790	30589532
1557	1211346	32739584
1558	1212903	31434556
1559	1214461	108455632
1560	1216020	27348105
1561	1217580	111930199
1562	1219141	29872050
1563	1220703	194086189
1564	1222266	42077270
1565	1223830	30569635
1566	1225395	99642835
1567	1226961	105715933
1568	1228528	176687893
1569	1230096	31769504
1570	1231665	35530232
1571	1233235	186439683
1572	1234806	31987675
1573	1236378	29322161
1574	1237951	146535524
1575	1239525	29457385
1576	1241100	62422186
1577	1242676	33759216
1578	1244253	49372088
1579	1245831	187645488
1580	1247410	157700765
1581	1248990	27900825
1582	1250571	145077946
1583	1252153	28281321
1584	1253736	31392285
1585	1255320	31903631
1586	1256905	77920426
1587	1258491	110075206
1588	1260078	30928416
1589	1261666	206001557
1590	1263255	29329179
1591	1264845	199553441
1592	1266436	84023285
1593	1268028	235262512
1594	1269621	58799308
1595	1271215	51738721
1596	1272810	26930639
1597	1274406	187012941
1598	1276003	27329516
1599	1277601	117372382
1600	1279200	208695477
1601	1280800	69854683
1602	1282401	30901690
1603	1284003	30762652
1604	1285606	142307157
1605	1287210	31228605
1606	1288815	40976140
1607	1290421	100767515
1608	1292028	196727863
1609	1293636	50839047
1610	1295245	182207514
1611	1296855	34573593
1612	1298466	87025224
1613	1300078	227104599
1614	1301691	34262229
1615	1303305	27479451
1616	1304920	34409480
1617	1306536	56342361
1618	1308153	195681570
1619	1309771	159480502
1620	1311390	75251364
1621	1313010	36886296
1622	1314631	33163045
1623	1316253	110029150
1624	1317876	29633247
1625	1319500	35889727
1626	1321125	32305955
1627	1322751	32684337
1628	1324378	99254561
1629	1326006	32739903
1630	1327635	36871689
1631	1329265	32171126
1632	1330896	30349842
1633	1332528	65410857
1634	1334161	113099155
1635	1335795	31736015
1636	1337430	30743119
1637	1339066	181162399
1638	1340703	40755348
1639	1342341	32226501
1640	1343980	33906602
1641	1345620	202001341
1642	1347261	30319063
1643	1348903	30503891
1644	1350546	187037714
1645	1352190	35979257
1646	1353835	33008287
1647	1355481	186627716
1648	1357128	32623510
1649	1358776	191123270
1650	1360425	119399420
1651	1362075	32109477
1652	1363726	176244207
1653	1365378	35304178
1654	1367031	211655450
1655	1368685	90503878
1656	1370340	103141378
1657	1371996	32612099
1658	1373653	39590954
1659	1375311	126118765
1660	1376970	33494021
1661	1378630	106149918
1662	1380291	117829742
1663	1381953	38444457
1664	1383616	36355335
1665	1385280	172036390
1666	1386945	33576409
1667	1388611	241737244
1668	1390278	87273389
1669	1391946	42523139
1670	1393615	33058563
1671	1395285	36258142
1672	1396956	81161819
1673	1398628	35608401
1674	1400301	42974534
1675	1401975	179389731
1676	1403650	97856588
1677	1405326	31351759
1678	1407003	150665773
1679	1408681	35655534
1680	1410360	198713274
1681	1412040	91457411
1682	1413721	37758470
1683	1415403	129729702
1684	1417086	192521611
1685	1418770	32494804
1686	1420455	31778314
1687	1422141	29184481
1688	1423828	36939290
1689	1425516	38356310
1690	1427205	219971683
1691	1428895	35236872
1692	1430586	161996353
1693	1432278	34102489
1694	1433971	126467918
1695	1435665	194376919
1696	1437360	232720033
1697	1439056	191952257
1698	1440753	203921561
1699	1442451	58947109
1700	1444150	34659388
1701	1445850	37140897
1702	1447551	170774259
1703	1449253	34290483
1704	1450956	165646430
1705	1452660	34796137
1706	1454365	34152333
1707	1456071	39064007
1708	1457778	37625583
1709	1459486	41325575
1710	1461195	36066449
1711	1462905	33902371
1712	1464616	152601530
1713	1466328	36956229
1714	1468041	200536593
1715	1469755	36323106
1716	1471470	34901188
1717	1473186	70539971
1718	1474903	44066127
1719	1476621	32878015
1720	1478340	35329963
1721	1480060	33652146
1722	1481781	40673373
1723	1483503	119135545
1724	1485226	34924164
1725	1486950	37394003
1726	1488675	32849073
1727	1490401	37723391
1728	1492128	40656938
1729	1493856	108530468
1730	1495585	261275799
1731	1497315	142519269
1732	1499046	217702907
1733	1500778	38855277
1734	1502511	186331492
1735	1504245	43089266
1736	1505980	38258827
1737	1507716	242609201
1738	1509453	158439819
1739	1511191	37464141
1740	1512930	62852303
1741	1514670	247363670
1742	1516411	37887833
1743	1518153	219790397
1744	1519896	36819598
1745	1521640	36617210
1746	1523385	36735460
1747	1525131	38681801
1748	1526878	266096097
1749	1528626	136493083
1750	1530375	214163317
1751	1532125	197382811
1752	1533876	39529186
1753	1535628	38268898
1754	1537381	217712528
1755	1539135	39988422
1756	1540890	217100196
1757	1542646	207946662
1758	1544403	100120827
1759	1546161	58345512
1760	1547920	167288047
1761	1549680	180158178
1762	1551441	38532410
1763	1553203	41118388
1764	1554966	41471449
1765	1556730	38238114
1766	1558495	219259852
1767	1560261	195349778
1768	1562028	105508718
1769	1563796	37415692
1770	1565565	37560589
1771	1567335	94768150
1772	1569106	45426840
1773	1570878	141142098
1774	1572651	53257052
1775	1574425	37173008
1776	1576200	87189506
1777	1577976	173638573
1778	1579753	44816885
1779	1581531	33924640
1780	1583310	39748875
1781	1585090	38921161
1782	1586871	156387968
1783	1588653	40976700
1784	1590436	227897485
1785	1592220	37261268
1786	1594005	234071000
1787	1595791	118635912
1788	1597578	42128963
1789	1599366	57236520
1790	1601155	77460863
1791	1602945	42039155
1792	1604736	70565487
1793	1606528	243768065
1794	1608321	178380851
1795	1610115	39495028
1796	1611910	43581871
1797	1613706	51439226
1798	1615503	233514279
1799	1617301	78657019
1800	1619100	214037504
1801	1620900	36505184
1802	1622701	240360340
1803	1624503	55295351
1804	1626306	43910326
1805	1628110	46239347
1806	1629915	223701509
1807	1631721	150640943
1808	1633528	47288320
1809	1635336	50809219
1810	1637145	259710369
1811	1638955	134256332
1812	1640766	44340487
1813	1642578	140570874
1814	1644391	48638117
1815	1646205	257048071
1816	1648020	40882121
1817	1649836	39267035
1818	1651653	99150974
1819	1653471	105772891
1820	1655290	43865601
1821	1657110	45271730
1822	1658931	87865581
1823	1660753	81777789
1824	1662576	339667774
1825	1664400	242080923
1826	1666225	113185689
1827	1668051	50157758
1828	1669878	43960939
1829	1671706	91310473
1830	1673535	81244429
1831	1675365	42311722
1832	1677196	40955134
1833	1679028	42499687
1834	1680861	267702545
1835	1682695	44716112
1836	1684530	265558351
1837	1686366	94852291
1838	1688203	46568294
1839	1690041	42150723
1840	1691880	208552488
1841	1693720	134136518
1842	1695561	43442289
1843	1697403	50817779
1844	1699246	57112114
1845	1701090	50557477
1846	1702935	47647043
1847	1704781	286318818
1848	1706628	195583582
1849	1708476	46415942
1850	1710325	302601903
1851	1712175	172190219
1852	1714026	99217435
1853	1715878	41413363
1854	1717731	47437875
1855	1719585	121440700
1856	1721440	41188429
1857	1723296	37710688
1858	1725153	76913290
1859	1727011	133949306
1860	1728870	42277559
1861	1730730	43040448
1862	1732591	41745755
1863	1734453	44760064
1864	1736316	157337580
1865	1738180	41849992
1866	1740045	40567486
1867	1741911	42848273
1868	1743778	45857215
1869	1745646	49267970
1870	1747515	46008981
1871	1749385	45133019
1872	1751256	197823236
1873	1753128	291042039
1874	1755001	47430211
1875	1756875	317118683
1876	1758750	227448545
1877	1760626	155085429
1878	1762503	71369158
1879	1764381	47326823
1880	1766260	41543044
1881	1768140	189967999
1882	1770021	122499326
1883	1771903	45226114
1884	1773786	52633068
1885	1775670	249784894
1886	1777555	46347419
1887	1779441	89687021
1888	1781328	54953667
1889	1783216	269925735
1890	1785105	278968767
1891	1786995	253132491
1892	1788886	49657521
1893	1790778	288612418
1894	1792671	48640221
1895	1794565	274212622
1896	1796460	41896037
1897	1798356	163522013
1898	1800253	249343149
1899	1802151	223706229
1900	1804050	42949086
1901	1805950	80329311
1902	1807851	145104530
1903	1809753	94464009
1904	1811656	51570125
1905	1813560	43277504
1906	1815465	80458554
1907	1817371	273090645
1908	1819278	44751807
1909	1821186	342944092
1910	1823095	46269412
1911	1825005	231189740
1912	1826916	54880439
1913	1828828	327496760
1914	1830741	94821429
1915	1832655	48368106
1916	1834570	230025642
1917	1836486	70241756
1918	1838403	98685926
1919	1840321	74559430
1920	1842240	41951180
1921	1844160	52865732
1922	1846081	56282848
1923	1848003	42934228
1924	1849926	47806032
1925	1851850	49653252
1926	1853775	221577341
1927	1855701	52167088
1928	1857628	52958080
1929	1859556	116169820
1930	1861485	128281683
1931	1863415	48784042
1932	1865346	48116148
1933	1867278	52232233
1934	1869211	49763679
1935	1871145	100577411
1936	1873080	169269736
1937	1875016	309140046
1938	1876953	48414919
1939	1878891	158765031
1940	1880830	214347508
1941	1882770	326559838
1942	1884711	278492598
1943	1886653	287530500
1944	1888596	266678069
1945	1890540	52526669
1946	1892485	59278027
1947	1894431	138826416
1948	1896378	57959257
1949	1898326	290262418
1950	1900275	55710320
1951	1902225	380799642
1952	1904176	185824693
1953	1906128	47131052
1954	1908081	50202291
1955	1910035	57135127
1956	1911990	65818623
1957	1913946	47033878
1958	1915903	50927795
1959	1917861	46994030
1960	1919820	49758982
1961	1921780	303941596
1962	1923741	288049721
1963	1925703	268338350
1964	1927666	156370565
1965	1929630	302990247
1966	1931595	180687089
1967	1933561	53115995
1968	1935528	119073728
1969	1937496	269199413
1970	1939465	53175260
1971	1941435	49667333
1972	1943406	292471965
1973	1945378	129811795
1974	1947351	238067062
1975	1949325	53729344
1976	1951300	65241254
1977	1953276	63756053
1978	1955253	172547625
1979	1957231	52475753
1980	1959210	297475483
1981	1961190	49206309
1982	1963171	176221804
1983	1965153	286454758
1984	1967136	300051614
1985	1969120	334422561
1986	1971105	51032779
1987	1973091	50181124
1988	1975078	57718489
1989	1977066	46472245
1990	1979055	49988680
1991	1981045	52701842
1992	1983036	312677143
1993	1985028	44036948
1994	1987021	57780144
1995	1989015	99962237
1996	1991010	50775129
1997	1993006	281319667
1998	1995003	323269533
1999	1997001	341348132
2000	1999000	49869578
2001	2001000	47732193
2002	2003001	48444951
2003	2005003	54083230
2004	2007006	49964930
2005	2009010	312588642
2006	2011015	50768394
2007	2013021	343453247
2008	2015028	146658442
2009	2017036	127790003
2010	2019045	176640543
2011	2021055	57837027
2012	2023066	48926127
2013	2025078	55202387
2014	2027091	112128537
2015	2029105	152116229
2016	2031120	263362406
2017	2033136	94996080
2018	2035153	56726666
2019	2037171	53095220
2020	2039190	62654655
2021	2041210	54877784
2022	2043231	52566632
2023	2045253	79887901
2024	2047276	53951082
2025	2049300	54530285
2026	2051325	50750985
2027	2053351	235567715
2028	2055378	63594443
2029	2057406	214142522
2030	2059435	50589761
2031	2061465	47637961
2032	2063496	51817191
2033	2065528	187761243
2034	2067561	58310741
2035	2069595	238074568
2036	2071630	116964307
2037	2073666	287206550
2038	2075703	50083976
2039	2077741	58051646
2040	2079780	138123167
2041	2081820	50389620
2042	2083861	70389756
2043	2085903	61042715
2044	2087946	298905880
2045	2089990	53212809
2046	2092035	168687343
2047	2094081	280625064
2048	2096128	215435518
2049	2098176	54213495
2050	2100225	375647809
2051	2102275	56746778
2052	2104326	311220297
2053	2106378	199806296
2054	2108431	149063420
2055	2110485	54782996
2056	2112540	53030076
2057	2114596	62694358
2058	2116653	47950875
2059	2118711	50397797
2060	2120770	120324852
2061	2122830	317923625
2062	2124891	48546942
2063	2126953	263711759
2064	2129016	182307993
2065	2131080	355666900
2066	2133145	335322879
2067	2135211	48823137
2068	2137278	263974564
2069	2139346	95676521
2070	2141415	50694757
2071	2143485	55400341
2072	2145556	155928339
2073	2147628	301286125
2074	2149701	51967977
2075	2151775	346953154
2076	2153850	52545062
2077	2155926	325997411
2078	2158003	52573761
2079	2160081	53202853
2080	2162160	236888422
2081	2164240	48792553
2082	2166321	55855786
2083	2168403	49414866
2084	2170486	53875947
2085	2172570	52977963
2086	2174655	229737653
2087	2176741	51586620
2088	2178828	53545024
2089	2180916	53317770
2090	2183005	53784280
2091	2185095	54519565
2092	2187186	241331109
2093	2189278	56552939
2094	2191371	173329023
2095	2193465	334342160
2096	2195560	58140736
2097	2197656	265678417
2098	2199753	55267278
2099	2201851	380283362
2100	2203950	132413953
2101	2206050	78085682
2102	2208151	59287034
2103	2210253	100940158
2104	2212356	114215977
2105	2214460	226588127
2106	2216565	309909998
2107	2218671	91520132
2108	2220778	53945566
2109	2222886	59804131
2110	2224995	309427091
2111	2227105	53667812
2112	2229216	60377058
2113	2231328	61275637
2114	2233441	60301069
2115	2235555	53765472
2116	2237670	70042918
2117	2239786	58167885
2118	2241903	48494829
2119	2244021	113470719
2120	2246140	293700908
2121	2248260	85336444
2122	2250381	57807684
2123	2252503	56185314
2124	2254626	68863609
2125	2256750	56444802
2126	2258875	56065366
2127	2261001	187003264
2128	2263128	261095759
2129	2265256	248998019
2130	2267385	62452718
2131	2269515	57831156
2132	2271646	53407465
2133	2273778	262706587
2134	2275911	336546086
2135	2278045	56675212
2136	2280180	63451343
2137	2282316	100688595
2138	2284453	129731388
2139	2286591	113563258
2140	2288730	60557557
2141	2290870	63877482
2142	2293011	63114492
2143	2295153	96955691
2144	2297296	89988585
2145	2299440	65526908
2146	2301585	242230594
2147	2303731	128517639
2148	2305878	61445228
2149	2308026	56107072
2150	2310175	62214044
2151	2312325	355434304
2152	2314476	190411446
2153	2316628	306108265
2154	2318781	75437516
2155	2320935	60810010
2156	2323090	368451966
2157	2325246	185256240
2158	2327403	242884245
2159	2329561	194958594
2160	2331720	57079147
2161	2333880	53621029
2162	2336041	57433792
2163	2338203	57117105
2164	2340366	126632448
2165	2342530	113044191
2166	2344695	131344652
2167	2346861	61826987
2168	2349028	58892690
2169	2351196	60222020
2170	2353365	57378150
2171	2355535	53594007
2172	2357706	59928826
2173	2359878	79368240
2174	2362051	58376313
2175	2364225	66133084
2176	2366400	59255964
2177	2368576	351267650
2178	2370753	64864431
2179	2372931	359442252
2180	2375110	60005655
2181	2377290	54271112
2182	2379471	330892220
2183	2381653	205081436
2184	2383836	160738542
2185	2386020	63495195
2186	2388205	63643761
2187	2390391	70152830
2188	2392578	55184779
2189	2394766	94593535
2190	2396955	350518631
2191	2399145	76352274
2192	2401336	59920495
2193	2403528	57629594
2194	2405721	58754354
2195	2407915	62063553
2196	2410110	59320737
2197	2412306	61719648
2198	2414503	66780989
2199	2416701	58769553
2200	2418900	400581074
2201	2421100	158671714
2202	2423301	66432212
2203	2425503	71050461
2204	2427706	61716670
2205	2429910	63852625
2206	2432115	231196312
2207	2434321	71765248
2208	2436528	57992453
2209	2438736	55481482
2210	2440945	59712771
2211	2443155	55792395
2212	2445366	58510063
2213	2447578	57299566
2214	2449791	61742397
2215	2452005	60901325
2216	2454220	106793354
2217	2456436	62739037
2218	2458653	60955922
2219	2460871	167341061
2220	2463090	60732205
2221	2465310	75467886
2222	2467531	72233270
2223	2469753	60909080
2224	2471976	276938229
2225	2474200	71307424
2226	2476425	86497158
2227	2478651	403165213
2228	2480878	335712206
2229	2483106	300422284
2230	2485335	273314047
2231	2487565	299452129
2232	2489796	60997034
2233	2492028	58867580
2234	2494261	75282627
2235	2496495	60339810
2236	2498730	106749960
2237	2500966	99216520
2238	2503203	58301314
2239	2505441	66731436
2240	2507680	71977595
2241	2509920	66755072
2242	2512161	63706938
2243	2514403	64161781
2244	2516646	171425541
2245	2518890	117782581
2246	2521135	62972437
2247	2523381	64685324
2248	2525628	372550072
2249	2527876	65460502
2250	2530125	400324108
2251	2532375	323856731
2252	2534626	189928132
2253	2536878	507221073
2254	2539131	260166501
2255	2541385	85110512
2256	2543640	420738652
2257	2545896	64548650
2258	2548153	256915281
2259	2550411	279788577
2260	2552670	160614135
2261	2554930	70095655
2262	2557191	224412164
2263	2559453	82852594
2264	2561716	87063717
2265	2563980	220260744
2266	2566245	61946912
2267	2568511	370794856
2268	2570778	66228756
2269	2573046	415961593
2270	2575315	203255495
2271	2577585	65259344
2272	2579856	63691897
2273	2582128	70792552
2274	2584401	70243809
2275	2586675	187518365
2276	2588950	407865866
2277	2591226	231831585
2278	2593503	64463685
2279	2595781	72895830
2280	2598060	186892906
2281	2600340	414659987
2282	2602621	66892518
2283	2604903	438452238
2284	2607186	259203508
2285	2609470	169933780
2286	2611755	146310275
2287	2614041	68705723
2288	2616328	74934771
2289	2618616	257571991
2290	2620905	207207663
2291	2623195	60454463
2292	2625486	68264339
2293	2627778	63789535
2294	2630071	403692518
2295	2632365	63367861
2296	2634660	390436191
2297	2636956	247729275
2298	2639253	63991086
2299	2641551	149053841
2300	2643850	394907095
2301	2646150	458435318
2302	2648451	336906977
2303	2650753	69808899
2304	2653056	69246604
2305	2655360	70473822
2306	2657665	67559850
2307	2659971	400281222
2308	2662278	67450515
2309	2664586	478874335
2310	2666895	104843057
2311	2669205	65255543
2312	2671516	70630816
2313	2673828	490287870
2314	2676141	139953194
2315	2678455	74492155
2316	2680770	72465795
2317	2683086	77160388
2318	2685403	201889961
2319	2687721	66684585
2320	2690040	352787649
2321	2692360	73563687
2322	2694681	77504686
2323	2697003	329097330
2324	2699326	221232292
2325	2701650	300702881
2326	2703975	529774845
2327	2706301	354812521
2328	2708628	319728142
2329	2710956	255988180
2330	2713285	70359154
2331	2715615	61461473
2332	2717946	69457696
2333	2720278	327609694
2334	2722611	68728709
2335	2724945	193338077
2336	2727280	68867022
2337	2729616	202094663
2338	2731953	463192916
2339	2734291	443510666
2340	2736630	107598743
2341	2738970	82937824
2342	2741311	76923305
2343	2743653	64737915
2344	2745996	75983759
2345	2748340	73496056
2346	2750685	67427086
2347	2753031	65840355
2348	2755378	86719922
2349	2757726	62443718
2350	2760075	80152854
2351	2762425	102182675
2352	2764776	99335744
2353	2767128	145439099
2354	2769481	139311623
2355	2771835	46763461
2356	2774190	47308434
2357	2776546	47348145
2358	2778903	46977116
2359	2781261	46588976
2360	2783620	130721123
2361	2785980	47687526
2362	2788341	47182692
2363	2790703	72389333
2364	2793066	47964017
2365	2795430	93197759
2366	2797795	99386790
2367	2800161	168836215
2368	2802528	47469717
2369	2804896	49430990
2370	2807265	175174215
2371	2809635	50766428
2372	2812006	106013327
2373	2814378	48841166
2374	2816751	49158131
2375	2819125	47473393
2376	2821500	77974603
2377	2823876	53277643
2378	2826253	49367205
2379	2828631	47247934
2380	2831010	160153055
2381	2833390	48683964
2382	2835771	47537412
2383	2838153	92706325
2384	2840536	49418110
2385	2842920	140178851
2386	2845305	162541119
2387	2847691	47560736
2388	2850078	49333879
2389	2852466	52177287
2390	2854855	49152835
2391	2857245	157582940
2392	2859636	50224815
2393	2862028	50794340
2394	2864421	49290059
2395	2866815	49474595
2396	2869210	49537264
2397	2871606	132998224
2398	2874003	48698922
2399	2876401	48088294
2400	2878800	48062064
2401	2881200	47020426
2402	2883601	49747086
2403	2886003	53202615
2404	2888406	48505395
2405	2890810	89481865
2406	2893215	172201813
2407	2895621	53461994
2408	2898028	51496985
2409	2900436	50891680
2410	2902845	50914323
2411	2905255	139579344
2412	2907666	162041012
2413	2910078	50742088
2414	2912491	51027370
2415	2914905	49974478
2416	2917320	134763869
2417	2919736	149107163
2418	2922153	49595926
2419	2924571	51391650
2420	2926990	122602240
2421	2929410	166259038
2422	2931831	50597722
2423	2934253	52534386
2424	2936676	176435396
2425	2939100	49699785
2426	2941525	53287283
2427	2943951	175543409
2428	2946378	51380376
2429	2948806	52975290
2430	2951235	148628227
2431	2953665	50909587
2432	2956096	51905418
2433	2958528	100812435
2434	2960961	55835882
2435	2963395	50657616
2436	2965830	131336643
2437	2968266	190210639
2438	2970703	51369568
2439	2973141	54473118
2440	2975580	51515885
2441	2978020	50934085
2442	2980461	52527901
2443	2982903	180999764
2444	2985346	52333890
2445	2987790	136432237
2446	2990235	180176803
2447	2992681	50571173
2448	2995128	54235368
2449	2997576	52013742
2450	3000025	140415103
2451	3002475	52170167
2452	3004926	50831090
2453	3007378	52847872
2454	3009831	74828745
2455	3012285	116947917
2456	3014740	106936343
2457	3017196	52589078
2458	3019653	54171172
2459	3022111	52918455
2460	3024570	52447033
2461	3027030	139239132
2462	3029491	51431353
2463	3031953	164161608
2464	3034416	53878344
2465	3036880	128894563
2466	3039345	55889965
2467	3041811	55218959
2468	3044278	82942036
2469	3046746	53573852
2470	3049215	121780876
2471	3051685	53098426
2472	3054156	56567864
2473	3056628	54167101
2474	3059101	120046825
2475	3061575	54399276
2476	3064050	53914398
2477	3066526	51452407
2478	3069003	52195955
2479	3071481	51950517
2480	3073960	51536866
2481	3076440	124015761
2482	3078921	51940107
2483	3081403	122267261
2484	3083886	51174381
2485	3086370	116600896
2486	3088855	51858023
2487	3091341	119196633
2488	3093828	51104848
2489	3096316	117580656
2490	3098805	51137280
2491	3101295	49953830
2492	3103786	53998991
2493	3106278	54714564
2494	3108771	53456480
2495	3111265	76053385
2496	3113760	54906620
2497	3116256	95949903
2498	3118753	52004882
2499	3121251	124827785
2500	3123750	51587066
