100	4950	20539
101	5050	25475
102	5151	21617
103	5253	19352
104	5356	21038
105	5460	19372
106	5565	328629
107	5671	247474
108	5778	18825
109	5886	20485
110	5995	23369
111	6105	39893
112	6216	20691
113	6328	104263
114	6441	21316
115	6555	27393
116	6670	27317
117	6786	20617
118	6903	20188
119	7021	30211
120	7140	21789
121	7260	25134
122	7381	331038
123	7503	34218
124	7626	20945
125	7750	22227
126	7875	21851
127	8001	24869
128	8128	20179
129	8256	21954
130	8385	21987
131	8515	27116
132	8646	21624
133	8778	21794
134	8911	21078
135	9045	33002
136	9180	33315
137	9316	28683
138	9453	21850
139	9591	29702
140	9730	22276
141	9870	22497
142	10011	22549
143	10153	22615
144	10296	307035
145	10440	21780
146	10585	21943
147	10731	23662
148	10878	20601
149	11026	241201
150	11175	22029
151	11325	23333
152	11476	20727
153	11628	20603
154	11781	24122
155	11935	25356
156	12090	22074
157	12246	22048
158	12403	39917
159	12561	19878
160	12720	22335
161	12880	23661
162	13041	24141
163	13203	21054
164	13366	25150
165	13530	22698
166	13695	23341
167	13861	35586
168	14028	23463
169	14196	21025
170	14365	20374
171	14535	23201
172	14706	26384
173	14878	29447
174	15051	20580
175	15225	27620
176	15400	22979
177	15576	41330
178	15753	23789
179	15931	24155
180	16110	117076
181	16290	23490
182	16471	20961
183	16653	40317
184	16836	23673
185	17020	61258
186	17205	20644
187	17391	23945
188	17578	21141
189	17766	20821
190	17955	23812
191	18145	20903
192	18336	23014
193	18528	24812
194	18721	23239
195	18915	24363
196	19110	24451
197	19306	124776
198	19503	23576
199	19701	23586
200	19900	21284
201	20100	245464
202	20301	25883
203	20503	25383
204	20706	26300
205	20910	37144
206	21115	27540
207	21321	25246
208	21528	24688
209	21736	24002
210	21945	23816
211	22155	25640
212	22366	21809
213	22578	25257
214	22791	24657
215	23005	21869
216	23220	33545
217	23436	25315
218	23653	25017
219	23871	25086
220	24090	25774
221	24310	26896
222	24531	24475
223	24753	24387
224	24976	24760
225	25200	22959
226	25425	156058
227	25651	25570
228	25878	28835
229	26106	25184
230	26335	22640
231	26565	26225
232	26796	25786
233	27028	25071
234	27261	27711
235	27495	26003
236	27730	25313
237	27966	26992
238	28203	26230
239	28441	32614
240	28680	25294
241	28920	35976
242	29161	40518
243	29403	22971
244	29646	26121
245	29890	22535
246	30135	25843
247	30381	27116
248	30628	26610
249	30876	23563
250	31125	26562
251	31375	25575
252	31626	27015
253	31878	27063
254	32131	28003
255	32385	26862
256	32640	26534
257	32896	23499
258	33153	27674
259	33411	28818
260	33670	28694
261	33930	29023
262	34191	27580
263	34453	27379
264	34716	28384
265	34980	28494
266	35245	27033
267	35511	27441
268	35778	28774
269	36046	24868
270	36315	27210
271	36585	28204
272	36856	27852
273	37128	27682
274	37401	28463
275	37675	30645
276	37950	27659
277	38226	27630
278	38503	28271
279	38781	29582
280	39060	28309
281	39340	28387
282	39621	28540
283	39903	28392
284	40186	29885
285	40470	27766
286	40755	24239
287	41041	29782
288	41328	24496
289	41616	28204
290	41905	130921
291	42195	27846
292	42486	28788
293	42778	23870
294	43071	27773
295	43365	28284
296	43660	29457
297	43956	29202
298	44253	29381
299	44551	28380
300	44850	27773
301	45150	28987
302	45451	32721
303	45753	36961
304	46056	29807
305	46360	28660
306	46665	30330
307	46971	28738
308	47278	30914
309	47586	29640
310	47895	29115
311	48205	31386
312	48516	33789
313	48828	24326
314	49141	29047
315	49455	29445
316	49770	23916
317	50086	29657
318	50403	30349
319	50721	29355
320	51040	25995
321	51360	24772
322	51681	29542
323	52003	28521
324	52326	29458
325	52650	39148
326	52975	39502
327	53301	25061
328	53628	28753
329	53956	28275
330	54285	31340
331	54615	30259
332	54946	26044
333	55278	30225
334	55611	61444
335	55945	28952
336	56280	30561
337	56616	25736
338	56953	29966
339	57291	31115
340	57630	30172
341	57970	31785
342	58311	32056
343	58653	29773
344	58996	31863
345	59340	48603
346	59685	36190
347	60031	30611
348	60378	30665
349	60726	36775
350	61075	32567
351	61425	33466
352	61776	33544
353	62128	31507
354	62481	153021
355	62835	26292
356	63190	33028
357	63546	138547
358	63903	27347
359	64261	120259
360	64620	33241
361	64980	31817
362	65341	29475
363	65703	31781
364	66066	33586
365	66430	30823
366	66795	31633
367	67161	33575
368	67528	31480
369	67896	33474
370	68265	32348
371	68635	33539
372	69006	32293
373	69378	35191
374	69751	28799
375	70125	32569
376	70500	32572
377	70876	32317
378	71253	37373
379	71631	33955
380	72010	32656
381	72390	31133
382	72771	34228
383	73153	31978
384	73536	37180
385	73920	33545
386	74305	32342
387	74691	57497
388	75078	31839
389	75466	33161
390	75855	32807
391	76245	31457
392	76636	32609
393	77028	33519
394	77421	32780
395	77815	33960
396	78210	31966
397	78606	41036
398	79003	33852
399	79401	34880
400	79800	33941
401	80200	33012
402	80601	34160
403	81003	38023
404	81406	44328
405	81810	28487
406	82215	28302
407	82621	34550
408	83028	30158
409	83436	32894
410	83845	31835
411	84255	33681
412	84666	33620
413	85078	33956
414	85491	33790
415	85905	33204
416	86320	36481
417	86736	78943
418	87153	32445
419	87571	160861
420	87990	36547
421	88410	31131
422	88831	29423
423	89253	33931
424	89676	34684
425	90100	37380
426	90525	35781
427	90951	34436
428	91378	33128
429	91806	30471
430	92235	36490
431	92665	36879
432	93096	29157
433	93528	29983
434	93961	36145
435	94395	35425
436	94830	34442
437	95266	35336
438	95703	35653
439	96141	35347
440	96580	38500
441	97020	35736
442	97461	35753
443	97903	35990
444	98346	36348
445	98790	29103
446	99235	29157
447	99681	29406
448	100128	35563
449	100576	34655
450	101025	35930
451	101475	34291
452	101926	33355
453	102378	36794
454	102831	34984
455	103285	36453
456	103740	29139
457	104196	30866
458	104653	37168
459	105111	35980
460	105570	36919
461	106030	36480
462	106491	37323
463	106953	36345
464	107416	38775
465	107880	36207
466	108345	35120
467	108811	36942
468	109278	36323
469	109746	38074
470	110215	37220
471	110685	37029
472	111156	37375
473	111628	38454
474	112101	36954
475	112575	170872
476	113050	116868
477	113526	30383
478	114003	38756
479	114481	29519
480	114960	31915
481	115440	38360
482	115921	38875
483	116403	37114
484	116886	38790
485	117370	36581
486	117855	37785
487	118341	38352
488	118828	29483
489	119316	29865
490	119805	38049
491	120295	64332
492	120786	54398
493	121278	30689
494	121771	37165
495	122265	39129
496	122760	32080
497	123256	38529
498	123753	38277
499	124251	38219
500	124750	38466
501	125250	49458
502	125751	38970
503	126253	38583
504	126756	40828
505	127260	41050
506	127765	40598
507	128271	41065
508	128778	40807
509	129286	42133
510	129795	33768
511	130305	41901
512	130816	184513
513	131328	43105
514	131841	42669
515	132355	35260
516	132870	43958
517	133386	44631
518	133903	39737
519	134421	45073
520	134940	53057
521	135460	47870
522	135981	44399
523	136503	45492
524	137026	44405
525	137550	43935
526	138075	38715
527	138601	44879
528	139128	46704
529	139656	43349
530	140185	44800
531	140715	44758
532	141246	46601
533	141778	49127
534	142311	45337
535	142845	45822
536	143380	44650
537	143916	46530
538	144453	38368
539	144991	48088
540	145530	47027
541	146070	37360
542	146611	48419
543	147153	46893
544	147696	44471
545	148240	37130
546	148785	48163
547	149331	45070
548	149878	45475
549	150426	39322
550	150975	37950
551	151525	37146
552	152076	48127
553	152628	48481
554	153181	45506
555	153735	52821
556	154290	46122
557	154846	44697
558	155403	46434
559	155961	44954
560	156520	47208
561	157080	47249
562	157641	49886
563	158203	47542
564	158766	55729
565	159330	45816
566	159895	100940
567	160461	45662
568	161028	50660
569	161596	49506
570	162165	48087
571	162735	47908
572	163306	48460
573	163878	54791
574	164451	49399
575	165025	39896
576	165600	41594
577	166176	46031
578	166753	41670
579	167331	45966
580	167910	49736
581	168490	156178
582	169071	47880
583	169653	46652
584	170236	47034
585	170820	45615
586	171405	37149
587	171991	38840
588	172578	44597
589	173166	49207
590	173755	57454
591	174345	46780
592	174936	47390
593	175528	39740
594	176121	46590
595	176715	48842
596	177310	48588
597	177906	48927
598	178503	46956
599	179101	90468
600	179700	46499
601	180300	48115
602	180901	45882
603	181503	47748
604	182106	47135
605	182710	49309
606	183315	48913
607	183921	82177
608	184528	45378
609	185136	47242
610	185745	42079
611	186355	37861
612	186966	45554
613	187578	45974
614	188191	46796
615	188805	36836
616	189420	178465
617	190036	45743
618	190653	45179
619	191271	46865
620	191890	46659
621	192510	46500
622	193131	47932
623	193753	46120
624	194376	38245
625	195000	195940
626	195625	45804
627	196251	47442
628	196878	46456
629	197506	48052
630	198135	45962
631	198765	51813
632	199396	39145
633	200028	48508
634	200661	38643
635	201295	39358
636	201930	47903
637	202566	38946
638	203203	42212
639	203841	39583
640	204480	47485
641	205120	47927
642	205761	48749
643	206403	50858
644	207046	48510
645	207690	50095
646	208335	47718
647	208981	39431
648	209628	49499
649	210276	47910
650	210925	49335
651	211575	48757
652	212226	48303
653	212878	47495
654	213531	50045
655	214185	49738
656	214840	49406
657	215496	50465
658	216153	49602
659	216811	49444
660	217470	50509
661	218130	57933
662	218791	49650
663	219453	49190
664	220116	50024
665	220780	51284
666	221445	50832
667	222111	42644
668	222778	49686
669	223446	95704
670	224115	50280
671	224785	50345
672	225456	51443
673	226128	53727
674	226801	63988
675	227475	64322
676	228150	43407
677	228826	44014
678	229503	53380
679	230181	73069
680	230860	50372
681	231540	43007
682	232221	62030
683	232903	41106
684	233586	51349
685	234270	54287
686	234955	127302
687	235641	51326
688	236328	41335
689	237016	52441
690	237705	52598
691	238395	50298
692	239086	60798
693	239778	53643
694	240471	44600
695	241165	40652
696	241860	146983
697	242556	49159
698	243253	51692
699	243951	53132
700	244650	100870
701	245350	50281
702	246051	40258
703	246753	41085
704	247456	325141
705	248160	50420
706	248865	51256
707	249571	69763
708	250278	49779
709	250986	186832
710	251695	50255
711	252405	53318
712	253116	72776
713	253828	118278
714	254541	52858
715	255255	41070
716	255970	52958
717	256686	51296
718	257403	92626
719	258121	53173
720	258840	51720
721	259560	54177
722	260281	53276
723	261003	202165
724	261726	51026
725	262450	167948
726	263175	52469
727	263901	54177
728	264628	53825
729	265356	52858
730	266085	49309
731	266815	53949
732	267546	54926
733	268278	60149
734	269011	52081
735	269745	42830
736	270480	52064
737	271216	43066
738	271953	59979
739	272691	41182
740	273430	52340
741	274170	52391
742	274911	46394
743	275653	53124
744	276396	41060
745	277140	46564
746	277885	53884
747	278631	55412
748	279378	56679
749	280126	52395
750	280875	52586
751	281625	54032
752	282376	52772
753	283128	51091
754	283881	53108
755	284635	53740
756	285390	54117
757	286146	64324
758	286903	54394
759	287661	40645
760	288420	54788
761	289180	42991
762	289941	53840
763	290703	58897
764	291466	55950
765	292230	54305
766	292995	105798
767	293761	59139
768	294528	55954
769	295296	43533
770	296065	54511
771	296835	55237
772	297606	54259
773	298378	56261
774	299151	57158
775	299925	64070
776	300700	54064
777	301476	57877
778	302253	69839
779	303031	56271
780	303810	58861
781	304590	43665
782	305371	55664
783	306153	57710
784	306936	49441
785	307720	59895
786	308505	58970
787	309291	67178
788	310078	44763
789	310866	55688
790	311655	54968
791	312445	56766
792	313236	58004
793	314028	43088
794	314821	42814
795	315615	56372
796	316410	58976
797	317206	56196
798	318003	211169
799	318801	53960
800	319600	57845
801	320400	58255
802	321201	77216
803	322003	54083
804	322806	42929
805	323610	52472
806	324415	52985
807	325221	56403
808	326028	54850
809	326836	58830
810	327645	59399
811	328455	58285
812	329266	148321
813	330078	54040
814	330891	54914
815	331705	43263
816	332520	54709
817	333336	55364
818	334153	61705
819	334971	55406
820	335790	57834
821	336610	58171
822	337431	49847
823	338253	56922
824	339076	61353
825	339900	54206
826	340725	45106
827	341551	56890
828	342378	56312
829	343206	52903
830	344035	60543
831	344865	65284
832	345696	61628
833	346528	56342
834	347361	58130
835	348195	44764
836	349030	46146
837	349866	56878
838	350703	57331
839	351541	61967
840	352380	61704
841	353220	44654
842	354061	57913
843	354903	61241
844	355746	61656
845	356590	62371
846	357435	61021
847	358281	61276
848	359128	50510
849	359976	65746
850	360825	64067
851	361675	44195
852	362526	62386
853	363378	55760
854	364231	48480
855	365085	44617
856	365940	61859
857	366796	52703
858	367653	62912
859	368511	69614
860	369370	49814
861	370230	44622
862	371091	62639
863	371953	45652
864	372816	57489
865	373680	134240
866	374545	57728
867	375411	59227
868	376278	58655
869	377146	58956
870	378015	58232
871	378885	58943
872	379756	58702
873	380628	58635
874	381501	59310
875	382375	61200
876	383250	46729
877	384126	60235
878	385003	47770
879	385881	60699
880	386760	60347
881	387640	51167
882	388521	231271
883	389403	72037
884	390286	61547
885	391170	106658
886	392055	59346
887	392941	61460
888	393828	61802
889	394716	62214
890	395605	48160
891	396495	61893
892	397386	60459
893	398278	48435
894	399171	47882
895	400065	63200
896	400960	62351
897	401856	48290
898	402753	197418
899	403651	60885
900	404550	61143
901	405450	61208
902	406351	61813
903	407253	62623
904	408156	48164
905	409060	206990
906	409965	48437
907	410871	61685
908	411778	54306
909	412686	60352
910	413595	62575
911	414505	63903
912	415416	124757
913	416328	53854
914	417241	61502
915	418155	68056
916	419070	49790
917	419986	59015
918	420903	219864
919	421821	61296
920	422740	62773
921	423660	60274
922	424581	57594
923	425503	60269
924	426426	47215
925	427350	47714
926	428275	58632
927	429201	63279
928	430128	52972
929	431056	188264
930	431985	60651
931	432915	61964
932	433846	47656
933	434778	60938
934	435711	49149
935	436645	63734
936	437580	61940
937	438516	137601
938	439453	61697
939	440391	61989
940	441330	63602
941	442270	63964
942	443211	65237
943	444153	65240
944	445096	62670
945	446040	63650
946	446985	197913
947	447931	144482
948	448878	63545
949	449826	119343
950	450775	62995
951	451725	50750
952	452676	63393
953	453628	65123
954	454581	146888
955	455535	229372
956	456490	220300
957	457446	64965
958	458403	63399
959	459361	49282
960	460320	95721
961	461280	64283
962	462241	52488
963	463203	64781
964	464166	239449
965	465130	65089
966	466095	233410
967	467061	170069
968	468028	70821
969	468996	63709
970	469965	63404
971	470935	62518
972	471906	65796
973	472878	65570
974	473851	65252
975	474825	65395
976	475800	65484
977	476776	64109
978	477753	65878
979	478731	53517
980	479710	67324
981	480690	64841
982	481671	66717
983	482653	54650
984	483636	50496
985	484620	50420
986	485605	61826
987	486591	65610
988	487578	63739
989	488566	50239
990	489555	65341
991	490545	64209
992	491536	205081
993	492528	70632
994	493521	70220
995	494515	65145
996	495510	65490
997	496506	66193
998	497503	65107
999	498501	65211
1000	499500	51036
1001	500500	65449
1002	501501	101279
1003	502503	66438
1004	503506	50580
1005	504510	66655
1006	505515	66510
1007	506521	51603
1008	507528	65315
1009	508536	50788
1010	509545	51249
1011	510555	66945
1012	511566	51409
1013	512578	66602
1014	513591	65816
1015	514605	66610
1016	515620	65290
1017	516636	51402
1018	517653	51967
1019	518671	66778
1020	519690	64228
1021	520710	65960
1022	521731	66468
1023	522753	85652
1024	523776	66476
1025	524800	63380
1026	525825	76383
1027	526851	73001
1028	527878	88574
1029	528906	70200
1030	529935	67240
1031	530965	105000
1032	531996	54698
1033	533028	127989
1034	534061	64520
1035	535095	70494
1036	536130	67628
1037	537166	215825
1038	538203	68222
1039	539241	154658
1040	540280	64468
1041	541320	66366
1042	542361	221400
1043	543403	73003
1044	544446	72735
1045	545490	163616
1046	546535	69846
1047	547581	71518
1048	548628	72809
1049	549676	71190
1050	550725	177092
1051	551775	72457
1052	552826	67630
1053	553878	69872
1054	554931	74598
1055	555985	68949
1056	557040	72962
1057	558096	54889
1058	559153	67603
1059	560211	81627
1060	561270	54209
1061	562330	92937
1062	563391	88159
1063	564453	100432
1064	565516	78719
1065	566580	57381
1066	567645	64584
1067	568711	67970
1068	569778	74661
1069	570846	66202
1070	571915	78382
1071	572985	73309
1072	574056	67709
1073	575128	72376
1074	576201	70972
1075	577275	66268
1076	578350	67208
1077	579426	73048
1078	580503	108831
1079	581581	64260
1080	582660	69724
1081	583740	160910
1082	584821	70118
1083	585903	64943
1084	586986	55784
1085	588070	71272
1086	589155	72158
1087	590241	73234
1088	591328	56159
1089	592416	72787
1090	593505	74245
1091	594595	80240
1092	595686	73580
1093	596778	73594
1094	597871	73330
1095	598965	57584
1096	600060	52872
1097	601156	67174
1098	602253	58075
1099	603351	59055
1100	604450	68587
1101	605550	83003
1102	606651	160755
1103	607753	69553
1104	608856	203216
1105	609960	69195
1106	611065	135315
1107	612171	68792
1108	613278	160880
1109	614386	93807
1110	615495	73811
1111	616605	53573
1112	617716	66178
1113	618828	68227
1114	619941	51769
1115	621055	69911
1116	622170	68274
1117	623286	69520
1118	624403	68695
1119	625521	83362
1120	626640	69084
1121	627760	71500
1122	628881	73538
1123	630003	73448
1124	631126	68370
1125	632250	54010
1126	633375	72206
1127	634501	54552
1128	635628	75974
1129	636756	75821
1130	637885	57382
1131	639015	53726
1132	640146	76728
1133	641278	68129
1134	642411	92041
1135	643545	73629
1136	644680	70596
1137	645816	70870
1138	646953	68816
1139	648091	70939
1140	649230	54758
1141	650370	70740
1142	651511	70595
1143	652653	54395
1144	653796	58610
1145	654940	72028
1146	656085	74682
1147	657231	79942
1148	658378	77827
1149	659526	69946
1150	660675	71628
1151	661825	71032
1152	662976	77525
1153	664128	76912
1154	665281	72157
1155	666435	77029
1156	667590	153341
1157	668746	73364
1158	669903	70483
1159	671061	70643
1160	672220	68091
1161	673380	85460
1162	674541	94148
1163	675703	69446
1164	676866	69328
1165	678030	73518
1166	679195	82380
1167	680361	58813
1168	681528	78200
1169	682696	165277
1170	683865	72783
1171	685035	74811
1172	686206	76177
1173	687378	75042
1174	688551	72752
1175	689725	70903
1176	690900	59191
1177	692076	67662
1178	693253	70070
1179	694431	188562
1180	695610	76995
1181	696790	78787
1182	697971	77351
1183	699153	76166
1184	700336	54019
1185	701520	84579
1186	702705	55451
1187	703891	249831
1188	705078	72318
1189	706266	156964
1190	707455	62270
1191	708645	74064
1192	709836	70921
1193	711028	73008
1194	712221	75517
1195	713415	56210
1196	714610	72917
1197	715806	76021
1198	717003	65916
1199	718201	231398
1200	719400	72851
1201	720600	57646
1202	721801	69956
1203	723003	74436
1204	724206	55189
1205	725410	73506
1206	726615	77269
1207	727821	55370
1208	729028	139206
1209	730236	70739
1210	731445	5125010
1211	732655	55076
1212	733866	70047
1213	735078	70319
1214	736291	73395
1215	737505	73985
1216	738720	55674
1217	739936	71784
1218	741153	73697
1219	742371	79736
1220	743590	75482
1221	744810	112398
1222	746031	76163
1223	747253	240750
1224	748476	71145
1225	749700	74617
1226	750925	234628
1227	752151	57065
1228	753378	101398
1229	754606	72873
1230	755835	74635
1231	757065	73809
1232	758296	71938
1233	759528	73204
1234	760761	54495
1235	761995	54588
1236	763230	54954
1237	764466	74946
1238	765703	69968
1239	766941	72644
1240	768180	56911
1241	769420	72779
1242	770661	73507
1243	771903	71700
1244	773146	71168
1245	774390	56573
1246	775635	73294
1247	776881	83131
1248	778128	122246
1249	779376	76364
1250	780625	75695
1251	781875	76520
1252	783126	71895
1253	784378	58016
1254	785631	110775
1255	786885	77210
1256	788140	524750
1257	789396	74563
1258	790653	73290
1259	791911	55646
1260	793170	75789
1261	794430	146787
1262	795691	72124
1263	796953	73745
1264	798216	55795
1265	799480	73326
1266	800745	55144
1267	802011	56150
1268	803278	72379
1269	804546	71701
1270	805815	79189
1271	807085	157093
1272	808356	72143
1273	809628	73455
1274	810901	76072
1275	812175	73019
1276	813450	75022
1277	814726	70506
1278	816003	82623
1279	817281	72108
1280	818560	73558
1281	819840	74359
1282	821121	170590
1283	822403	73817
1284	823686	57434
1285	824970	76244
1286	826255	73148
1287	827541	74844
1288	828828	75556
1289	830116	227892
1290	831405	161224
1291	832695	86145
1292	833986	75746
1293	835278	73215
1294	836571	73850
1295	837865	74407
1296	839160	70514
1297	840456	74070
1298	841753	74202
1299	843051	58816
1300	844350	55850
1301	845650	73734
1302	846951	122621
1303	848253	77501
1304	849556	74926
1305	850860	72598
1306	852165	76787
1307	853471	72778
1308	854778	74114
1309	856086	190668
1310	857395	56525
1311	858705	112586
1312	860016	90811
1313	861328	224748
1314	862641	74926
1315	863955	76966
1316	865270	57076
1317	866586	72936
1318	867903	71406
1319	869221	71816
1320	870540	55187
1321	871860	70577
1322	873181	370962
1323	874503	56035
1324	875826	108804
1325	877150	76490
1326	878475	56838
1327	879801	77969
1328	881128	77651
1329	882456	77619
1330	883785	76923
1331	885115	59161
1332	886446	245877
1333	887778	75240
1334	889111	91170
1335	890445	74385
1336	891780	76052
1337	893116	97833
1338	894453	90299
1339	895791	60231
1340	897130	82470
1341	898470	77200
1342	899811	205527
1343	901153	172174
1344	902496	77476
1345	903840	79558
1346	905185	150960
1347	906531	228617
1348	907878	72507
1349	909226	71483
1350	910575	76710
1351	911925	77171
1352	913276	59184
1353	914628	75771
1354	915981	87665
1355	917335	59368
1356	918690	168389
1357	920046	85757
1358	921403	78612
1359	922761	79518
1360	924120	79172
1361	925480	59619
1362	926841	103390
1363	928203	77333
1364	929566	78240
1365	930930	79430
1366	932295	189023
1367	933661	72678
1368	935028	86158
1369	936396	83599
1370	937765	74107
1371	939135	129899
1372	940506	75928
1373	941878	76485
1374	943251	57330
1375	944625	138767
1376	946000	59567
1377	947376	76024
1378	948753	76486
1379	950131	57980
1380	951510	117975
1381	952890	77905
1382	954271	79417
1383	955653	74965
1384	957036	80703
1385	958420	177203
1386	959805	80175
1387	961191	79235
1388	962578	79194
1389	963966	113344
1390	965355	74990
1391	966745	149249
1392	968136	77676
1393	969528	78275
1394	970921	58781
1395	972315	79083
1396	973710	74182
1397	975106	57103
1398	976503	121415
1399	977901	79715
1400	979300	78218
1401	980700	76555
1402	982101	77630
1403	983503	73369
1404	984906	76963
1405	986310	75743
1406	987715	58847
1407	989121	76037
1408	990528	76575
1409	991936	78260
1410	993345	78822
1411	994755	78959
1412	996166	82972
1413	997578	82827
1414	998991	79155
1415	1000405	78978
1416	1001820	77828
1417	1003236	184949
1418	1004653	79596
1419	1006071	240634
1420	1007490	77938
1421	1008910	76006
1422	1010331	58349
1423	1011753	178536
1424	1013176	59605
1425	1014600	60752
1426	1016025	76165
1427	1017451	75985
1428	1018878	57548
1429	1020306	97932
1430	1021735	60951
1431	1023165	77518
1432	1024596	201815
1433	1026028	82685
1434	1027461	76314
1435	1028895	58734
1436	1030330	77346
1437	1031766	202818
1438	1033203	77502
1439	1034641	59522
1440	1036080	80523
1441	1037520	84499
1442	1038961	58195
1443	1040403	88892
1444	1041846	77442
1445	1043290	82561
1446	1044735	78240
1447	1046181	59641
1448	1047628	79144
1449	1049076	62691
1450	1050525	86680
1451	1051975	81408
1452	1053426	81606
1453	1054878	80758
1454	1056331	81741
1455	1057785	82661
1456	1059240	80829
1457	1060696	60896
1458	1062153	78178
1459	1063611	58316
1460	1065070	59660
1461	1066530	62204
1462	1067991	81100
1463	1069453	91610
1464	1070916	78874
1465	1072380	218478
1466	1073845	79423
1467	1075311	82356
1468	1076778	80635
1469	1078246	77450
1470	1079715	79827
1471	1081185	69005
1472	1082656	79541
1473	1084128	75233
1474	1085601	59853
1475	1087075	81093
1476	1088550	80260
1477	1090026	60844
1478	1091503	82178
1479	1092981	169824
1480	1094460	83479
1481	1095940	80688
1482	1097421	183224
1483	1098903	81827
1484	1100386	60748
1485	1101870	172510
1486	1103355	79762
1487	1104841	79599
1488	1106328	177687
1489	1107816	115074
1490	1109305	60692
1491	1110795	60915
1492	1112286	87591
1493	1113778	59079
1494	1115271	60901
1495	1116765	81824
1496	1118260	65956
1497	1119756	82306
1498	1121253	84911
1499	1122751	85730
1500	1124250	80893
1501	1125750	61422
1502	1127251	353923
1503	1128753	69108
1504	1130256	84349
1505	1131760	82803
1506	1133265	80078
1507	1134771	81013
1508	1136278	82034
1509	1137786	81769
1510	1139295	153720
1511	1140805	81349
1512	1142316	82284
1513	1143828	89871
1514	1145341	82627
1515	1146855	78957
1516	1148370	86692
1517	1149886	81447
1518	1151403	85062
1519	1152921	82134
1520	1154440	79054
1521	1155960	81959
1522	1157481	107159
1523	1159003	82880
1524	1160526	82067
1525	1162050	79252
1526	1163575	97984
1527	1165101	84630
1528	1166628	85308
1529	1168156	62290
1530	1169685	86993
1531	1171215	92625
1532	1172746	61567
1533	1174278	215330
1534	1175811	80722
1535	1177345	81572
1536	1178880	82338
1537	1180416	160199
1538	1181953	76503
1539	1183491	85298
1540	1185030	63360
1541	1186570	64588
1542	1188111	69330
1543	1189653	201547
1544	1191196	62070
1545	1192740	80915
1546	1194285	194957
1547	1195831	82697
1548	1197378	63862
1549	1198926	82951
1550	1200475	184416
1551	1202025	198093
1552	1203576	82845
1553	1205128	61902
1554	1206681	80012
1555	1208235	83462
1556	1209790	82528
1557	1211346	86883
1558	1212903	62100
1559	1214461	167007
1560	1216020	80896
1561	1217580	83125
1562	1219141	85515
1563	1220703	85824
1564	1222266	81467
1565	1223830	62569
1566	1225395	87108
1567	1226961	188579
1568	1228528	84293
1569	1230096	62501
1570	1231665	103347
1571	1233235	82290
1572	1234806	236678
1573	1236378	86699
1574	1237951	80163
1575	1239525	83060
1576	1241100	83735
1577	1242676	84148
1578	1244253	86184
1579	1245831	86956
1580	1247410	85609
1581	1248990	145490
1582	1250571	84501
1583	1252153	65956
1584	1253736	84773
1585	1255320	82571
1586	1256905	83996
1587	1258491	88154
1588	1260078	86604
1589	1261666	81217
1590	1263255	85448
1591	1264845	67671
1592	1266436	84195
1593	1268028	85221
1594	1269621	213785
1595	1271215	84225
1596	1272810	84998
1597	1274406	86390
1598	1276003	85370
1599	1277601	64092
1600	1279200	89567
1601	1280800	95138
1602	1282401	84624
1603	1284003	88961
1604	1285606	89653
1605	1287210	86606
1606	1288815	129731
1607	1290421	68735
1608	1292028	87150
1609	1293636	64625
1610	1295245	170077
1611	1296855	85098
1612	1298466	85978
1613	1300078	82833
1614	1301691	85153
1615	1303305	64057
1616	1304920	65504
1617	1306536	64131
1618	1308153	64213
1619	1309771	87387
1620	1311390	81961
1621	1313010	84789
1622	1314631	204202
1623	1316253	245450
1624	1317876	89183
1625	1319500	85817
1626	1321125	89033
1627	1322751	87196
1628	1324378	87489
1629	1326006	88406
1630	1327635	146559
1631	1329265	86301
1632	1330896	129108
1633	1332528	85613
1634	1334161	86251
1635	1335795	141511
1636	1337430	189583
1637	1339066	87682
1638	1340703	89751
1639	1342341	86847
1640	1343980	90251
1641	1345620	92180
1642	1347261	86591
1643	1348903	94966
1644	1350546	85137
1645	1352190	70470
1646	1353835	87958
1647	1355481	181185
1648	1357128	86978
1649	1358776	90289
1650	1360425	173396
1651	1362075	93358
1652	1363726	77683
1653	1365378	85972
1654	1367031	88034
1655	1368685	87685
1656	1370340	169989
1657	1371996	86170
1658	1373653	88685
1659	1375311	88756
1660	1376970	85209
1661	1378630	90498
1662	1380291	134929
1663	1381953	222634
1664	1383616	84016
1665	1385280	89122
1666	1386945	66802
1667	1388611	88856
1668	1390278	91072
1669	1391946	160599
1670	1393615	82315
1671	1395285	86331
1672	1396956	68842
1673	1398628	90666
1674	1400301	84827
1675	1401975	87246
1676	1403650	87496
1677	1405326	89487
1678	1407003	84889
1679	1408681	65950
1680	1410360	108561
1681	1412040	65960
1682	1413721	66675
1683	1415403	63802
1684	1417086	63485
1685	1418770	87097
1686	1420455	88492
1687	1422141	88293
1688	1423828	181626
1689	1425516	153280
1690	1427205	87480
1691	1428895	65651
1692	1430586	68218
1693	1432278	66768
1694	1433971	89111
1695	1435665	89658
1696	1437360	86574
1697	1439056	71789
1698	1440753	239444
1699	1442451	87066
1700	1444150	88949
1701	1445850	183196
1702	1447551	226322
1703	1449253	246275
1704	1450956	86375
1705	1452660	88275
1706	1454365	84879
1707	1456071	126027
1708	1457778	92764
1709	1459486	103505
1710	1461195	65749
1711	1462905	66643
1712	1464616	220767
1713	1466328	86192
1714	1468041	90919
1715	1469755	279727
1716	1471470	91154
1717	1473186	92035
1718	1474903	86615
1719	1476621	90854
1720	1478340	90064
1721	1480060	88103
1722	1481781	89035
1723	1483503	67626
1724	1485226	108140
1725	1486950	141255
1726	1488675	88022
1727	1490401	90159
1728	1492128	87656
1729	1493856	120680
1730	1495585	90108
1731	1497315	92586
1732	1499046	68965
1733	1500778	180214
1734	1502511	138441
1735	1504245	65406
1736	1505980	85616
1737	1507716	227463
1738	1509453	91945
1739	1511191	88456
1740	1512930	95843
1741	1514670	91384
1742	1516411	222621
1743	1518153	93037
1744	1519896	93347
1745	1521640	65755
1746	1523385	92017
1747	1525131	120817
1748	1526878	97046
1749	1528626	70912
1750	1530375	65672
1751	1532125	76358
1752	1533876	183214
1753	1535628	202957
1754	1537381	88108
1755	1539135	68474
1756	1540890	90645
1757	1542646	90017
1758	1544403	67965
1759	1546161	69480
1760	1547920	93685
1761	1549680	86369
1762	1551441	114454
1763	1553203	225451
1764	1554966	91287
1765	1556730	70922
1766	1558495	95944
1767	1560261	89436
1768	1562028	71649
1769	1563796	86203
1770	1565565	90911
1771	1567335	91496
1772	1569106	1035018
1773	1570878	245740
1774	1572651	97667
1775	1574425	89729
1776	1576200	87570
1777	1577976	68473
1778	1579753	91711
1779	1581531	95297
1780	1583310	261638
1781	1585090	66221
1782	1586871	91101
1783	1588653	92274
1784	1590436	96801
1785	1592220	91277
1786	1594005	92206
1787	1595791	76175
1788	1597578	70909
1789	1599366	98151
1790	1601155	90115
1791	1602945	72546
1792	1604736	147732
1793	1606528	269324
1794	1608321	94959
1795	1610115	69466
1796	1611910	89865
1797	1613706	94176
1798	1615503	166028
1799	1617301	71230
1800	1619100	96198
1801	1620900	95598
1802	1622701	97179
1803	1624503	96837
1804	1626306	101769
1805	1628110	93623
1806	1629915	95050
1807	1631721	94340
1808	1633528	94600
1809	1635336	88665
1810	1637145	93235
1811	1638955	95239
1812	1640766	111481
1813	1642578	207034
1814	1644391	94543
1815	1646205	89993
1816	1648020	94636
1817	1649836	94410
1818	1651653	128227
1819	1653471	94693
1820	1655290	70309
1821	1657110	97860
1822	1658931	94081
1823	1660753	96070
1824	1662576	93684
1825	1664400	94365
1826	1666225	92459
1827	1668051	93783
1828	1669878	97618
1829	1671706	93989
1830	1673535	148523
1831	1675365	175697
1832	1677196	283860
1833	1679028	74105
1834	1680861	94879
1835	1682695	93828
1836	1684530	93089
1837	1686366	95652
1838	1688203	93269
1839	1690041	71320
1840	1691880	94401
1841	1693720	73170
1842	1695561	99458
1843	1697403	71112
1844	1699246	100949
1845	1701090	101737
1846	1702935	74230
1847	1704781	175984
1848	1706628	96013
1849	1708476	103391
1850	1710325	96834
1851	1712175	94069
1852	1714026	94890
1853	1715878	98920
1854	1717731	111033
1855	1719585	98260
1856	1721440	92736
1857	1723296	71651
1858	1725153	109267
1859	1727011	97295
1860	1728870	97704
1861	1730730	126535
1862	1732591	98944
1863	1734453	105487
1864	1736316	97423
1865	1738180	238378
1866	1740045	97116
1867	1741911	144121
1868	1743778	78373
1869	1745646	94953
1870	1747515	96521
1871	1749385	99132
1872	1751256	75777
1873	1753128	98427
1874	1755001	95545
1875	1756875	96959
1876	1758750	93374
1877	1760626	97597
1878	1762503	95690
1879	1764381	95889
1880	1766260	71841
1881	1768140	96910
1882	1770021	98430
1883	1771903	74303
1884	1773786	97085
1885	1775670	97944
1886	1777555	105516
1887	1779441	96470
1888	1781328	73438
1889	1783216	152230
1890	1785105	72136
1891	1786995	103844
1892	1788886	72790
1893	1790778	107947
1894	1792671	72926
1895	1794565	93324
1896	1796460	92132
1897	1798356	72544
1898	1800253	97462
1899	1802151	110170
1900	1804050	98377
1901	1805950	72385
1902	1807851	316730
1903	1809753	104066
1904	1811656	261024
1905	1813560	118941
1906	1815465	183809
1907	1817371	97246
1908	1819278	250749
1909	1821186	100726
1910	1823095	74907
1911	1825005	101081
1912	1826916	98820
1913	1828828	101874
1914	1830741	72670
1915	1832655	105205
1916	1834570	75883
1917	1836486	72531
1918	1838403	100061
1919	1840321	83653
1920	1842240	71952
1921	1844160	99629
1922	1846081	163418
1923	1848003	97113
1924	1849926	112670
1925	1851850	98362
1926	1853775	101664
1927	1855701	109700
1928	1857628	99314
1929	1859556	105427
1930	1861485	97721
1931	1863415	94516
1932	1865346	79285
1933	1867278	100550
1934	1869211	97794
1935	1871145	133539
1936	1873080	227190
1937	1875016	157099
1938	1876953	185115
1939	1878891	120285
1940	1880830	98916
1941	1882770	107053
1942	1884711	189852
1943	1886653	97868
1944	1888596	98127
1945	1890540	168764
1946	1892485	100238
1947	1894431	73368
1948	1896378	107971
1949	1898326	99324
1950	1900275	99777
1951	1902225	75774
1952	1904176	97249
1953	1906128	96215
1954	1908081	98387
1955	1910035	98163
1956	1911990	99328
1957	1913946	117598
1958	1915903	232799
1959	1917861	99283
1960	1919820	101284
1961	1921780	100903
1962	1923741	93470
1963	1925703	72650
1964	1927666	74077
1965	1929630	152661
1966	1931595	73217
1967	1933561	98751
1968	1935528	117624
1969	1937496	98340
1970	1939465	100351
1971	1941435	105428
1972	1943406	99354
1973	1945378	76167
1974	1947351	98545
1975	1949325	79618
1976	1951300	99762
1977	1953276	102238
1978	1955253	81967
1979	1957231	99999
1980	1959210	258051
1981	1961190	74615
1982	1963171	83898
1983	1965153	101843
1984	1967136	153063
1985	1969120	339199
1986	1971105	100163
1987	1973091	76641
1988	1975078	74188
1989	1977066	74241
1990	1979055	230515
1991	1981045	110813
1992	1983036	106629
1993	1985028	151994
1994	1987021	258443
1995	1989015	104559
1996	1991010	99834
1997	1993006	104237
1998	1995003	101139
1999	1997001	102494
2000	1999000	77657
2001	2001000	78367
2002	2003001	101004
2003	2005003	100633
2004	2007006	106575
2005	2009010	100820
2006	2011015	105528
2007	2013021	96490
2008	2015028	98076
2009	2017036	103539
2010	2019045	74839
2011	2021055	102530
2012	2023066	106539
2013	2025078	79195
2014	2027091	105444
2015	2029105	112225
2016	2031120	100102
2017	2033136	75839
2018	2035153	106869
2019	2037171	104337
2020	2039190	414899
2021	2041210	102193
2022	2043231	102055
2023	2045253	101072
2024	2047276	245029
2025	2049300	100317
2026	2051325	198533
2027	2053351	77023
2028	2055378	120709
2029	2057406	74818
2030	2059435	75525
2031	2061465	100105
2032	2063496	99506
2033	2065528	108265
2034	2067561	210593
2035	2069595	90248
2036	2071630	263921
2037	2073666	101209
2038	2075703	102982
2039	2077741	104097
2040	2079780	102640
2041	2081820	101846
2042	2083861	166160
2043	2085903	101686
2044	2087946	101229
2045	2089990	103413
2046	2092035	74749
2047	2094081	124751
2048	2096128	104683
2049	2098176	113637
2050	2100225	100978
2051	2102275	275639
2052	2104326	106555
2053	2106378	142899
2054	2108431	208713
2055	2110485	225591
2056	2112540	77015
2057	2114596	127826
2058	2116653	104432
2059	2118711	103001
2060	2120770	104750
2061	2122830	75498
2062	2124891	101891
2063	2126953	103747
2064	2129016	78515
2065	2131080	103402
2066	2133145	102764
2067	2135211	99167
2068	2137278	97939
2069	2139346	188970
2070	2141415	113777
2071	2143485	76679
2072	2145556	81520
2073	2147628	99746
2074	2149701	127637
2075	2151775	109730
2076	2153850	98957
2077	2155926	76179
2078	2158003	107764
2079	2160081	102328
2080	2162160	365144
2081	2164240	106805
2082	2166321	215506
2083	2168403	100167
2084	2170486	106900
2085	2172570	102608
2086	2174655	88782
2087	2176741	102963
2088	2178828	139142
2089	2180916	104881
2090	2183005	106020
2091	2185095	100788
2092	2187186	326604
2093	2189278	83128
2094	2191371	73838
2095	2193465	75775
2096	2195560	80343
2097	2197656	109965
2098	2199753	101921
2099	2201851	106346
2100	2203950	131349
2101	2206050	108398
2102	2208151	848866
2103	2210253	103739
2104	2212356	354761
2105	2214460	103673
2106	2216565	85661
2107	2218671	81522
2108	2220778	77259
2109	2222886	81681
2110	2224995	131509
2111	2227105	83817
2112	2229216	132315
2113	2231328	102110
2114	2233441	111520
2115	2235555	85316
2116	2237670	251570
2117	2239786	102436
2118	2241903	108958
2119	2244021	102301
2120	2246140	107963
2121	2248260	99704
2122	2250381	78764
2123	2252503	98130
2124	2254626	185135
2125	2256750	103726
2126	2258875	111582
2127	2261001	109824
2128	2263128	196198
2129	2265256	98024
2130	2267385	142740
2131	2269515	253604
2132	2271646	110773
2133	2273778	109717
2134	2275911	102088
2135	2278045	97000
2136	2280180	112211
2137	2282316	124914
2138	2284453	106732
2139	2286591	107211
2140	2288730	86342
2141	2290870	390230
2142	2293011	167209
2143	2295153	108380
2144	2297296	104255
2145	2299440	105122
2146	2301585	125474
2147	2303731	149411
2148	2305878	83625
2149	2308026	115812
2150	2310175	220001
2151	2312325	130010
2152	2314476	261525
2153	2316628	103233
2154	2318781	101234
2155	2320935	113047
2156	2323090	114620
2157	2325246	210114
2158	2327403	122078
2159	2329561	86981
2160	2331720	288902
2161	2333880	110040
2162	2336041	75669
2163	2338203	109800
2164	2340366	106419
2165	2342530	113290
2166	2344695	117422
2167	2346861	112456
2168	2349028	105726
2169	2351196	83135
2170	2353365	103865
2171	2355535	106410
2172	2357706	120951
2173	2359878	86744
2174	2362051	143434
2175	2364225	109796
2176	2366400	106731
2177	2368576	292424
2178	2370753	114555
2179	2372931	79567
2180	2375110	107770
2181	2377290	102749
2182	2379471	132758
2183	2381653	136360
2184	2383836	83543
2185	2386020	122901
2186	2388205	198994
2187	2390391	103736
2188	2392578	82467
2189	2394766	116383
2190	2396955	112786
2191	2399145	111214
2192	2401336	173755
2193	2403528	92257
2194	2405721	214455
2195	2407915	106392
2196	2410110	82074
2197	2412306	133279
2198	2414503	310888
2199	2416701	272428
2200	2418900	108852
2201	2421100	81304
2202	2423301	106381
2203	2425503	105695
2204	2427706	103446
2205	2429910	112305
2206	2432115	253890
2207	2434321	110314
2208	2436528	104894
2209	2438736	112731
2210	2440945	156238
2211	2443155	113133
2212	2445366	107586
2213	2447578	111751
2214	2449791	111146
2215	2452005	105023
2216	2454220	81019
2217	2456436	114559
2218	2458653	106528
2219	2460871	113239
2220	2463090	252138
2221	2465310	105921
2222	2467531	143055
2223	2469753	115574
2224	2471976	183532
2225	2474200	125632
2226	2476425	171889
2227	2478651	223826
2228	2480878	108086
2229	2483106	117856
2230	2485335	115982
2231	2487565	118939
2232	2489796	814690
2233	2492028	84988
2234	2494261	338298
2235	2496495	80159
2236	2498730	216185
2237	2500966	111645
2238	2503203	105844
2239	2505441	108589
2240	2507680	113626
2241	2509920	113280
2242	2512161	108496
2243	2514403	262740
2244	2516646	121478
2245	2518890	153139
2246	2521135	259472
2247	2523381	88121
2248	2525628	201499
2249	2527876	126668
2250	2530125	107292
2251	2532375	109680
2252	2534626	116837
2253	2536878	109881
2254	2539131	333629
2255	2541385	232916
2256	2543640	108017
2257	2545896	81982
2258	2548153	111866
2259	2550411	116999
2260	2552670	81097
2261	2554930	227125
2262	2557191	110674
2263	2559453	113453
2264	2561716	117851
2265	2563980	120668
2266	2566245	228880
2267	2568511	82939
2268	2570778	110007
2269	2573046	120561
2270	2575315	134155
2271	2577585	236537
2272	2579856	115524
2273	2582128	114765
2274	2584401	113706
2275	2586675	85845
2276	2588950	110786
2277	2591226	113358
2278	2593503	258026
2279	2595781	199804
2280	2598060	574292
2281	2600340	83245
2282	2602621	119196
2283	2604903	114250
2284	2607186	115740
2285	2609470	232317
2286	2611755	117345
2287	2614041	319654
2288	2616328	117324
2289	2618616	120094
2290	2620905	82346
2291	2623195	125018
2292	2625486	91153
2293	2627778	88594
2294	2630071	117978
2295	2632365	87007
2296	2634660	155379
2297	2636956	217792
2298	2639253	107281
2299	2641551	87685
2300	2643850	107420
2301	2646150	115227
2302	2648451	115517
2303	2650753	120932
2304	2653056	133270
2305	2655360	248078
2306	2657665	117075
2307	2659971	115136
2308	2662278	147295
2309	2664586	121631
2310	2666895	115034
2311	2669205	114900
2312	2671516	82352
2313	2673828	85193
2314	2676141	256990
2315	2678455	166436
2316	2680770	113231
2317	2683086	113464
2318	2685403	106175
2319	2687721	306694
2320	2690040	330736
2321	2692360	121904
2322	2694681	82946
2323	2697003	118095
2324	2699326	84822
2325	2701650	247411
2326	2703975	118400
2327	2706301	116440
2328	2708628	123605
2329	2710956	119844
2330	2713285	89432
2331	2715615	117378
2332	2717946	115740
2333	2720278	114407
2334	2722611	108893
2335	2724945	112880
2336	2727280	112020
2337	2729616	115188
2338	2731953	116625
2339	2734291	182783
2340	2736630	114371
2341	2738970	83527
2342	2741311	114464
2343	2743653	116367
2344	2745996	114952
2345	2748340	272275
2346	2750685	111147
2347	2753031	108862
2348	2755378	117529
2349	2757726	115095
2350	2760075	108285
2351	2762425	117640
2352	2764776	112928
2353	2767128	87552
2354	2769481	120682
2355	2771835	116796
2356	2774190	257557
2357	2776546	117216
2358	2778903	120154
2359	2781261	137511
2360	2783620	111004
2361	2785980	190945
2362	2788341	261693
2363	2790703	254833
2364	2793066	81998
2365	2795430	113911
2366	2797795	173655
2367	2800161	112340
2368	2802528	86893
2369	2804896	117283
2370	2807265	118760
2371	2809635	113075
2372	2812006	112352
2373	2814378	117539
2374	2816751	150072
2375	2819125	265579
2376	2821500	118236
2377	2823876	116495
2378	2826253	111746
2379	2828631	113925
2380	2831010	118988
2381	2833390	110784
2382	2835771	169546
2383	2838153	117837
2384	2840536	114300
2385	2842920	173992
2386	2845305	368243
2387	2847691	276080
2388	2850078	114552
2389	2852466	187231
2390	2854855	109727
2391	2857245	113404
2392	2859636	117523
2393	2862028	116203
2394	2864421	86134
2395	2866815	117059
2396	2869210	164599
2397	2871606	257377
2398	2874003	121740
2399	2876401	226848
2400	2878800	114767
2401	2881200	86267
2402	2883601	149896
2403	2886003	117327
2404	2888406	173203
2405	2890810	116283
2406	2893215	116753
2407	2895621	118130
2408	2898028	118391
2409	2900436	138589
2410	2902845	115878
2411	2905255	84300
2412	2907666	86154
2413	2910078	113699
2414	2912491	121210
2415	2914905	276856
2416	2917320	168535
2417	2919736	227936
2418	2922153	167269
2419	2924571	87186
2420	2926990	116999
2421	2929410	87518
2422	2931831	112719
2423	2934253	84836
2424	2936676	115490
2425	2939100	151060
2426	2941525	116488
2427	2943951	115725
2428	2946378	131279
2429	2948806	121401
2430	2951235	237071
2431	2953665	116962
2432	2956096	200924
2433	2958528	188062
2434	2960961	119099
2435	2963395	235890
2436	2965830	124948
2437	2968266	84248
2438	2970703	120511
2439	2973141	120234
2440	2975580	120030
2441	2978020	119854
2442	2980461	153065
2443	2982903	86018
2444	2985346	121859
2445	2987790	763187
2446	2990235	91772
2447	2992681	112411
2448	2995128	230819
2449	2997576	117482
2450	3000025	118270
2451	3002475	128695
2452	3004926	141084
2453	3007378	122103
2454	3009831	127129
2455	3012285	87041
2456	3014740	118460
2457	3017196	117432
2458	3019653	84011
2459	3022111	87535
2460	3024570	123055
2461	3027030	293367
2462	3029491	124396
2463	3031953	120748
2464	3034416	117947
2465	3036880	116574
2466	3039345	89484
2467	3041811	117715
2468	3044278	120075
2469	3046746	122294
2470	3049215	116990
2471	3051685	115483
2472	3054156	120117
2473	3056628	185615
2474	3059101	543273
2475	3061575	149368
2476	3064050	120951
2477	3066526	268142
2478	3069003	222699
2479	3071481	88160
2480	3073960	142698
2481	3076440	218718
2482	3078921	89300
2483	3081403	122528
2484	3083886	123802
2485	3086370	121188
2486	3088855	132945
2487	3091341	124871
2488	3093828	121898
2489	3096316	118813
2490	3098805	120633
2491	3101295	124732
2492	3103786	134266
2493	3106278	251966
2494	3108771	118316
2495	3111265	134032
2496	3113760	121016
2497	3116256	124004
2498	3118753	121664
2499	3121251	120809
2500	3123750	122229
