100	4950	705
101	5050	628
102	5151	818
103	5253	825
104	5356	813
105	5460	757
106	5565	714
107	5671	2095
108	5778	1055
109	5886	1702
110	5995	14949
111	6105	1013
112	6216	860
113	6328	196239
114	6441	2707
115	6555	1592
116	6670	772
117	6786	737
118	6903	5059
119	7021	857
120	7140	2009
121	7260	883
122	7381	2468
123	7503	3347
124	7626	1493
125	7750	1754
126	7875	8601
127	8001	997
128	8128	1581
129	8256	1707
130	8385	1200
131	8515	687
132	8646	929
133	8778	1813
134	8911	1890
135	9045	8017
136	9180	969
137	9316	523384
138	9453	734
139	9591	1120
140	9730	879
141	9870	637
142	10011	1697
143	10153	1645
144	10296	1219
145	10440	5176
146	10585	928
147	10731	1731
148	10878	4665
149	11026	1305
150	11175	1854
151	11325	1500
152	11476	10008
153	11628	982
154	11781	1155
155	11935	13545
156	12090	1116
157	12246	2060
158	12403	57550
159	12561	837
160	12720	1414
161	12880	2392
162	13041	742
163	13203	1087
164	13366	953
165	13530	754
166	13695	789
167	13861	1042
168	14028	1253
169	14196	2209
170	14365	1042
171	14535	1290
172	14706	2197
173	14878	2475
174	15051	1360
175	15225	1157
176	15400	1269
177	15576	1167
178	15753	677
179	15931	1778
180	16110	1271
181	16290	2008
182	16471	2467
183	16653	2065
184	16836	2365
185	17020	885
186	17205	1959
187	17391	1148
188	17578	1250
189	17766	1771
190	17955	4291
191	18145	2285
192	18336	7653
193	18528	1660
194	18721	1288
195	18915	1103
196	19110	1630
197	19306	1154
198	19503	3140
199	19701	1672
200	19900	1558
201	20100	6368
202	20301	1094
203	20503	2552
204	20706	2017
205	20910	3908
206	21115	2695
207	21321	987
208	21528	7659
209	21736	1444
210	21945	1098
211	22155	2306
212	22366	33161
213	22578	1940
214	22791	2473
215	23005	1278
216	23220	2078
217	23436	11365
218	23653	2449
219	23871	5788
220	24090	2035
221	24310	871
222	24531	2727
223	24753	2436
224	24976	1276
225	25200	1369
226	25425	1166
227	25651	1825
228	25878	1744
229	26106	978
230	26335	2424
231	26565	2357
232	26796	9600
233	27028	1324
234	27261	2489
235	27495	2443
236	27730	1017
237	27966	2386
238	28203	1636
239	28441	1866
240	28680	1835
241	28920	1942
242	29161	2232
243	29403	1644
244	29646	1732
245	29890	1953
246	30135	978
247	30381	2316
248	30628	1846
249	30876	2843
250	31125	1556
251	31375	1967
252	31626	1214
253	31878	2091
254	32131	2293
255	32385	2578
256	32640	1879
257	32896	1589
258	33153	2478
259	33411	3050
260	33670	6524
261	33930	2909
262	34191	2973
263	34453	3161
264	34716	1400
265	34980	3091
266	35245	3359
267	35511	2995
268	35778	3323
269	36046	2743
270	36315	2226
271	36585	1285
272	36856	3068
273	37128	1592
274	37401	1650
275	37675	1682
276	37950	1698
277	38226	1764
278	38503	2533
279	38781	1583
280	39060	2564
281	39340	4636
282	39621	2263
283	39903	1881
284	40186	3069
285	40470	4962
286	40755	3591
287	41041	7142
288	41328	1952
289	41616	2876
290	41905	2303
291	42195	1291
292	42486	2259
293	42778	1906
294	43071	1679
295	43365	1867
296	43660	1738
297	43956	2479
298	44253	2075
299	44551	2155
300	44850	2311
301	45150	2860
302	45451	2036
303	45753	2464
304	46056	2291
305	46360	2028
306	46665	2077
307	46971	2577
308	47278	2502
309	47586	3267
310	47895	2165
311	48205	4374
312	48516	1870
313	48828	2118
314	49141	2116
315	49455	22227
316	49770	2773
317	50086	7313
318	50403	2008
319	50721	2180
320	51040	2372
321	51360	2473
322	51681	2305
323	52003	2535
324	52326	1514
325	52650	2915
326	52975	2231
327	53301	2038
328	53628	2019
329	53956	2230
330	54285	1324
331	54615	1903
332	54946	2005
333	55278	2520
334	55611	3295
335	55945	3348
336	56280	2184
337	56616	2142
338	56953	4695
339	57291	4179
340	57630	4680
341	57970	2660
342	58311	5629
343	58653	4857
344	58996	4060
345	59340	4062
346	59685	4539
347	60031	3797
348	60378	2542
349	60726	2277
350	61075	2554
351	61425	4119
352	61776	2133
353	62128	2783
354	62481	3002
355	62835	2195
356	63190	2701
357	63546	5085
358	63903	4408
359	64261	2057
360	64620	4757
361	64980	94998
362	65341	4727
363	65703	2262
364	66066	2401
365	66430	4769
366	66795	4110
367	67161	4098
368	67528	4081
369	67896	2699
370	68265	2258
371	68635	4383
372	69006	4177
373	69378	2588
374	69751	2383
375	70125	2435
376	70500	2266
377	70876	4521
378	71253	5604
379	71631	4300
380	72010	4142
381	72390	4229
382	72771	2416
383	73153	8446
384	73536	2370
385	73920	3754
386	74305	3254
387	74691	3671
388	75078	8459
389	75466	4373
390	75855	2467
391	76245	2434
392	76636	3047
393	77028	3050
394	77421	1724
395	77815	3593
396	78210	4630
397	78606	3341
398	79003	1697
399	79401	1775
400	79800	2451
401	80200	1997
402	80601	2747
403	81003	2391
404	81406	2803
405	81810	2624
406	82215	3012
407	82621	2730
408	83028	3023
409	83436	6051
410	83845	2460
411	84255	2620
412	84666	1912
413	85078	4368
414	85491	6132
415	85905	41566
416	86320	8194
417	86736	4015
418	87153	4433
419	87571	2699
420	87990	1793
421	88410	2692
422	88831	2990
423	89253	2995
424	89676	4396
425	90100	2976
426	90525	105218
427	90951	2691
428	91378	18604
429	91806	3007
430	92235	2998
431	92665	4799
432	93096	2036
433	93528	2521
434	93961	3070
435	94395	3440
436	94830	3884
437	95266	3430
438	95703	3500
439	96141	2195
440	96580	3446
441	97020	3509
442	97461	3480
443	97903	2544
444	98346	2642
445	98790	2786
446	99235	3334
447	99681	94283
448	100128	5252
449	100576	3240
450	101025	3571
451	101475	5393
452	101926	11255
453	102378	2980
454	102831	2839
455	103285	2879
456	103740	2785
457	104196	3400
458	104653	3585
459	105111	2570
460	105570	3251
461	106030	3491
462	106491	3564
463	106953	3771
464	107416	3645
465	107880	4003
466	108345	3908
467	108811	4244
468	109278	3529
469	109746	3962
470	110215	3819
471	110685	3805
472	111156	3331
473	111628	3532
474	112101	3959
475	112575	3270
476	113050	2503
477	113526	4582
478	114003	2022
479	114481	3358
480	114960	4873
481	115440	4166
482	115921	3085
483	116403	3439
484	116886	3277
485	117370	3889
486	117855	2651
487	118341	4034
488	118828	3284
489	119316	2557
490	119805	3157
491	120295	3675
492	120786	3630
493	121278	4046
494	121771	2727
495	122265	3691
496	122760	2882
497	123256	2961
498	123753	94493
499	124251	3511
500	124750	3610
501	125250	4284
502	125751	3182
503	126253	3008
504	126756	4254
505	127260	4216
506	127765	4483
507	128271	4459
508	128778	3496
509	129286	3349
510	129795	3845
511	130305	3366
512	130816	3048
513	131328	2939
514	131841	2611
515	132355	3584
516	132870	3405
517	133386	11959
518	133903	30865
519	134421	3646
520	134940	3851
521	135460	5070
522	135981	3825
523	136503	2744
524	137026	6177
525	137550	5614
526	138075	2489
527	138601	6745
528	139128	6359
529	139656	3503
530	140185	3974
531	140715	4241
532	141246	3602
533	141778	3993
534	142311	2955
535	142845	9312
536	143380	4196
537	143916	7240
538	144453	3935
539	144991	2803
540	145530	4470
541	146070	6634
542	146611	6705
543	147153	3980
544	147696	4659
545	148240	4240
546	148785	45642
547	149331	8378
548	149878	6388
549	150426	11790
550	150975	5677
551	151525	7459
552	152076	3107
553	152628	3088
554	153181	3396
555	153735	116775
556	154290	4163
557	154846	6300
558	155403	3584
559	155961	6845
560	156520	6841
561	157080	4251
562	157641	5899
563	158203	7576
564	158766	4670
565	159330	8389
566	159895	4351
567	160461	6615
568	161028	4738
569	161596	4131
570	162165	3802
571	162735	9682
572	163306	7486
573	163878	4752
574	164451	4646
575	165025	5140
576	165600	7394
577	166176	7114
578	166753	3779
579	167331	4219
580	167910	4122
581	168490	4264
582	169071	3686
583	169653	4008
584	170236	23332
585	170820	4803
586	171405	7933
587	171991	4495
588	172578	4235
589	173166	9422
590	173755	6697
591	174345	3947
592	174936	6924
593	175528	6819
594	176121	8688
595	176715	6496
596	177310	6513
597	177906	4367
598	178503	8788
599	179101	6250
600	179700	4669
601	180300	3299
602	180901	6074
603	181503	6446
604	182106	5286
605	182710	4227
606	183315	173703
607	183921	6731
608	184528	4882
609	185136	4640
610	185745	4087
611	186355	4367
612	186966	3124
613	187578	5182
614	188191	8368
615	188805	5990
616	189420	4295
617	190036	7970
618	190653	4089
619	191271	3785
620	191890	4579
621	192510	5966
622	193131	5898
623	193753	4153
624	194376	6972
625	195000	5789
626	195625	4124
627	196251	7615
628	196878	5932
629	197506	5795
630	198135	8323
631	198765	4078
632	199396	3934
633	200028	4378
634	200661	3275
635	201295	4669
636	201930	5031
637	202566	6377
638	203203	5813
639	203841	5541
640	204480	4463
641	205120	11634
642	205761	4911
643	206403	6552
644	207046	5833
645	207690	5304
646	208335	6110
647	208981	6004
648	209628	7706
649	210276	5459
650	210925	61928
651	211575	6841
652	212226	6246
653	212878	4623
654	213531	4782
655	214185	6225
656	214840	5526
657	215496	8430
658	216153	6576
659	216811	19769
660	217470	8031
661	218130	4970
662	218791	3011
663	219453	5834
664	220116	5746
665	220780	4798
666	221445	4066
667	222111	9288
668	222778	6002
669	223446	5366
670	224115	24718
671	224785	4954
672	225456	9851
673	226128	4916
674	226801	8891
675	227475	8889
676	228150	9075
677	228826	4370
678	229503	5405
679	230181	7319
680	230860	4785
681	231540	4935
682	232221	4764
683	232903	5045
684	233586	5653
685	234270	6870
686	234955	4949
687	235641	10987
688	236328	5752
689	237016	15272
690	237705	6160
691	238395	137887
692	239086	4209
693	239778	8872
694	240471	4601
695	241165	4548
696	241860	5070
697	242556	5074
698	243253	4400
699	243951	5302
700	244650	10930
701	245350	5934
702	246051	7384
703	246753	7240
704	247456	5354
705	248160	21332
706	248865	10616
707	249571	5146
708	250278	4919
709	250986	3487
710	251695	5937
711	252405	5377
712	253116	8659
713	253828	8155
714	254541	4520
715	255255	4216
716	255970	7246
717	256686	6981
718	257403	5291
719	258121	3872
720	258840	5301
721	259560	7613
722	260281	5167
723	261003	3667
724	261726	5746
725	262450	5370
726	263175	31224
727	263901	5667
728	264628	6713
729	265356	8122
730	266085	4462
731	266815	4150
732	267546	7400
733	268278	5613
734	269011	5223
735	269745	5715
736	270480	5417
737	271216	5121
738	271953	8010
739	272691	3817
740	273430	5525
741	274170	5303
742	274911	9574
743	275653	9310
744	276396	7742
745	277140	131893
746	277885	7908
747	278631	9009
748	279378	4777
749	280126	4053
750	280875	8126
751	281625	5950
752	282376	5606
753	283128	7044
754	283881	5641
755	284635	4826
756	285390	5351
757	286146	4917
758	286903	5397
759	287661	71062
760	288420	10487
761	289180	6856
762	289941	6384
763	290703	7491
764	291466	5625
765	292230	4596
766	292995	7445
767	293761	6213
768	294528	15621
769	295296	5629
770	296065	10011
771	296835	11504
772	297606	5966
773	298378	6388
774	299151	5854
775	299925	6326
776	300700	5540
777	301476	6542
778	302253	6215
779	303031	5950
780	303810	24565
781	304590	6303
782	305371	9789
783	306153	7455
784	306936	6702
785	307720	7354
786	308505	5021
787	309291	4244
788	310078	5986
789	310866	5913
790	311655	4517
791	312445	5659
792	313236	4770
793	314028	8074
794	314821	5375
795	315615	5063
796	316410	5108
797	317206	8369
798	318003	9482
799	318801	11331
800	319600	5842
801	320400	5386
802	321201	5981
803	322003	135255
804	322806	5174
805	323610	5523
806	324415	12695
807	325221	6278
808	326028	6165
809	326836	10549
810	327645	6620
811	328455	164077
812	329266	9831
813	330078	9479
814	330891	7454
815	331705	5649
816	332520	5137
817	333336	9320
818	334153	13174
819	334971	11909
820	335790	14115
821	336610	6230
822	337431	5850
823	338253	5338
824	339076	14485
825	339900	10655
826	340725	10370
827	341551	11771
828	342378	99555
829	343206	5026
830	344035	9756
831	344865	5925
832	345696	13982
833	346528	10196625
834	347361	4904
835	348195	5929
836	349030	6701
837	349866	4315
838	350703	6607
839	351541	5654
840	352380	8108
841	353220	5799
842	354061	5436
843	354903	9704
844	355746	32198
845	356590	11826
846	357435	11464
847	358281	4744
848	359128	5978
849	359976	6229
850	360825	34789
851	361675	5930
852	362526	5986
853	363378	4988
854	364231	18763
855	365085	6855
856	365940	7085
857	366796	6484
858	367653	6422
859	368511	11992
860	369370	4553
861	370230	9884
862	371091	7138
863	371953	6655
864	372816	4454
865	373680	6351
866	374545	4808
867	375411	6467
868	376278	4964
869	377146	5035
870	378015	31462
871	378885	6755
872	379756	7104
873	380628	6144
874	381501	6598
875	382375	6774
876	383250	6713
877	384126	5532
878	385003	5514
879	385881	5422
880	386760	6596
881	387640	7054
882	388521	5306
883	389403	7674
884	390286	13135
885	391170	7824
886	392055	7755
887	392941	7847
888	393828	5711
889	394716	6984
890	395605	8778
891	396495	26621
892	397386	6704
893	398278	7098
894	399171	7366
895	400065	7083
896	400960	7121
897	401856	11510
898	402753	24457
899	403651	5545
900	404550	8050
901	405450	7518
902	406351	6952
903	407253	11323
904	408156	7060
905	409060	9581
906	409965	5536
907	410871	7649
908	411778	7481
909	412686	7310
910	413595	8634
911	414505	7520
912	415416	6956
913	416328	6934
914	417241	6981
915	418155	6922
916	419070	10419
917	419986	7815
918	420903	8689
919	421821	10309
920	422740	6889
921	423660	58365
922	424581	6892
923	425503	7500
924	426426	6895
925	427350	7935
926	428275	10429
927	429201	7082
928	430128	7514
929	431056	7067
930	431985	7622
931	432915	9148
932	433846	7302
933	434778	8850
934	435711	159294
935	436645	12663
936	437580	7072
937	438516	7232
938	439453	6660
939	440391	51326
940	441330	7970
941	442270	5602
942	443211	7453
943	444153	6777
944	445096	5788
945	446040	7626
946	446985	6849
947	447931	12770
948	448878	5735
949	449826	7797
950	450775	5592
951	451725	6181
952	452676	11124
953	453628	7587
954	454581	11144
955	455535	5919
956	456490	8911
957	457446	7878
958	458403	14035
959	459361	56482
960	460320	7825
961	461280	8125
962	462241	7405
963	463203	7871
964	464166	107326
965	465130	7484
966	466095	7040
967	467061	7849
968	468028	7486
969	468996	43086
970	469965	7664
971	470935	7727
972	471906	5856
973	472878	7632
974	473851	6019
975	474825	5640
976	475800	12248
977	476776	7439
978	477753	7254
979	478731	7366
980	479710	5821
981	480690	7445
982	481671	7623
983	482653	7658
984	483636	7317
985	484620	146168
986	485605	7489
987	486591	6505
988	487578	29306
989	488566	9987
990	489555	5705
991	490545	8062
992	491536	7447
993	492528	6492
994	493521	11148
995	494515	8124
996	495510	9825
997	496506	7043
998	497503	8351
999	498501	7334
1000	499500	7171
1001	500500	176267
1002	501501	121432
1003	502503	9153
1004	503506	8453
1005	504510	6332
1006	505515	7459
1007	506521	5900
1008	507528	8365
1009	508536	6148
1010	509545	7449
1011	510555	10284
1012	511566	7753
1013	512578	8015
1014	513591	7706
1015	514605	7490
1016	515620	14380
1017	516636	8888
1018	517653	11382
1019	518671	29877
1020	519690	8082
1021	520710	7271
1022	521731	6197
1023	522753	7195
1024	523776	7449
1025	524800	18473
1026	525825	8359
1027	526851	94167
1028	527878	6989
1029	528906	6484
1030	529935	8281
1031	530965	14484
1032	531996	19041
1033	533028	7995
1034	534061	16090
1035	535095	13184
1036	536130	7757
1037	537166	111285
1038	538203	14985
1039	539241	6910
1040	540280	7676
1041	541320	106556
1042	542361	12404
1043	543403	13395
1044	544446	18379
1045	545490	15085
1046	546535	13408
1047	547581	112939
1048	548628	13003
1049	549676	12552
1050	550725	6555
1051	551775	15821
1052	552826	7783
1053	553878	8507
1054	554931	8275
1055	555985	8861
1056	557040	15558
1057	558096	171976
1058	559153	8361
1059	560211	9465
1060	561270	7986
1061	562330	8967
1062	563391	23232
1063	564453	16082
1064	565516	23489
1065	566580	30147
1066	567645	7724
1067	568711	8929
1068	569778	9171
1069	570846	7401
1070	571915	7307
1071	572985	5790
1072	574056	7597
1073	575128	5845
1074	576201	6694
1075	577275	8795
1076	578350	105193
1077	579426	14279
1078	580503	7967
1079	581581	8218
1080	582660	7837
1081	583740	8010
1082	584821	8728
1083	585903	5658
1084	586986	6600
1085	588070	6239
1086	589155	8124
1087	590241	7653
1088	591328	14852
1089	592416	14870
1090	593505	14896
1091	594595	15311
1092	595686	14997
1093	596778	6736
1094	597871	14943
1095	598965	13856
1096	600060	14798
1097	601156	12632
1098	602253	6898
1099	603351	9247
1100	604450	7191
1101	605550	103335
1102	606651	13052
1103	607753	16111
1104	608856	14909
1105	609960	33899
1106	611065	13537
1107	612171	9609
1108	613278	9715
1109	614386	8772
1110	615495	9580
1111	616605	8583
1112	617716	8764
1113	618828	8977
1114	619941	16144
1115	621055	9414
1116	622170	17641
1117	623286	15204
1118	624403	20187
1119	625521	7963
1120	626640	16406
1121	627760	6897
1122	628881	6783
1123	630003	13351
1124	631126	16580
1125	632250	163900
1126	633375	14465
1127	634501	6776
1128	635628	7687
1129	636756	9490
1130	637885	14578
1131	639015	15256
1132	640146	15165
1133	641278	14209
1134	642411	8757
1135	643545	8454
1136	644680	15938
1137	645816	14354
1138	646953	7542
1139	648091	12244
1140	649230	13849
1141	650370	8642
1142	651511	14030
1143	652653	8580
1144	653796	15058
1145	654940	11540
1146	656085	155599
1147	657231	9514
1148	658378	9091
1149	659526	14484
1150	660675	14797
1151	661825	7229
1152	662976	14026
1153	664128	9059
1154	665281	6975
1155	666435	15892
1156	667590	17067
1157	668746	8748
1158	669903	9977
1159	671061	8236
1160	672220	8703
1161	673380	8614
1162	674541	10868
1163	675703	8190
1164	676866	9726
1165	678030	13595
1166	679195	9195
1167	680361	6575
1168	681528	17443
1169	682696	6397
1170	683865	7449
1171	685035	8645
1172	686206	10417
1173	687378	185718
1174	688551	7430
1175	689725	146050
1176	690900	13595
1177	692076	9375
1178	693253	20918
1179	694431	7723
1180	695610	16195
1181	696790	16368
1182	697971	9193
1183	699153	8670
1184	700336	8534
1185	701520	35128
1186	702705	9768
1187	703891	9397
1188	705078	12593
1189	706266	16024
1190	707455	7427
1191	708645	18121
1192	709836	8945
1193	711028	9370
1194	712221	10073
1195	713415	184824
1196	714610	8003
1197	715806	8872
1198	717003	12960
1199	718201	14828
1200	719400	15835
1201	720600	15521
1202	721801	40837
1203	723003	9847
1204	724206	14943
1205	725410	8143
1206	726615	13990
1207	727821	15417
1208	729028	8259
1209	730236	14174
1210	731445	14964
1211	732655	8503
1212	733866	9107
1213	735078	8112
1214	736291	12889
1215	737505	14983
1216	738720	14065
1217	739936	9525
1218	741153	14566
1219	742371	12513
1220	743590	10570
1221	744810	14424
1222	746031	11200
1223	747253	13440
1224	748476	14530
1225	749700	11198
1226	750925	9186
1227	752151	8310
1228	753378	9071
1229	754606	10011
1230	755835	9036
1231	757065	7800
1232	758296	14927
1233	759528	7902
1234	760761	15143
1235	761995	9214
1236	763230	8956
1237	764466	13161
1238	765703	9121
1239	766941	27517
1240	768180	11962
1241	769420	7705
1242	770661	8650
1243	771903	9246
1244	773146	9148
1245	774390	68986
1246	775635	8352
1247	776881	19993
1248	778128	15336
1249	779376	14411
1250	780625	111326
1251	781875	9394
1252	783126	8884
1253	784378	179528
1254	785631	16653
1255	786885	14357
1256	788140	8030
1257	789396	8354
1258	790653	12370
1259	791911	9643
1260	793170	7380
1261	794430	8138
1262	795691	15880
1263	796953	13664
1264	798216	14054
1265	799480	8169
1266	800745	7367
1267	802011	66372
1268	803278	13195
1269	804546	7722
1270	805815	19540
1271	807085	16427
1272	808356	12504
1273	809628	8283
1274	810901	7818
1275	812175	10260
1276	813450	14418
1277	814726	9120
1278	816003	21060
1279	817281	12243
1280	818560	24331
1281	819840	109040
1282	821121	12408
1283	822403	12292
1284	823686	6715
1285	824970	8446
1286	826255	58688
1287	827541	11033
1288	828828	12499
1289	830116	11222
1290	831405	16125
1291	832695	8941
1292	833986	9626
1293	835278	7497
1294	836571	9822
1295	837865	26492
1296	839160	7624
1297	840456	15051
1298	841753	6524
1299	843051	172590
1300	844350	129527
1301	845650	22143
1302	846951	14040
1303	848253	7641
1304	849556	8066
1305	850860	68939
1306	852165	12601
1307	853471	112951
1308	854778	9771
1309	856086	9850
1310	857395	10191
1311	858705	13835
1312	860016	8155
1313	861328	7138
1314	862641	8350
1315	863955	9802
1316	865270	50508
1317	866586	7870
1318	867903	13873
1319	869221	8396
1320	870540	12398
1321	871860	11273
1322	873181	12037
1323	874503	9696
1324	875826	7126
1325	877150	7595
1326	878475	11608
1327	879801	14009
1328	881128	10065
1329	882456	12880
1330	883785	9107
1331	885115	8735
1332	886446	8559
1333	887778	15354
1334	889111	6524
1335	890445	14803
1336	891780	70623
1337	893116	14112
1338	894453	157244
1339	895791	13421
1340	897130	11825
1341	898470	7663
1342	899811	9821
1343	901153	10629
1344	902496	20112
1345	903840	142232
1346	905185	9409
1347	906531	14864
1348	907878	8809
1349	909226	20124
1350	910575	8752
1351	911925	61280
1352	913276	17059
1353	914628	42515
1354	915981	9884
1355	917335	9607
1356	918690	182296
1357	920046	10562
1358	921403	8254
1359	922761	9927
1360	924120	9119
1361	925480	9028
1362	926841	15050
1363	928203	10440
1364	929566	9564
1365	930930	9977
1366	932295	10179
1367	933661	10290
1368	935028	18260
1369	936396	11907
1370	937765	13958
1371	939135	11143
1372	940506	9001
1373	941878	13958
1374	943251	9579
1375	944625	11854
1376	946000	9678
1377	947376	8275
1378	948753	10248
1379	950131	11716
1380	951510	7805
1381	952890	14124
1382	954271	9935
1383	955653	7666
1384	957036	12907
1385	958420	9045
1386	959805	9103
1387	961191	27831
1388	962578	9019
1389	963966	165199
1390	965355	8590
1391	966745	14334
1392	968136	11008
1393	969528	10354
1394	970921	19257
1395	972315	9702
1396	973710	10127
1397	975106	8828
1398	976503	11545
1399	977901	11135
1400	979300	11275
1401	980700	8784
1402	982101	7554
1403	983503	12088
1404	984906	162690
1405	986310	12720
1406	987715	12335
1407	989121	11701
1408	990528	10005
1409	991936	9085
1410	993345	8349
1411	994755	11675
1412	996166	10446
1413	997578	10883
1414	998991	11213
1415	1000405	13409
1416	1001820	12982
1417	1003236	10033
1418	1004653	11420
1419	1006071	10812
1420	1007490	11590
1421	1008910	160031
1422	1010331	9939
1423	1011753	10756
1424	1013176	8335
1425	1014600	13034
1426	1016025	12845
1427	1017451	11837
1428	1018878	10770
1429	1020306	11652
1430	1021735	13730
1431	1023165	11820
1432	1024596	8808
1433	1026028	11078
1434	1027461	9901
1435	1028895	13075
1436	1030330	11586
1437	1031766	9592
1438	1033203	91867
1439	1034641	9083
1440	1036080	17688
1441	1037520	148265
1442	1038961	11710
1443	1040403	13574
1444	1041846	9128
1445	1043290	11809
1446	1044735	10687
1447	1046181	11313
1448	1047628	10792
1449	1049076	10450
1450	1050525	11787
1451	1051975	21156
1452	1053426	11346
1453	1054878	12238
1454	1056331	17942
1455	1057785	11525
1456	1059240	11168
1457	1060696	10301
1458	1062153	11964
1459	1063611	165058
1460	1065070	9075
1461	1066530	17600
1462	1067991	17014
1463	1069453	11373
1464	1070916	11083
1465	1072380	11680
1466	1073845	12721
1467	1075311	9914
1468	1076778	8954
1469	1078246	8533
1470	1079715	10787
1471	1081185	9239
1472	1082656	10498
1473	1084128	13657
1474	1085601	9163
1475	1087075	9330
1476	1088550	10754
1477	1090026	8980
1478	1091503	12736
1479	1092981	10677
1480	1094460	9672
1481	1095940	10424
1482	1097421	11196
1483	1098903	9327
1484	1100386	10641
1485	1101870	11325
1486	1103355	14026
1487	1104841	8857
1488	1106328	152660
1489	1107816	10790
1490	1109305	8814
1491	1110795	12574
1492	1112286	9046
1493	1113778	11177
1494	1115271	13260
1495	1116765	9086
1496	1118260	30401
1497	1119756	12742
1498	1121253	9792
1499	1122751	95821
1500	1124250	11773
1501	1125750	11376
1502	1127251	11343
1503	1128753	10688
1504	1130256	11579
1505	1131760	9991
1506	1133265	8017
1507	1134771	12406
1508	1136278	9380
1509	1137786	11771
1510	1139295	22407
1511	1140805	14041
1512	1142316	9751
1513	1143828	8580
1514	1145341	9172
1515	1146855	11294
1516	1148370	11343
1517	1149886	9441
1518	1151403	11097
1519	1152921	13793
1520	1154440	9445
1521	1155960	10723
1522	1157481	13632
1523	1159003	11141
1524	1160526	11966
1525	1162050	13134
1526	1163575	139226
1527	1165101	10510
1528	1166628	11666
1529	1168156	10115
1530	1169685	14121
1531	1171215	8888
1532	1172746	87921
1533	1174278	12930
1534	1175811	11549
1535	1177345	9352
1536	1178880	9204
1537	1180416	8502
1538	1181953	118921
1539	1183491	13417
1540	1185030	14662
1541	1186570	46541
1542	1188111	11052
1543	1189653	12463
1544	1191196	24408
1545	1192740	7846
1546	1194285	8957
1547	1195831	15453
1548	1197378	13131
1549	1198926	14197
1550	1200475	15758
1551	1202025	8167
1552	1203576	16730
1553	1205128	13610
1554	1206681	7840
1555	1208235	10731
1556	1209790	8983
1557	1211346	11347
1558	1212903	9578
1559	1214461	8892
1560	1216020	18612
1561	1217580	10983
1562	1219141	29229
1563	1220703	12982
1564	1222266	13946
1565	1223830	157348
1566	1225395	11310
1567	1226961	9213
1568	1228528	12597
1569	1230096	17904
1570	1231665	16332
1571	1233235	11812
1572	1234806	11043
1573	1236378	34372
1574	1237951	17012
1575	1239525	16061
1576	1241100	15895
1577	1242676	10672
1578	1244253	16948
1579	1245831	13541
1580	1247410	20391
1581	1248990	15094
1582	1250571	65138
1583	1252153	18014
1584	1253736	15370
1585	1255320	15660
1586	1256905	17297
1587	1258491	14383
1588	1260078	16247
1589	1261666	11497
1590	1263255	11102
1591	1264845	9189
1592	1266436	17247
1593	1268028	12420
1594	1269621	9654
1595	1271215	10214
1596	1272810	20996
1597	1274406	11927
1598	1276003	17110
1599	1277601	19844
1600	1279200	9980
1601	1280800	10250
1602	1282401	18779
1603	1284003	9230
1604	1285606	17509
1605	1287210	15328
1606	1288815	10643
1607	1290421	9598
1608	1292028	14580
1609	1293636	14271
1610	1295245	17950
1611	1296855	12854
1612	1298466	17569
1613	1300078	17071
1614	1301691	17227
1615	1303305	10187
1616	1304920	14672
1617	1306536	16916
1618	1308153	14329
1619	1309771	11517
1620	1311390	10593
1621	1313010	11756
1622	1314631	16885
1623	1316253	20462
1624	1317876	11896
1625	1319500	15250
1626	1321125	10119
1627	1322751	15888
1628	1324378	30193
1629	1326006	12036
1630	1327635	10763
1631	1329265	11673
1632	1330896	9966
1633	1332528	12212
1634	1334161	17111
1635	1335795	7648
1636	1337430	10968
1637	1339066	12081
1638	1340703	16020
1639	1342341	8531
1640	1343980	11302
1641	1345620	9403
1642	1347261	12025
1643	1348903	16158
1644	1350546	16683
1645	1352190	10390
1646	1353835	11549
1647	1355481	10946
1648	1357128	11279
1649	1358776	13876
1650	1360425	15024
1651	1362075	13542
1652	1363726	13530
1653	1365378	12320
1654	1367031	13502
1655	1368685	18702
1656	1370340	17703
1657	1371996	10999
1658	1373653	14028
1659	1375311	15205
1660	1376970	15223
1661	1378630	11812
1662	1380291	15485
1663	1381953	12608
1664	1383616	11596
1665	1385280	11065
1666	1386945	11085
1667	1388611	12261
1668	1390278	14095
1669	1391946	17760
1670	1393615	19094
1671	1395285	29301
1672	1396956	12531
1673	1398628	16075
1674	1400301	16337
1675	1401975	15678
1676	1403650	12600
1677	1405326	19212
1678	1407003	10028
1679	1408681	10315
1680	1410360	113020
1681	1412040	16877
1682	1413721	11797
1683	1415403	16976
1684	1417086	8250
1685	1418770	12430
1686	1420455	104989
1687	1422141	34830
1688	1423828	15638
1689	1425516	115003
1690	1427205	11848
1691	1428895	16029
1692	1430586	11107
1693	1432278	31645
1694	1433971	18327
1695	1435665	17319
1696	1437360	11959
1697	1439056	9524
1698	1440753	156996
1699	1442451	92488
1700	1444150	17951
1701	1445850	12857
1702	1447551	15109
1703	1449253	17955
1704	1450956	18453
1705	1452660	190575
1706	1454365	25874
1707	1456071	36660
1708	1457778	105921
1709	1459486	12399
1710	1461195	20009
1711	1462905	17528
1712	1464616	10050
1713	1466328	12908
1714	1468041	15476
1715	1469755	13689
1716	1471470	17534
1717	1473186	15366
1718	1474903	12791
1719	1476621	132828
1720	1478340	13041
1721	1480060	10229
1722	1481781	28265
1723	1483503	15541
1724	1485226	11216
1725	1486950	11133
1726	1488675	19191
1727	1490401	17265
1728	1492128	17050
1729	1493856	18149
1730	1495585	16522
1731	1497315	11174
1732	1499046	27308
1733	1500778	11688
1734	1502511	21395
1735	1504245	11492
1736	1505980	13280
1737	1507716	20193
1738	1509453	18508
1739	1511191	14714
1740	1512930	17760
1741	1514670	20158
1742	1516411	10842
1743	1518153	11275
1744	1519896	17935
1745	1521640	17076
1746	1523385	11204
1747	1525131	12519
1748	1526878	12491
1749	1528626	18365
1750	1530375	159802
1751	1532125	10886
1752	1533876	13683
1753	1535628	19066
1754	1537381	16927
1755	1539135	14040
1756	1540890	13227
1757	1542646	22720
1758	1544403	20826
1759	1546161	14442
1760	1547920	10179
1761	1549680	17801
1762	1551441	16101
1763	1553203	12962
1764	1554966	10314
1765	1556730	26561
1766	1558495	10383
1767	1560261	66754
1768	1562028	11880
1769	1563796	8792
1770	1565565	19900
1771	1567335	10790
1772	1569106	10465
1773	1570878	11661
1774	1572651	17711
1775	1574425	11116
1776	1576200	15417
1777	1577976	19651
1778	1579753	12777
1779	1581531	14358
1780	1583310	8395
1781	1585090	11388
1782	1586871	12384
1783	1588653	18086
1784	1590436	13110
1785	1592220	71348
1786	1594005	13227
1787	1595791	11904
1788	1597578	18893
1789	1599366	11923
1790	1601155	17817
1791	1602945	19412
1792	1604736	11918
1793	1606528	16931
1794	1608321	14578
1795	1610115	11874
1796	1611910	13795
1797	1613706	12678
1798	1615503	11675
1799	1617301	13304
1800	1619100	13489
1801	1620900	10363
1802	1622701	14224
1803	1624503	14295
1804	1626306	10627
1805	1628110	11720
1806	1629915	14022
1807	1631721	10891
1808	1633528	12171
1809	1635336	14373
1810	1637145	53500
1811	1638955	13512
1812	1640766	11162
1813	1642578	13301
1814	1644391	11853
1815	1646205	14423
1816	1648020	11246
1817	1649836	16490
1818	1651653	28496
1819	1653471	11311
1820	1655290	13847
1821	1657110	14910
1822	1658931	15477
1823	1660753	13924
1824	1662576	13278
1825	1664400	17855
1826	1666225	14731
1827	1668051	12923
1828	1669878	11029
1829	1671706	14825
1830	1673535	12942
1831	1675365	105378
1832	1677196	11790
1833	1679028	11889
1834	1680861	15709
1835	1682695	10772
1836	1684530	88102
1837	1686366	24873
1838	1688203	13960
1839	1690041	11312
1840	1691880	10823
1841	1693720	15344
1842	1695561	43768
1843	1697403	14459
1844	1699246	15161
1845	1701090	14723
1846	1702935	17802
1847	1704781	62055
1848	1706628	11098
1849	1708476	71767
1850	1710325	14879
1851	1712175	13156
1852	1714026	15371
1853	1715878	12917
1854	1717731	172241
1855	1719585	13079
1856	1721440	13255
1857	1723296	13796
1858	1725153	11879
1859	1727011	69243
1860	1728870	13594
1861	1730730	18330
1862	1732591	15807
1863	1734453	14366
1864	1736316	13886
1865	1738180	14117
1866	1740045	15527
1867	1741911	14506
1868	1743778	13525
1869	1745646	152619
1870	1747515	11247
1871	1749385	41095
1872	1751256	10764
1873	1753128	15667
1874	1755001	14223
1875	1756875	14264
1876	1758750	16118
1877	1760626	14654
1878	1762503	14290
1879	1764381	13914
1880	1766260	15181
1881	1768140	18433
1882	1770021	22041
1883	1771903	14020
1884	1773786	12798
1885	1775670	13784
1886	1777555	16187
1887	1779441	15352
1888	1781328	15257
1889	1783216	14772
1890	1785105	14064
1891	1786995	15189
1892	1788886	14475
1893	1790778	14571
1894	1792671	14118
1895	1794565	14107
1896	1796460	15484
1897	1798356	11430
1898	1800253	24170
1899	1802151	14607
1900	1804050	14371
1901	1805950	14644
1902	1807851	13341
1903	1809753	14793
1904	1811656	43350
1905	1813560	13641
1906	1815465	135694
1907	1817371	12616
1908	1819278	17248
1909	1821186	16516
1910	1823095	13704
1911	1825005	13792
1912	1826916	14474
1913	1828828	15537
1914	1830741	11841
1915	1832655	13333
1916	1834570	11420
1917	1836486	55368
1918	1838403	14629
1919	1840321	14385
1920	1842240	59510
1921	1844160	13641
1922	1846081	11190
1923	1848003	97774
1924	1849926	15089
1925	1851850	15288
1926	1853775	14287
1927	1855701	62294
1928	1857628	15370
1929	1859556	20361
1930	1861485	14415
1931	1863415	14446
1932	1865346	14059
1933	1867278	15729
1934	1869211	15143
1935	1871145	15447
1936	1873080	14199
1937	1875016	12982
1938	1876953	13663
1939	1878891	14711
1940	1880830	15899
1941	1882770	111051
1942	1884711	16031
1943	1886653	28617
1944	1888596	179209
1945	1890540	22665
1946	1892485	17365
1947	1894431	19357
1948	1896378	13776
1949	1898326	12837
1950	1900275	14067
1951	1902225	12613
1952	1904176	55222
1953	1906128	11366
1954	1908081	13513
1955	1910035	14682
1956	1911990	91040
1957	1913946	14580
1958	1915903	10929
1959	1917861	12103
1960	1919820	14320
1961	1921780	163159
1962	1923741	15201
1963	1925703	20310
1964	1927666	27461
1965	1929630	14294
1966	1931595	59609
1967	1933561	12316
1968	1935528	14711
1969	1937496	11578
1970	1939465	13954
1971	1941435	18265
1972	1943406	78339
1973	1945378	14641
1974	1947351	13983
1975	1949325	17378
1976	1951300	14363
1977	1953276	14138
1978	1955253	17430
1979	1957231	15383
1980	1959210	13686
1981	1961190	11488
1982	1963171	14735
1983	1965153	15305
1984	1967136	14672
1985	1969120	62520
1986	1971105	10921
1987	1973091	14641
1988	1975078	17376
1989	1977066	15580
1990	1979055	15714
1991	1981045	14375
1992	1983036	11854
1993	1985028	75684
1994	1987021	12691
1995	1989015	12812
1996	1991010	14423
1997	1993006	15708
1998	1995003	22269
1999	1997001	14335
2000	1999000	14530
2001	2001000	14926
2002	2003001	19706
2003	2005003	15458
2004	2007006	14582
2005	2009010	17971
2006	2011015	13221
2007	2013021	17396
2008	2015028	148380
2009	2017036	14674
2010	2019045	15196
2011	2021055	12701
2012	2023066	10257
2013	2025078	15554
2014	2027091	48835
2015	2029105	15054
2016	2031120	18327
2017	2033136	15179
2018	2035153	15293
2019	2037171	70315
2020	2039190	18639
2021	2041210	15857
2022	2043231	15531
2023	2045253	15226
2024	2047276	11803
2025	2049300	15320
2026	2051325	15595
2027	2053351	15465
2028	2055378	17299
2029	2057406	20953
2030	2059435	19446
2031	2061465	17089
2032	2063496	15442
2033	2065528	15085
2034	2067561	12188
2035	2069595	79753
2036	2071630	66754
2037	2073666	139237
2038	2075703	22429
2039	2077741	197834
2040	2079780	16985
2041	2081820	15429
2042	2083861	11815
2043	2085903	15242
2044	2087946	15849
2045	2089990	15433
2046	2092035	13893
2047	2094081	12412
2048	2096128	18617
2049	2098176	11557
2050	2100225	19576
2051	2102275	24221
2052	2104326	21182
2053	2106378	17975
2054	2108431	14238
2055	2110485	45620
2056	2112540	13946
2057	2114596	13448
2058	2116653	14226
2059	2118711	13984
2060	2120770	15999
2061	2122830	15429
2062	2124891	16150
2063	2126953	13782
2064	2129016	43571
2065	2131080	13429
2066	2133145	13012
2067	2135211	36540
2068	2137278	190778
2069	2139346	23824
2070	2141415	21628
2071	2143485	16061
2072	2145556	12822
2073	2147628	25065
2074	2149701	12515
2075	2151775	22241
2076	2153850	21487
2077	2155926	15213
2078	2158003	12588
2079	2160081	21682
2080	2162160	20583
2081	2164240	38513
2082	2166321	20397
2083	2168403	22969
2084	2170486	158105
2085	2172570	24362
2086	2174655	152002
2087	2176741	15179
2088	2178828	20697
2089	2180916	10534
2090	2183005	16391
2091	2185095	59533
2092	2187186	39561
2093	2189278	22358
2094	2191371	70099
2095	2193465	25345
2096	2195560	45926
2097	2197656	24132
2098	2199753	20560
2099	2201851	24919
2100	2203950	39708
2101	2206050	11910
2102	2208151	40225
2103	2210253	13995
2104	2212356	13019
2105	2214460	16028
2106	2216565	12323
2107	2218671	20712
2108	2220778	10832
2109	2222886	13773
2110	2224995	17090
2111	2227105	19576
2112	2229216	13037
2113	2231328	16379
2114	2233441	115191
2115	2235555	21914
2116	2237670	20015
2117	2239786	14926
2118	2241903	16710
2119	2244021	16155
2120	2246140	10211
2121	2248260	16612
2122	2250381	15671
2123	2252503	15312
2124	2254626	14932
2125	2256750	16181
2126	2258875	17547
2127	2261001	15773
2128	2263128	18242
2129	2265256	15670
2130	2267385	120724
2131	2269515	28344
2132	2271646	16942
2133	2273778	15687
2134	2275911	19388
2135	2278045	53871
2136	2280180	15975
2137	2282316	14731
2138	2284453	17323
2139	2286591	18924
2140	2288730	10767
2141	2290870	15980
2142	2293011	12351
2143	2295153	125199
2144	2297296	26982
2145	2299440	16012
2146	2301585	20812
2147	2303731	101184
2148	2305878	98062
2149	2308026	23270
2150	2310175	14568
2151	2312325	35573
2152	2314476	160646
2153	2316628	12721
2154	2318781	14962
2155	2320935	21665
2156	2323090	69310
2157	2325246	17325
2158	2327403	19206
2159	2329561	18839
2160	2331720	10644
2161	2333880	119119
2162	2336041	11248
2163	2338203	13417
2164	2340366	28079
2165	2342530	25159
2166	2344695	23549
2167	2346861	27212
2168	2349028	18796
2169	2351196	16381
2170	2353365	23803
2171	2355535	188051
2172	2357706	27608
2173	2359878	16241
2174	2362051	29694
2175	2364225	87448
2176	2366400	14598
2177	2368576	27826
2178	2370753	11816
2179	2372931	12274
2180	2375110	20017
2181	2377290	18908
2182	2379471	23360
2183	2381653	12465
2184	2383836	71671
2185	2386020	31219
2186	2388205	184382
2187	2390391	15253
2188	2392578	244506
2189	2394766	171887
2190	2396955	24541
2191	2399145	178327
2192	2401336	24047
2193	2403528	14926
2194	2405721	17137
2195	2407915	24990
2196	2410110	18697
2197	2412306	19340
2198	2414503	19247
2199	2416701	18423
2200	2418900	21914
2201	2421100	17160
2202	2423301	17083
2203	2425503	25253
2204	2427706	12514
2205	2429910	122575
2206	2432115	22526
2207	2434321	13514
2208	2436528	16277
2209	2438736	12987
2210	2440945	23683
2211	2443155	24844
2212	2445366	16809
2213	2447578	26405
2214	2449791	17745
2215	2452005	21210
2216	2454220	21089
2217	2456436	15226
2218	2458653	23754
2219	2460871	16884
2220	2463090	19178
2221	2465310	13124
2222	2467531	14154
2223	2469753	18969
2224	2471976	27548
2225	2474200	14336
2226	2476425	14224
2227	2478651	15385
2228	2480878	74248
2229	2483106	26172
2230	2485335	26977
2231	2487565	26036
2232	2489796	14696
2233	2492028	16808
2234	2494261	15429
2235	2496495	24455
2236	2498730	16174
2237	2500966	17139
2238	2503203	23397
2239	2505441	14628
2240	2507680	14441
2241	2509920	24381
2242	2512161	12566
2243	2514403	16181
2244	2516646	27344
2245	2518890	25571
2246	2521135	14442
2247	2523381	14308
2248	2525628	23735
2249	2527876	22239
2250	2530125	24231
2251	2532375	19296
2252	2534626	23355
2253	2536878	14630
2254	2539131	23460
2255	2541385	16801
2256	2543640	15390
2257	2545896	257540
2258	2548153	25445
2259	2550411	24369
2260	2552670	31540
2261	2554930	14373
2262	2557191	17493
2263	2559453	28406
2264	2561716	17328
2265	2563980	16380
2266	2566245	22677
2267	2568511	20438
2268	2570778	25117
2269	2573046	106385
2270	2575315	154847
2271	2577585	24690
2272	2579856	15613
2273	2582128	17195
2274	2584401	17606
2275	2586675	16713
2276	2588950	27392
2277	2591226	22535
2278	2593503	14159
2279	2595781	23257
2280	2598060	16265
2281	2600340	17699
2282	2602621	16684
2283	2604903	32750
2284	2607186	24304
2285	2609470	12471
2286	2611755	15295
2287	2614041	23437
2288	2616328	49864
2289	2618616	15285
2290	2620905	17526
2291	2623195	25319
2292	2625486	23097
2293	2627778	23126
2294	2630071	21016
2295	2632365	26071
2296	2634660	15881
2297	2636956	175938
2298	2639253	16820
2299	2641551	94209
2300	2643850	16502
2301	2646150	23622
2302	2648451	14516
2303	2650753	24459
2304	2653056	15668
2305	2655360	25512
2306	2657665	22119
2307	2659971	25023
2308	2662278	14712
2309	2664586	24685
2310	2666895	15588
2311	2669205	14560
2312	2671516	11773
2313	2673828	17203
2314	2676141	16516
2315	2678455	24521
2316	2680770	34433
2317	2683086	18081
2318	2685403	14942
2319	2687721	20938
2320	2690040	45399
2321	2692360	13310
2322	2694681	26680
2323	2697003	16569
2324	2699326	25426
2325	2701650	25199
2326	2703975	19353
2327	2706301	135177
2328	2708628	19909
2329	2710956	17238
2330	2713285	18488
2331	2715615	11805
2332	2717946	26456
2333	2720278	23515
2334	2722611	23364
2335	2724945	22077
2336	2727280	23363
2337	2729616	48208
2338	2731953	15146
2339	2734291	15865
2340	2736630	15969
2341	2738970	21076
2342	2741311	16059
2343	2743653	22608
2344	2745996	23029
2345	2748340	22952
2346	2750685	15133
2347	2753031	75146
2348	2755378	17293
2349	2757726	21621
2350	2760075	21280
2351	2762425	14664
2352	2764776	19966
2353	2767128	17072
2354	2769481	15231
2355	2771835	15605
2356	2774190	24517
2357	2776546	28754
2358	2778903	174873
2359	2781261	22870
2360	2783620	12669
2361	2785980	22333
2362	2788341	12216
2363	2790703	15842
2364	2793066	19738
2365	2795430	16707
2366	2797795	166667
2367	2800161	43477
2368	2802528	20272
2369	2804896	26655
2370	2807265	15944
2371	2809635	15313
2372	2812006	14798
2373	2814378	15596
2374	2816751	55345
2375	2819125	27193
2376	2821500	23530
2377	2823876	18020
2378	2826253	22180
2379	2828631	21821
2380	2831010	20846
2381	2833390	15631
2382	2835771	25734
2383	2838153	185528
2384	2840536	135437
2385	2842920	17406
2386	2845305	21555
2387	2847691	50006
2388	2850078	125156
2389	2852466	51409
2390	2854855	25264
2391	2857245	22677
2392	2859636	132177
2393	2862028	17509
2394	2864421	18068
2395	2866815	106428
2396	2869210	24566
2397	2871606	16621
2398	2874003	82143
2399	2876401	20758
2400	2878800	25496
2401	2881200	46347
2402	2883601	18853
2403	2886003	22538
2404	2888406	24403
2405	2890810	22539
2406	2893215	145413
2407	2895621	18926
2408	2898028	24854
2409	2900436	25663
2410	2902845	24106
2411	2905255	20609
2412	2907666	24717
2413	2910078	11767
2414	2912491	17992
2415	2914905	18232
2416	2917320	13376
2417	2919736	16450
2418	2922153	29811
2419	2924571	20776
2420	2926990	19840
2421	2929410	18375
2422	2931831	17964
2423	2934253	24194
2424	2936676	21444
2425	2939100	15604
2426	2941525	15394
2427	2943951	17823
2428	2946378	68235
2429	2948806	53995
2430	2951235	17590
2431	2953665	16065
2432	2956096	20239
2433	2958528	21004
2434	2960961	15376
2435	2963395	21887
2436	2965830	17487
2437	2968266	12954
2438	2970703	58087
2439	2973141	22324
2440	2975580	158449
2441	2978020	18004
2442	2980461	25063
2443	2982903	25538
2444	2985346	25089
2445	2987790	23751
2446	2990235	18870
2447	2992681	15183
2448	2995128	19035
2449	2997576	18307
2450	3000025	20179
2451	3002475	24659
2452	3004926	21480
2453	3007378	95579
2454	3009831	23098
2455	3012285	40503
2456	3014740	21003
2457	3017196	18525
2458	3019653	19361
2459	3022111	17917
2460	3024570	21703
2461	3027030	19468
2462	3029491	17731
2463	3031953	22095
2464	3034416	19717
2465	3036880	19779
2466	3039345	17982
2467	3041811	22208
2468	3044278	31057
2469	3046746	22964
2470	3049215	18213
2471	3051685	24949
2472	3054156	23120
2473	3056628	20246
2474	3059101	18929
2475	3061575	25134
2476	3064050	169297
2477	3066526	24850
2478	3069003	15170
2479	3071481	22046
2480	3073960	22946
2481	3076440	16825
2482	3078921	21245
2483	3081403	21012
2484	3083886	17792
2485	3086370	23869
2486	3088855	38640
2487	3091341	27828
2488	3093828	22343
2489	3096316	20514
2490	3098805	15896
2491	3101295	29939
2492	3103786	169437
2493	3106278	28635
2494	3108771	26786
2495	3111265	22412
2496	3113760	21739
2497	3116256	22598
2498	3118753	21155
2499	3121251	27995
2500	3123750	68631
