100	4950	702
101	5050	742
102	5151	4266
103	5253	4234
104	5356	859
105	5460	932
106	5565	1415
107	5671	1681
108	5778	69472
109	5886	1047
110	5995	621
111	6105	1246
112	6216	131106
113	6328	1638
114	6441	1064
115	6555	1165
116	6670	1554
117	6786	2629
118	6903	1918
119	7021	1512
120	7140	2791
121	7260	1980
122	7381	909
123	7503	1529
124	7626	775
125	7750	1672
126	7875	840
127	8001	911
128	8128	8434
129	8256	955
130	8385	1232
131	8515	1524
132	8646	6197
133	8778	831
134	8911	1307
135	9045	889
136	9180	1010
137	9316	1865
138	9453	1166
139	9591	815
140	9730	677
141	9870	2003
142	10011	693
143	10153	1128
144	10296	1140
145	10440	1128
146	10585	1053
147	10731	1696
148	10878	1116
149	11026	1938
150	11175	1043
151	11325	2106
152	11476	1032
153	11628	1850
154	11781	1012
155	11935	967
156	12090	835
157	12246	1975
158	12403	1783
159	12561	1280
160	12720	21250
161	12880	877
162	13041	1201
163	13203	2490
164	13366	2849
165	13530	6156
166	13695	1146
167	13861	8695
168	14028	2456
169	14196	2375
170	14365	1309
171	14535	1132
172	14706	2475
173	14878	2246
174	15051	2209
175	15225	2500
176	15400	4900
177	15576	2114
178	15753	1759
179	15931	1205
180	16110	1344
181	16290	1171
182	16471	1404
183	16653	1244
184	16836	1377
185	17020	1296
186	17205	1468
187	17391	837
188	17578	1400
189	17766	3148
190	17955	1330
191	18145	1973
192	18336	1084
193	18528	1282
194	18721	1528
195	18915	1699
196	19110	1474
197	19306	1275
198	19503	1211
199	19701	2721
200	19900	1476
201	20100	1730
202	20301	1081
203	20503	1589
204	20706	920
205	20910	5598
206	21115	3928
207	21321	1785
208	21528	2178
209	21736	1466
210	21945	11051
211	22155	1489
212	22366	1391
213	22578	3436
214	22791	2926
215	23005	1803
216	23220	1381
217	23436	1124
218	23653	2246
219	23871	5796
220	24090	2778
221	24310	2956
222	24531	3047
223	24753	1755
224	24976	1581
225	25200	2149
226	25425	3513
227	25651	1560
228	25878	1149
229	26106	1750
230	26335	1504
231	26565	1375
232	26796	1853
233	27028	1596
234	27261	1782
235	27495	1042
236	27730	2450
237	27966	1842
238	28203	1737
239	28441	2410
240	28680	11204
241	28920	2211
242	29161	4209
243	29403	1655
244	29646	1551
245	29890	2363
246	30135	3692
247	30381	1188
248	30628	2345
249	30876	2418
250	31125	3564
251	31375	3744
252	31626	5319
253	31878	1738
254	32131	1729
255	32385	2132
256	32640	1795
257	32896	2849
258	33153	2030
259	33411	2095
260	33670	3063
261	33930	1724
262	34191	1344
263	34453	1661
264	34716	2021
265	34980	1880
266	35245	1916
267	35511	2150
268	35778	80265
269	36046	3252
270	36315	1885
271	36585	1306
272	36856	2267
273	37128	1777
274	37401	4595
275	37675	3290
276	37950	2469
277	38226	2109
278	38503	2036
279	38781	3997
280	39060	3065
281	39340	2144
282	39621	1736
283	39903	1862
284	40186	1755
285	40470	1819
286	40755	124805
287	41041	3063
288	41328	2982
289	41616	1824
290	41905	2382
291	42195	2548
292	42486	7719
293	42778	2528
294	43071	2801
295	43365	2087
296	43660	1313
297	43956	3047
298	44253	2351
299	44551	2730
300	44850	2574
301	45150	2424
302	45451	2028
303	45753	3285
304	46056	2134
305	46360	1987
306	46665	3000
307	46971	4868
308	47278	2208
309	47586	2188
310	47895	2816
311	48205	2498
312	48516	1974
313	48828	6394
314	49141	2268
315	49455	2167
316	49770	2456
317	50086	2736
318	50403	2402
319	50721	2470
320	51040	2143
321	51360	1561
322	51681	2859
323	52003	1875
324	52326	2069
325	52650	2359
326	52975	2194
327	53301	3842
328	53628	2228
329	53956	3028
330	54285	1982
331	54615	2632
332	54946	2368
333	55278	1550
334	55611	2578
335	55945	2817
336	56280	1618
337	56616	4109
338	56953	4452
339	57291	4488
340	57630	4650
341	57970	3969
342	58311	2541
343	58653	4040
344	58996	2327
345	59340	5099
346	59685	4104
347	60031	4329
348	60378	5112
349	60726	2210
350	61075	2644
351	61425	5817
352	61776	4337
353	62128	7198
354	62481	4218
355	62835	6160
356	63190	2557
357	63546	4122
358	63903	2413
359	64261	4233
360	64620	3090
361	64980	8809
362	65341	2576
363	65703	4091
364	66066	5045
365	66430	3831
366	66795	4033
367	67161	2395
368	67528	6037
369	67896	5447
370	68265	4061
371	68635	4059
372	69006	7813
373	69378	6948
374	69751	2982
375	70125	2963
376	70500	2527
377	70876	2821
378	71253	2908
379	71631	4130
380	72010	4475
381	72390	6087
382	72771	1944
383	73153	2687
384	73536	2630
385	73920	5479
386	74305	88086
387	74691	3761
388	75078	3826
389	75466	5665
390	75855	4733
391	76245	2653
392	76636	2963
393	77028	111930
394	77421	2635
395	77815	2864
396	78210	2331
397	78606	2929
398	79003	4010
399	79401	3195
400	79800	3936
401	80200	5385
402	80601	6895
403	81003	4391
404	81406	4955
405	81810	4077
406	82215	5376
407	82621	2639
408	83028	3228
409	83436	4258
410	83845	5960
411	84255	6626
412	84666	2997
413	85078	2687
414	85491	2628
415	85905	3118
416	86320	6079
417	86736	3231
418	87153	2913
419	87571	3329
420	87990	27790
421	88410	4678
422	88831	23513
423	89253	3018
424	89676	6457
425	90100	3423
426	90525	4869
427	90951	4290
428	91378	2948
429	91806	3215
430	92235	2961
431	92665	3015
432	93096	4619
433	93528	3545
434	93961	3333
435	94395	2923
436	94830	3879
437	95266	2998
438	95703	2982
439	96141	2475
440	96580	3117
441	97020	5217
442	97461	3834
443	97903	2860
444	98346	3555
445	98790	3874
446	99235	2863
447	99681	4526
448	100128	3097
449	100576	3087
450	101025	3749
451	101475	3592
452	101926	3178
453	102378	2554
454	102831	30697
455	103285	2894
456	103740	4190
457	104196	16933
458	104653	2545
459	105111	3453
460	105570	62986
461	106030	4002
462	106491	3565
463	106953	2110
464	107416	3302
465	107880	2862
466	108345	4076
467	108811	3063
468	109278	2916
469	109746	3992
470	110215	4327
471	110685	3513
472	111156	3473
473	111628	24147
474	112101	3554
475	112575	3569
476	113050	3419
477	113526	4164
478	114003	3705
479	114481	2757
480	114960	3826
481	115440	2853
482	115921	4090
483	116403	3657
484	116886	3824
485	117370	3809
486	117855	4439
487	118341	2898
488	118828	4351
489	119316	3696
490	119805	4367
491	120295	2865
492	120786	3941
493	121278	3666
494	121771	4606
495	122265	4696
496	122760	3572
497	123256	11171
498	123753	4887
499	124251	4670
500	124750	3715
501	125250	3128
502	125751	5550
503	126253	3647
504	126756	9121
505	127260	4763
506	127765	3871
507	128271	5118
508	128778	4606
509	129286	2874
510	129795	4330
511	130305	4252
512	130816	5708
513	131328	4241
514	131841	4324
515	132355	3184
516	132870	3930
517	133386	4344
518	133903	4255
519	134421	3259
520	134940	4209
521	135460	3665
522	135981	3744
523	136503	6473
524	137026	4150
525	137550	4006
526	138075	4835
527	138601	3366
528	139128	4194
529	139656	8171
530	140185	7146
531	140715	4414
532	141246	3533
533	141778	4688
534	142311	8223
535	142845	4451
536	143380	3786
537	143916	3998
538	144453	3907
539	144991	3117
540	145530	3219
541	146070	7041
542	146611	3839
543	147153	4653
544	147696	7561
545	148240	6528
546	148785	3627
547	149331	7563
548	149878	6410
549	150426	8400
550	150975	4722
551	151525	8018
552	152076	14191
553	152628	4121
554	153181	6497
555	153735	3463
556	154290	5852
557	154846	4063
558	155403	6614
559	155961	4629
560	156520	6773
561	157080	6645
562	157641	4739
563	158203	8361
564	158766	3707
565	159330	4524
566	159895	16618
567	160461	6155
568	161028	7935
569	161596	5260
570	162165	4613
571	162735	4976
572	163306	6396
573	163878	5866
574	164451	7205
575	165025	4955
576	165600	10085
577	166176	6207
578	166753	4095
579	167331	8409
580	167910	5984
581	168490	4809
582	169071	3806
583	169653	3233
584	170236	3403
585	170820	3361
586	171405	7308
587	171991	4392
588	172578	8403
589	173166	4276
590	173755	7465
591	174345	4224
592	174936	4935
593	175528	4806
594	176121	5021
595	176715	4906
596	177310	6597
597	177906	122786
598	178503	4119
599	179101	3600
600	179700	13451
601	180300	4635
602	180901	47448
603	181503	4320
604	182106	6801
605	182710	7755
606	183315	4684
607	183921	69597
608	184528	6468
609	185136	5502
610	185745	3947
611	186355	6062
612	186966	3755
613	187578	79319
614	188191	6061
615	188805	5322
616	189420	4806
617	190036	5449
618	190653	4665
619	191271	4720
620	191890	3778
621	192510	3589
622	193131	4747
623	193753	6155
624	194376	5909
625	195000	6298
626	195625	6019
627	196251	4448
628	196878	4969
629	197506	3873
630	198135	6205
631	198765	6235
632	199396	6540
633	200028	3855
634	200661	5155
635	201295	9750
636	201930	5836
637	202566	6879
638	203203	4376
639	203841	5056
640	204480	9035
641	205120	4254
642	205761	5332
643	206403	7092
644	207046	3760
645	207690	5484
646	208335	6267
647	208981	9765
648	209628	3754
649	210276	7109
650	210925	6466
651	211575	6603
652	212226	4467
653	212878	5154
654	213531	8712
655	214185	5727
656	214840	4417
657	215496	5101
658	216153	5573
659	216811	4373
660	217470	6020
661	218130	3869
662	218791	4378
663	219453	6775
664	220116	6663
665	220780	7600
666	221445	6994
667	222111	7930
668	222778	3521
669	223446	7319
670	224115	5286
671	224785	6401
672	225456	5801
673	226128	8038
674	226801	7956
675	227475	7427
676	228150	7259
677	228826	4306
678	229503	5839
679	230181	4947
680	230860	6010
681	231540	5527
682	232221	5936
683	232903	8297
684	233586	9659
685	234270	5614
686	234955	8532
687	235641	9069
688	236328	5289
689	237016	10725
690	237705	5397
691	238395	6407
692	239086	13210
693	239778	5508
694	240471	3815
695	241165	5263
696	241860	4674
697	242556	5205
698	243253	3731
699	243951	4802
700	244650	6281
701	245350	7242
702	246051	5381
703	246753	8680
704	247456	7695
705	248160	6244
706	248865	6242
707	249571	5695
708	250278	7853
709	250986	8324
710	251695	7152
711	252405	7511
712	253116	9681
713	253828	7336
714	254541	5606
715	255255	5268
716	255970	7630
717	256686	10962
718	257403	5429
719	258121	5739
720	258840	4557
721	259560	9358
722	260281	6414
723	261003	11696
724	261726	5073
725	262450	5698
726	263175	6083
727	263901	7809
728	264628	8028
729	265356	7577
730	266085	7646
731	266815	7590
732	267546	5842
733	268278	5076
734	269011	6478
735	269745	10658
736	270480	5215
737	271216	8942
738	271953	8484
739	272691	5660
740	273430	31899
741	274170	4551
742	274911	8372
743	275653	5680
744	276396	7681
745	277140	5551
746	277885	8302
747	278631	8295
748	279378	5335
749	280126	7841
750	280875	6372
751	281625	4550
752	282376	4903
753	283128	6392
754	283881	81340
755	284635	8313
756	285390	4403
757	286146	39551
758	286903	17850
759	287661	8796
760	288420	5439
761	289180	6594
762	289941	9186
763	290703	7466
764	291466	4315
765	292230	5616
766	292995	5706
767	293761	8192
768	294528	5058
769	295296	9492
770	296065	9165
771	296835	4445
772	297606	5932
773	298378	6579
774	299151	5403
775	299925	4365
776	300700	6819
777	301476	12074
778	302253	12525
779	303031	16389
780	303810	5815
781	304590	5811
782	305371	10812
783	306153	24530
784	306936	4934
785	307720	6752
786	308505	6423
787	309291	9486
788	310078	6653
789	310866	11227
790	311655	6344
791	312445	14525
792	313236	9972
793	314028	5901
794	314821	8179
795	315615	4988
796	316410	4724
797	317206	5498
798	318003	5488
799	318801	4252
800	319600	5544
801	320400	4075
802	321201	4643
803	322003	8972
804	322806	8734
805	323610	8643
806	324415	8630
807	325221	9875
808	326028	6150
809	326836	5306
810	327645	6131
811	328455	11820
812	329266	9688
813	330078	6297
814	330891	9021
815	331705	11535
816	332520	9286
817	333336	5271
818	334153	4215
819	334971	7145
820	335790	9609
821	336610	5917
822	337431	6620
823	338253	6530
824	339076	6296
825	339900	5594
826	340725	6638
827	341551	12773
828	342378	6449
829	343206	6827
830	344035	11300
831	344865	9945
832	345696	13528
833	346528	7186
834	347361	12255
835	348195	15999
836	349030	6865
837	349866	9709
838	350703	11208
839	351541	6484
840	352380	10234
841	353220	5523
842	354061	9546
843	354903	6882
844	355746	5026
845	356590	7001
846	357435	5193
847	358281	5624
848	359128	4738
849	359976	6975
850	360825	10845
851	361675	4464
852	362526	6194
853	363378	12970
854	364231	10479
855	365085	113646
856	365940	6155
857	366796	5162
858	367653	13524
859	368511	4826
860	369370	6493
861	370230	5534
862	371091	10891
863	371953	6614
864	372816	6730
865	373680	7108
866	374545	19262
867	375411	28588
868	376278	7420
869	377146	7387
870	378015	7689
871	378885	5576
872	379756	6883
873	380628	8895
874	381501	7079
875	382375	6900
876	383250	6322
877	384126	6740
878	385003	8132
879	385881	5925
880	386760	6949
881	387640	6822
882	388521	7995
883	389403	6972
884	390286	6983
885	391170	7034
886	392055	9751
887	392941	7568
888	393828	5205
889	394716	7094
890	395605	6000
891	396495	7704
892	397386	11100
893	398278	7469
894	399171	7552
895	400065	7811
896	400960	7175
897	401856	37993
898	402753	6781
899	403651	7645
900	404550	8566
901	405450	9114
902	406351	8371
903	407253	14307
904	408156	8086
905	409060	8028
906	409965	7999
907	410871	8200
908	411778	24986
909	412686	6958
910	413595	7302
911	414505	7522
912	415416	7833
913	416328	6279
914	417241	7694
915	418155	6541
916	419070	7393
917	419986	5295
918	420903	5451
919	421821	8557
920	422740	7505
921	423660	7471
922	424581	8157
923	425503	7266
924	426426	7805
925	427350	8131
926	428275	7393
927	429201	65661
928	430128	5236
929	431056	7434
930	431985	7744
931	432915	154048
932	433846	10087
933	434778	6873
934	435711	12307
935	436645	7302
936	437580	7839
937	438516	5735
938	439453	7677
939	440391	9030
940	441330	5761
941	442270	5517
942	443211	8589
943	444153	7942
944	445096	7522
945	446040	7360
946	446985	8281
947	447931	8654
948	448878	7673
949	449826	7628
950	450775	7429
951	451725	13529
952	452676	90586
953	453628	9239
954	454581	7314
955	455535	7756
956	456490	7699
957	457446	79489
958	458403	13529
959	459361	7552
960	460320	8484
961	461280	8320
962	462241	7906
963	463203	7732
964	464166	8766
965	465130	7584
966	466095	7991
967	467061	7887
968	468028	7346
969	468996	9670
970	469965	7635
971	470935	8110
972	471906	7958
973	472878	8306
974	473851	8363
975	474825	10333
976	475800	8045
977	476776	7875
978	477753	101304
979	478731	6062
980	479710	8128
981	480690	9527
982	481671	8530
983	482653	8695
984	483636	7901
985	484620	9095
986	485605	7648
987	486591	8301
988	487578	7414
989	488566	48435
990	489555	7790
991	490545	85728
992	491536	8539
993	492528	150596
994	493521	5624
995	494515	8277
996	495510	8318
997	496506	42066
998	497503	10508
999	498501	8086
1000	499500	8645
1001	500500	8158
1002	501501	14638
1003	502503	9415
1004	503506	7318
1005	504510	8470
1006	505515	8392
1007	506521	8689
1008	507528	8605
1009	508536	8858
1010	509545	8208
1011	510555	13649
1012	511566	11123
1013	512578	8350
1014	513591	8046
1015	514605	6366
1016	515620	6607
1017	516636	52795
1018	517653	10574
1019	518671	7986
1020	519690	7121
1021	520710	8403
1022	521731	9765
1023	522753	8494
1024	523776	7971
1025	524800	14835
1026	525825	13096
1027	526851	8542
1028	527878	8282
1029	528906	5194
1030	529935	6920
1031	530965	8607
1032	531996	7881
1033	533028	88741
1034	534061	13960
1035	535095	7320
1036	536130	6718
1037	537166	6045
1038	538203	24887
1039	539241	11631
1040	540280	11774
1041	541320	25389
1042	542361	13560
1043	543403	11725
1044	544446	8588
1045	545490	8803
1046	546535	24446
1047	547581	14421
1048	548628	6573
1049	549676	16391
1050	550725	8674
1051	551775	12023
1052	552826	8368
1053	553878	8876
1054	554931	15370
1055	555985	15752
1056	557040	8511
1057	558096	14066
1058	559153	8178
1059	560211	6551
1060	561270	7827
1061	562330	25945
1062	563391	8868
1063	564453	148721
1064	565516	15223
1065	566580	12520
1066	567645	18746
1067	568711	14663
1068	569778	6543
1069	570846	7205
1070	571915	15251
1071	572985	12716
1072	574056	29097
1073	575128	15060
1074	576201	8514
1075	577275	8451
1076	578350	14480
1077	579426	14225
1078	580503	15070
1079	581581	14514
1080	582660	8245
1081	583740	13814
1082	584821	12530
1083	585903	13669
1084	586986	8464
1085	588070	9409
1086	589155	8919
1087	590241	6222
1088	591328	9236
1089	592416	9159
1090	593505	8625
1091	594595	14177
1092	595686	9302
1093	596778	6957
1094	597871	16120
1095	598965	10289
1096	600060	13751
1097	601156	80136
1098	602253	7754
1099	603351	17743
1100	604450	9154
1101	605550	12721
1102	606651	6359
1103	607753	14991
1104	608856	9355
1105	609960	65265
1106	611065	8085
1107	612171	14550
1108	613278	14429
1109	614386	7470
1110	615495	15666
1111	616605	7385
1112	617716	7918
1113	618828	8760
1114	619941	14158
1115	621055	8585
1116	622170	107384
1117	623286	14053
1118	624403	14270
1119	625521	14320
1120	626640	8533
1121	627760	7110
1122	628881	7878
1123	630003	15937
1124	631126	15538
1125	632250	153395
1126	633375	7962
1127	634501	12617
1128	635628	9790
1129	636756	7690
1130	637885	16635
1131	639015	15800
1132	640146	8302
1133	641278	6027
1134	642411	9404
1135	643545	9907
1136	644680	14828
1137	645816	12829
1138	646953	14626
1139	648091	8083
1140	649230	9203
1141	650370	93350
1142	651511	28385
1143	652653	8751
1144	653796	156517
1145	654940	9679
1146	656085	14823
1147	657231	11366
1148	658378	8749
1149	659526	18192
1150	660675	7099
1151	661825	25831
1152	662976	16526
1153	664128	16861
1154	665281	9093
1155	666435	9974
1156	667590	10540
1157	668746	18184
1158	669903	14507
1159	671061	8912
1160	672220	18904
1161	673380	15854
1162	674541	9485
1163	675703	9853
1164	676866	9918
1165	678030	15682
1166	679195	12438
1167	680361	7593
1168	681528	6956
1169	682696	9608
1170	683865	11130
1171	685035	15005
1172	686206	14409
1173	687378	7308
1174	688551	168213
1175	689725	10449
1176	690900	9159
1177	692076	8025
1178	693253	11033
1179	694431	81415
1180	695610	8305
1181	696790	76098
1182	697971	8769
1183	699153	9202
1184	700336	97441
1185	701520	12670
1186	702705	70734
1187	703891	14498
1188	705078	8930
1189	706266	9628
1190	707455	12873
1191	708645	9684
1192	709836	8963
1193	711028	56655
1194	712221	8892
1195	713415	12795
1196	714610	10099
1197	715806	15040
1198	717003	15724
1199	718201	12769
1200	719400	104709
1201	720600	14787
1202	721801	131201
1203	723003	13401
1204	724206	7552
1205	725410	9187
1206	726615	9069
1207	727821	33229
1208	729028	11485
1209	730236	7960
1210	731445	12798
1211	732655	178713
1212	733866	14164
1213	735078	33395
1214	736291	10072
1215	737505	7483
1216	738720	7074
1217	739936	42525
1218	741153	12589
1219	742371	14840
1220	743590	14159
1221	744810	10422
1222	746031	18648
1223	747253	8533
1224	748476	8582
1225	749700	16593
1226	750925	55211
1227	752151	8999
1228	753378	15524
1229	754606	14109
1230	755835	10788
1231	757065	10918
1232	758296	14253
1233	759528	9693
1234	760761	14450
1235	761995	9036
1236	763230	8113
1237	764466	8334
1238	765703	9348
1239	766941	64951
1240	768180	14942
1241	769420	9644
1242	770661	10257
1243	771903	39903
1244	773146	8355
1245	774390	10071
1246	775635	10959
1247	776881	13754
1248	778128	15209
1249	779376	10473
1250	780625	10050
1251	781875	9887
1252	783126	9698
1253	784378	10114
1254	785631	10128
1255	786885	13907
1256	788140	7633
1257	789396	8999
1258	790653	12411
1259	791911	12412
1260	793170	15243
1261	794430	13387
1262	795691	20093
1263	796953	94255
1264	798216	7732
1265	799480	8969
1266	800745	9991
1267	802011	9038
1268	803278	9094
1269	804546	7576
1270	805815	9113
1271	807085	10782
1272	808356	13891
1273	809628	11317
1274	810901	11997
1275	812175	12605
1276	813450	9916
1277	814726	11004
1278	816003	10071
1279	817281	7724
1280	818560	30624
1281	819840	13792
1282	821121	12265
1283	822403	8577
1284	823686	8437
1285	824970	9894
1286	826255	11667
1287	827541	11582
1288	828828	9462
1289	830116	9797
1290	831405	8628
1291	832695	10112
1292	833986	169113
1293	835278	9645
1294	836571	9778
1295	837865	12281
1296	839160	13101
1297	840456	13370
1298	841753	13462
1299	843051	8619
1300	844350	115536
1301	845650	13063
1302	846951	9388
1303	848253	10012
1304	849556	16268
1305	850860	9930
1306	852165	12149
1307	853471	13301
1308	854778	50373
1309	856086	8510
1310	857395	459104
1311	858705	12579
1312	860016	12696
1313	861328	11100
1314	862641	121945
1315	863955	12081
1316	865270	14171
1317	866586	12890
1318	867903	10263
1319	869221	13708
1320	870540	11385
1321	871860	15025
1322	873181	20630
1323	874503	31213
1324	875826	12619
1325	877150	12881
1326	878475	11858
1327	879801	12035
1328	881128	12015
1329	882456	10206
1330	883785	10888
1331	885115	31266
1332	886446	16004
1333	887778	64447
1334	889111	36084
1335	890445	14614
1336	891780	53092
1337	893116	6656
1338	894453	15723
1339	895791	14448
1340	897130	9972
1341	898470	9874
1342	899811	13145
1343	901153	169009
1344	902496	12644
1345	903840	163395
1346	905185	9938
1347	906531	6829
1348	907878	8584
1349	909226	9457
1350	910575	8527
1351	911925	10415
1352	913276	9282
1353	914628	10367
1354	915981	14188
1355	917335	52153
1356	918690	34214
1357	920046	7106
1358	921403	10320
1359	922761	10777
1360	924120	13123
1361	925480	13195
1362	926841	14279
1363	928203	10490
1364	929566	10028
1365	930930	7716
1366	932295	11464
1367	933661	9449
1368	935028	7050
1369	936396	9920
1370	937765	8476
1371	939135	10696
1372	940506	10137
1373	941878	8769
1374	943251	9510
1375	944625	7193
1376	946000	8381
1377	947376	9889
1378	948753	33134
1379	950131	13356
1380	951510	10082
1381	952890	10845
1382	954271	10580
1383	955653	11266
1384	957036	10480
1385	958420	10330
1386	959805	11850
1387	961191	9775
1388	962578	8650
1389	963966	7156
1390	965355	10329
1391	966745	13606
1392	968136	12162
1393	969528	23551
1394	970921	10699
1395	972315	11492
1396	973710	8808
1397	975106	11673
1398	976503	196060
1399	977901	9899
1400	979300	162178
1401	980700	8476
1402	982101	8289
1403	983503	12027
1404	984906	13097
1405	986310	12036
1406	987715	9426
1407	989121	13582
1408	990528	6795
1409	991936	9088
1410	993345	10840
1411	994755	11031
1412	996166	10682
1413	997578	15194
1414	998991	16805
1415	1000405	11565
1416	1001820	21030
1417	1003236	10299
1418	1004653	11110
1419	1006071	13746
1420	1007490	118890
1421	1008910	154955
1422	1010331	12141
1423	1011753	12225
1424	1013176	13450
1425	1014600	16257
1426	1016025	11110
1427	1017451	14794
1428	1018878	91600
1429	1020306	12790
1430	1021735	10174
1431	1023165	59000
1432	1024596	9280
1433	1026028	11932
1434	1027461	12861
1435	1028895	8922
1436	1030330	11355
1437	1031766	9967
1438	1033203	11726
1439	1034641	20586
1440	1036080	12035
1441	1037520	11322
1442	1038961	12697
1443	1040403	13122
1444	1041846	9272
1445	1043290	10920
1446	1044735	8026
1447	1046181	12770
1448	1047628	11014
1449	1049076	10892
1450	1050525	12984
1451	1051975	12016
1452	1053426	8352
1453	1054878	9912
1454	1056331	166098
1455	1057785	9272
1456	1059240	11166
1457	1060696	12666
1458	1062153	10231
1459	1063611	8661
1460	1065070	10934
1461	1066530	9065
1462	1067991	8410
1463	1069453	16369
1464	1070916	11292
1465	1072380	10641
1466	1073845	20470
1467	1075311	13221
1468	1076778	11837
1469	1078246	9544
1470	1079715	9038
1471	1081185	11565
1472	1082656	10201
1473	1084128	10702
1474	1085601	11995
1475	1087075	16190
1476	1088550	12865
1477	1090026	10255
1478	1091503	9464
1479	1092981	10955
1480	1094460	15189
1481	1095940	15615
1482	1097421	27906
1483	1098903	106772
1484	1100386	9656
1485	1101870	11307
1486	1103355	9452
1487	1104841	10813
1488	1106328	10435
1489	1107816	11367
1490	1109305	74346
1491	1110795	10149
1492	1112286	15501
1493	1113778	8506
1494	1115271	151810
1495	1116765	9571
1496	1118260	11402
1497	1119756	11015
1498	1121253	13700
1499	1122751	11261
1500	1124250	152639
1501	1125750	59643
1502	1127251	13203
1503	1128753	9832
1504	1130256	9791
1505	1131760	10587
1506	1133265	15613
1507	1134771	9151
1508	1136278	13572
1509	1137786	12964
1510	1139295	139454
1511	1140805	17018
1512	1142316	65945
1513	1143828	14453
1514	1145341	10736
1515	1146855	8899
1516	1148370	21404
1517	1149886	49874
1518	1151403	10570
1519	1152921	12478
1520	1154440	12606
1521	1155960	11300
1522	1157481	12853
1523	1159003	13708
1524	1160526	9039
1525	1162050	12992
1526	1163575	12518
1527	1165101	11559
1528	1166628	10180
1529	1168156	12441
1530	1169685	18013
1531	1171215	15522
1532	1172746	15210
1533	1174278	12810
1534	1175811	16884
1535	1177345	53041
1536	1178880	11207
1537	1180416	9741
1538	1181953	18450
1539	1183491	11017
1540	1185030	13477
1541	1186570	13651
1542	1188111	8530
1543	1189653	12762
1544	1191196	11253
1545	1192740	19210
1546	1194285	17649
1547	1195831	13791
1548	1197378	11326
1549	1198926	10505
1550	1200475	11996
1551	1202025	15388
1552	1203576	13679
1553	1205128	9945
1554	1206681	11077
1555	1208235	11369
1556	1209790	18379
1557	1211346	7700
1558	1212903	10405
1559	1214461	11645
1560	1216020	10647
1561	1217580	43370
1562	1219141	86672
1563	1220703	11983
1564	1222266	9522
1565	1223830	11170
1566	1225395	26044
1567	1226961	12622
1568	1228528	45272
1569	1230096	12024
1570	1231665	9175
1571	1233235	7734
1572	1234806	9988
1573	1236378	13572
1574	1237951	12045
1575	1239525	28806
1576	1241100	12120
1577	1242676	9247
1578	1244253	10680
1579	1245831	8126
1580	1247410	11387
1581	1248990	12657
1582	1250571	155059
1583	1252153	12064
1584	1253736	62523
1585	1255320	11498
1586	1256905	9972
1587	1258491	12708
1588	1260078	12237
1589	1261666	14210
1590	1263255	15492
1591	1264845	16123
1592	1266436	15213
1593	1268028	10501
1594	1269621	12766
1595	1271215	19125
1596	1272810	14539
1597	1274406	8354
1598	1276003	13757
1599	1277601	13280
1600	1279200	11872
1601	1280800	9898
1602	1282401	18696
1603	1284003	8021
1604	1285606	12573
1605	1287210	12535
1606	1288815	13958
1607	1290421	16274
1608	1292028	11189
1609	1293636	14360
1610	1295245	15884
1611	1296855	10307
1612	1298466	12102
1613	1300078	16954
1614	1301691	11431
1615	1303305	9648
1616	1304920	9519
1617	1306536	23941
1618	1308153	18028
1619	1309771	16077
1620	1311390	11957
1621	1313010	12671
1622	1314631	11481
1623	1316253	12148
1624	1317876	11559
1625	1319500	16926
1626	1321125	13404
1627	1322751	10375
1628	1324378	16149
1629	1326006	15513
1630	1327635	9977
1631	1329265	18902
1632	1330896	19235
1633	1332528	9451
1634	1334161	12665
1635	1335795	18344
1636	1337430	15130
1637	1339066	17343
1638	1340703	16370
1639	1342341	16818
1640	1343980	10449
1641	1345620	9554
1642	1347261	11780
1643	1348903	55189
1644	1350546	15734
1645	1352190	12084
1646	1353835	11840
1647	1355481	15791
1648	1357128	11827
1649	1358776	12310
1650	1360425	10938
1651	1362075	18818
1652	1363726	12347
1653	1365378	18437
1654	1367031	9891
1655	1368685	14033
1656	1370340	15537
1657	1371996	10323
1658	1373653	17324
1659	1375311	16293
1660	1376970	14439
1661	1378630	12484
1662	1380291	14180
1663	1381953	11771
1664	1383616	12283
1665	1385280	17503
1666	1386945	14950
1667	1388611	12820
1668	1390278	112213
1669	1391946	12486
1670	1393615	14593
1671	1395285	10727
1672	1396956	10275
1673	1398628	10892
1674	1400301	13132
1675	1401975	13445
1676	1403650	10769
1677	1405326	11037
1678	1407003	15548
1679	1408681	11802
1680	1410360	17065
1681	1412040	11608
1682	1413721	11647
1683	1415403	15560
1684	1417086	11998
1685	1418770	12411
1686	1420455	12244
1687	1422141	11138
1688	1423828	58632
1689	1425516	11571
1690	1427205	12533
1691	1428895	17697
1692	1430586	16207
1693	1432278	14657
1694	1433971	9088
1695	1435665	16041
1696	1437360	13881
1697	1439056	17635
1698	1440753	9989
1699	1442451	14188
1700	1444150	110254
1701	1445850	11259
1702	1447551	11559
1703	1449253	27178
1704	1450956	11847
1705	1452660	12435
1706	1454365	13518
1707	1456071	19000
1708	1457778	12939
1709	1459486	19484
1710	1461195	16067
1711	1462905	23257
1712	1464616	18355
1713	1466328	19768
1714	1468041	24569
1715	1469755	22620
1716	1471470	17874
1717	1473186	16383
1718	1474903	18051
1719	1476621	16934
1720	1478340	10885
1721	1480060	23933
1722	1481781	16067
1723	1483503	12276
1724	1485226	16091
1725	1486950	12855
1726	1488675	112647
1727	1490401	11785
1728	1492128	27841
1729	1493856	13052
1730	1495585	12856
1731	1497315	62109
1732	1499046	11766
1733	1500778	17360
1734	1502511	9979
1735	1504245	25352
1736	1505980	13372
1737	1507716	28398
1738	1509453	12812
1739	1511191	19259
1740	1512930	9981
1741	1514670	19141
1742	1516411	11704
1743	1518153	10606
1744	1519896	12952
1745	1521640	12710
1746	1523385	21250
1747	1525131	11874
1748	1526878	20922
1749	1528626	9056
1750	1530375	12627
1751	1532125	20641
1752	1533876	11102
1753	1535628	17367
1754	1537381	18459
1755	1539135	12691
1756	1540890	11294
1757	1542646	13835
1758	1544403	25701
1759	1546161	19925
1760	1547920	18461
1761	1549680	12163
1762	1551441	19334
1763	1553203	10875
1764	1554966	11951
1765	1556730	11260
1766	1558495	12545
1767	1560261	24501
1768	1562028	96823
1769	1563796	126136
1770	1565565	14600
1771	1567335	20575
1772	1569106	13351
1773	1570878	12525
1774	1572651	13436
1775	1574425	78273
1776	1576200	28549
1777	1577976	36078
1778	1579753	17362
1779	1581531	12601
1780	1583310	14054
1781	1585090	10460
1782	1586871	18708
1783	1588653	129438
1784	1590436	10555
1785	1592220	19440
1786	1594005	10915
1787	1595791	10870
1788	1597578	24187
1789	1599366	9378
1790	1601155	30072
1791	1602945	144347
1792	1604736	175370
1793	1606528	128785
1794	1608321	13725
1795	1610115	13490
1796	1611910	18353
1797	1613706	13783
1798	1615503	14285
1799	1617301	10626
1800	1619100	13566
1801	1620900	13095
1802	1622701	166403
1803	1624503	18411
1804	1626306	14967
1805	1628110	14643
1806	1629915	12104
1807	1631721	98011
1808	1633528	92288
1809	1635336	13220
1810	1637145	15954
1811	1638955	13752
1812	1640766	10870
1813	1642578	13502
1814	1644391	18922
1815	1646205	15020
1816	1648020	14079
1817	1649836	13820
1818	1651653	15260
1819	1653471	14639
1820	1655290	13704
1821	1657110	11215
1822	1658931	15545
1823	1660753	58806
1824	1662576	14410
1825	1664400	14570
1826	1666225	16946
1827	1668051	13411
1828	1669878	12532
1829	1671706	14700
1830	1673535	13350
1831	1675365	15142
1832	1677196	18087
1833	1679028	18721
1834	1680861	19210
1835	1682695	21862
1836	1684530	12103
1837	1686366	15079
1838	1688203	12474
1839	1690041	14453
1840	1691880	13816
1841	1693720	13814
1842	1695561	22138
1843	1697403	15385
1844	1699246	14605
1845	1701090	16819
1846	1702935	15758
1847	1704781	14568
1848	1706628	14710
1849	1708476	155037
1850	1710325	14494
1851	1712175	13832
1852	1714026	10717
1853	1715878	13260
1854	1717731	13830
1855	1719585	14394
1856	1721440	14455
1857	1723296	12237
1858	1725153	58143
1859	1727011	15269
1860	1728870	13765
1861	1730730	16859
1862	1732591	40272
1863	1734453	15121
1864	1736316	11316
1865	1738180	11776
1866	1740045	16770
1867	1741911	20088
1868	1743778	23482
1869	1745646	14723
1870	1747515	14465
1871	1749385	16818
1872	1751256	54292
1873	1753128	15307
1874	1755001	15408
1875	1756875	16424
1876	1758750	15710
1877	1760626	19157
1878	1762503	14270
1879	1764381	14246
1880	1766260	15458
1881	1768140	16103
1882	1770021	14781
1883	1771903	54612
1884	1773786	28449
1885	1775670	27386
1886	1777555	14853
1887	1779441	15535
1888	1781328	16513
1889	1783216	10735
1890	1785105	14355
1891	1786995	12741
1892	1788886	23530
1893	1790778	11181
1894	1792671	20756
1895	1794565	13759
1896	1796460	12897
1897	1798356	15190
1898	1800253	15571
1899	1802151	169495
1900	1804050	17137
1901	1805950	12016
1902	1807851	13924
1903	1809753	183360
1904	1811656	12633
1905	1813560	21785
1906	1815465	20748
1907	1817371	15482
1908	1819278	11558
1909	1821186	14664
1910	1823095	15399
1911	1825005	15938
1912	1826916	15604
1913	1828828	19619
1914	1830741	11511
1915	1832655	14976
1916	1834570	14165
1917	1836486	101330
1918	1838403	34420
1919	1840321	16595
1920	1842240	13778
1921	1844160	11698
1922	1846081	16034
1923	1848003	16025
1924	1849926	17771
1925	1851850	15710
1926	1853775	178745
1927	1855701	19148
1928	1857628	15650
1929	1859556	19732
1930	1861485	15273
1931	1863415	11374
1932	1865346	16230
1933	1867278	15029
1934	1869211	15495
1935	1871145	15575
1936	1873080	16028
1937	1875016	103151
1938	1876953	126912
1939	1878891	13941
1940	1880830	14656
1941	1882770	16209
1942	1884711	18993
1943	1886653	15887
1944	1888596	14617
1945	1890540	16199
1946	1892485	15327
1947	1894431	20170
1948	1896378	15814
1949	1898326	16687
1950	1900275	15236
1951	1902225	16285
1952	1904176	15527
1953	1906128	38562
1954	1908081	12244
1955	1910035	17128
1956	1911990	15018
1957	1913946	14578
1958	1915903	12085
1959	1917861	15588
1960	1919820	15350
1961	1921780	41915
1962	1923741	16850
1963	1925703	12371
1964	1927666	16855
1965	1929630	16332
1966	1931595	19626
1967	1933561	15068
1968	1935528	15368
1969	1937496	16208
1970	1939465	17126
1971	1941435	15053
1972	1943406	41593
1973	1945378	12125
1974	1947351	14985
1975	1949325	15175
1976	1951300	16423
1977	1953276	14695
1978	1955253	15265
1979	1957231	15562
1980	1959210	15926
1981	1961190	17414
1982	1963171	44949
1983	1965153	14413
1984	1967136	36275
1985	1969120	114821
1986	1971105	15982
1987	1973091	16171
1988	1975078	194895
1989	1977066	18071
1990	1979055	15696
1991	1981045	12059
1992	1983036	15863
1993	1985028	15768
1994	1987021	21131
1995	1989015	140427
1996	1991010	13679
1997	1993006	15260
1998	1995003	15705
1999	1997001	12819
2000	1999000	16773
2001	2001000	16922
2002	2003001	14816
2003	2005003	14478
2004	2007006	62469
2005	2009010	18970
2006	2011015	17455
2007	2013021	16046
2008	2015028	67160
2009	2017036	13567
2010	2019045	12602
2011	2021055	16590
2012	2023066	61957
2013	2025078	13208
2014	2027091	15848
2015	2029105	19095
2016	2031120	13659
2017	2033136	15413
2018	2035153	15794
2019	2037171	16775
2020	2039190	157908
2021	2041210	15506
2022	2043231	15573
2023	2045253	15732
2024	2047276	15437
2025	2049300	15286
2026	2051325	16034
2027	2053351	15904
2028	2055378	18398
2029	2057406	20208
2030	2059435	20689
2031	2061465	114863
2032	2063496	16890
2033	2065528	31941
2034	2067561	113490
2035	2069595	16330
2036	2071630	15374
2037	2073666	17665
2038	2075703	16331
2039	2077741	12795
2040	2079780	16948
2041	2081820	17589
2042	2083861	17290
2043	2085903	17065
2044	2087946	66211
2045	2089990	21826
2046	2092035	14579
2047	2094081	120352
2048	2096128	16386
2049	2098176	20554
2050	2100225	22977
2051	2102275	13847
2052	2104326	22520
2053	2106378	34799
2054	2108431	197896
2055	2110485	35813
2056	2112540	22854
2057	2114596	25893
2058	2116653	12388
2059	2118711	18361
2060	2120770	26940
2061	2122830	13723
2062	2124891	12652
2063	2126953	24074
2064	2129016	20245
2065	2131080	32926
2066	2133145	40531
2067	2135211	27659
2068	2137278	15633
2069	2139346	18557
2070	2141415	11601
2071	2143485	15926
2072	2145556	21808
2073	2147628	15346
2074	2149701	15435
2075	2151775	25310
2076	2153850	10213
2077	2155926	16640
2078	2158003	17850
2079	2160081	20064
2080	2162160	24725
2081	2164240	85986
2082	2166321	23229
2083	2168403	104544
2084	2170486	14182
2085	2172570	16949
2086	2174655	15982
2087	2176741	16142
2088	2178828	22394
2089	2180916	15138
2090	2183005	16542
2091	2185095	15972
2092	2187186	18093
2093	2189278	13331
2094	2191371	15492
2095	2193465	13192
2096	2195560	25335
2097	2197656	31691
2098	2199753	13306
2099	2201851	24428
2100	2203950	16996
2101	2206050	15235
2102	2208151	13561
2103	2210253	23042
2104	2212356	15345
2105	2214460	15386
2106	2216565	35792
2107	2218671	14261
2108	2220778	12411
2109	2222886	15750
2110	2224995	15888
2111	2227105	21363
2112	2229216	12788
2113	2231328	21465
2114	2233441	25047
2115	2235555	13940
2116	2237670	20295
2117	2239786	31030
2118	2241903	93766
2119	2244021	16081
2120	2246140	16501
2121	2248260	16543
2122	2250381	26521
2123	2252503	13539
2124	2254626	16240
2125	2256750	23511
2126	2258875	24500
2127	2261001	23125
2128	2263128	20218
2129	2265256	22800
2130	2267385	23622
2131	2269515	12185
2132	2271646	14621
2133	2273778	18782
2134	2275911	18356
2135	2278045	15924
2136	2280180	25333
2137	2282316	23741
2138	2284453	13660
2139	2286591	22623
2140	2288730	21969
2141	2290870	23285
2142	2293011	18954
2143	2295153	17351
2144	2297296	29394
2145	2299440	18773
2146	2301585	97416
2147	2303731	23095
2148	2305878	40759
2149	2308026	122797
2150	2310175	19232
2151	2312325	13197
2152	2314476	62150
2153	2316628	16048
2154	2318781	20140
2155	2320935	82377
2156	2323090	136778
2157	2325246	24980
2158	2327403	25601
2159	2329561	27571
2160	2331720	22867
2161	2333880	156918
2162	2336041	22391
2163	2338203	15712
2164	2340366	15984
2165	2342530	25437
2166	2344695	23436
2167	2346861	16172
2168	2349028	26191
2169	2351196	15544
2170	2353365	16710
2171	2355535	18282
2172	2357706	20760
2173	2359878	159091
2174	2362051	29647
2175	2364225	100229
2176	2366400	97293
2177	2368576	16786
2178	2370753	15167
2179	2372931	16606
2180	2375110	16307
2181	2377290	17186
2182	2379471	65777
2183	2381653	14709
2184	2383836	29406
2185	2386020	14367
2186	2388205	24128
2187	2390391	24388
2188	2392578	15026
2189	2394766	23898
2190	2396955	14976
2191	2399145	47866
2192	2401336	16593
2193	2403528	24312
2194	2405721	16942
2195	2407915	17805
2196	2410110	18129
2197	2412306	27612
2198	2414503	152635
2199	2416701	31580
2200	2418900	28378
2201	2421100	23906
2202	2423301	23934
2203	2425503	15695
2204	2427706	25695
2205	2429910	19905
2206	2432115	36055
2207	2434321	23798
2208	2436528	30390
2209	2438736	13490
2210	2440945	12961
2211	2443155	18981
2212	2445366	24132
2213	2447578	14728
2214	2449791	24992
2215	2452005	23835
2216	2454220	11147
2217	2456436	160568
2218	2458653	14534
2219	2460871	21870
2220	2463090	28795
2221	2465310	24282
2222	2467531	17162
2223	2469753	16132
2224	2471976	17101
2225	2474200	22951
2226	2476425	71236
2227	2478651	22921
2228	2480878	20285
2229	2483106	25233
2230	2485335	13574
2231	2487565	16961
2232	2489796	21227
2233	2492028	46852
2234	2494261	21059
2235	2496495	27767
2236	2498730	16192
2237	2500966	13540
2238	2503203	17217
2239	2505441	15125
2240	2507680	19895
2241	2509920	18297
2242	2512161	15223
2243	2514403	156241
2244	2516646	19627
2245	2518890	140053
2246	2521135	17538
2247	2523381	26471
2248	2525628	14889
2249	2527876	115721
2250	2530125	107655
2251	2532375	23551
2252	2534626	25846
2253	2536878	22412
2254	2539131	15924
2255	2541385	25134
2256	2543640	14767
2257	2545896	30664
2258	2548153	18124
2259	2550411	18024
2260	2552670	13311
2261	2554930	23392
2262	2557191	24150
2263	2559453	25585
2264	2561716	13800
2265	2563980	14632
2266	2566245	17707
2267	2568511	15476
2268	2570778	16104
2269	2573046	20569
2270	2575315	16336
2271	2577585	16632
2272	2579856	15210
2273	2582128	17523
2274	2584401	46821
2275	2586675	24309
2276	2588950	13461
2277	2591226	18012
2278	2593503	27779
2279	2595781	25865
2280	2598060	23206
2281	2600340	25375
2282	2602621	16869
2283	2604903	15570
2284	2607186	18578
2285	2609470	27604
2286	2611755	29610
2287	2614041	16668
2288	2616328	33805
2289	2618616	26849
2290	2620905	13561
2291	2623195	19664
2292	2625486	15570
2293	2627778	18948
2294	2630071	27025
2295	2632365	17300
2296	2634660	23070
2297	2636956	18744
2298	2639253	19006
2299	2641551	17437
2300	2643850	17765
2301	2646150	26214
2302	2648451	174042
2303	2650753	24468
2304	2653056	28764
2305	2655360	163157
2306	2657665	140357
2307	2659971	132564
2308	2662278	23343
2309	2664586	135330
2310	2666895	15919
2311	2669205	16259
2312	2671516	22512
2313	2673828	17282
2314	2676141	20799
2315	2678455	116068
2316	2680770	23870
2317	2683086	15375
2318	2685403	17816
2319	2687721	20539
2320	2690040	26325
2321	2692360	41370
2322	2694681	18772
2323	2697003	20328
2324	2699326	18159
2325	2701650	16723
2326	2703975	35589
2327	2706301	17708
2328	2708628	17196
2329	2710956	23860
2330	2713285	42171
2331	2715615	17783
2332	2717946	20256
2333	2720278	19919
2334	2722611	173924
2335	2724945	105188
2336	2727280	22684
2337	2729616	27610
2338	2731953	17522
2339	2734291	21488
2340	2736630	22123
2341	2738970	23504
2342	2741311	22252
2343	2743653	21037
2344	2745996	23360
2345	2748340	45041
2346	2750685	23015
2347	2753031	21838
2348	2755378	16338
2349	2757726	17912
2350	2760075	141914
2351	2762425	47829
2352	2764776	21714
2353	2767128	20598
2354	2769481	24922
2355	2771835	57525
2356	2774190	26427
2357	2776546	59079
2358	2778903	27626
2359	2781261	21800
2360	2783620	23904
2361	2785980	17833
2362	2788341	18051
2363	2790703	24027
2364	2793066	20066
2365	2795430	22167
2366	2797795	14918
2367	2800161	20342
2368	2802528	21547
2369	2804896	20339
2370	2807265	19494
2371	2809635	17660
2372	2812006	18527
2373	2814378	18043
2374	2816751	24648
2375	2819125	24173
2376	2821500	24617
2377	2823876	55210
2378	2826253	24347
2379	2828631	46593
2380	2831010	26631
2381	2833390	17415
2382	2835771	128493
2383	2838153	18027
2384	2840536	111160
2385	2842920	16416
2386	2845305	55271
2387	2847691	17478
2388	2850078	22081
2389	2852466	21504
2390	2854855	32376
2391	2857245	23055
2392	2859636	19189
2393	2862028	17002
2394	2864421	23509
2395	2866815	15031
2396	2869210	18852
2397	2871606	16117
2398	2874003	34533
2399	2876401	23690
2400	2878800	21840
2401	2881200	14487
2402	2883601	25606
2403	2886003	23337
2404	2888406	23101
2405	2890810	22784
2406	2893215	17902
2407	2895621	60559
2408	2898028	12150
2409	2900436	17521
2410	2902845	22869
2411	2905255	171319
2412	2907666	18606
2413	2910078	18392
2414	2912491	19973
2415	2914905	21998
2416	2917320	26403
2417	2919736	138419
2418	2922153	17721
2419	2924571	18184
2420	2926990	15246
2421	2929410	14518
2422	2931831	18853
2423	2934253	21516
2424	2936676	34621
2425	2939100	138235
2426	2941525	17327
2427	2943951	15878
2428	2946378	16342
2429	2948806	16558
2430	2951235	22479
2431	2953665	21867
2432	2956096	78617
2433	2958528	22282
2434	2960961	22042
2435	2963395	23322
2436	2965830	35820
2437	2968266	22079
2438	2970703	23120
2439	2973141	22550
2440	2975580	18075
2441	2978020	18812
2442	2980461	15891
2443	2982903	19594
2444	2985346	16092
2445	2987790	24074
2446	2990235	19077
2447	2992681	25447
2448	2995128	161444
2449	2997576	143205
2450	3000025	26650
2451	3002475	23832
2452	3004926	28609
2453	3007378	18346
2454	3009831	15962
2455	3012285	20381
2456	3014740	25582
2457	3017196	12627
2458	3019653	28738
2459	3022111	18703
2460	3024570	28426
2461	3027030	21021
2462	3029491	96292
2463	3031953	22223
2464	3034416	13105
2465	3036880	22362
2466	3039345	16096
2467	3041811	25497
2468	3044278	17659
2469	3046746	18846
2470	3049215	20507
2471	3051685	17047
2472	3054156	18202
2473	3056628	26170
2474	3059101	81280
2475	3061575	19581
2476	3064050	18277
2477	3066526	63656
2478	3069003	162506
2479	3071481	22612
2480	3073960	16510
2481	3076440	17968
2482	3078921	24567
2483	3081403	22434
2484	3083886	19550
2485	3086370	28288
2486	3088855	19077
2487	3091341	94571
2488	3093828	15404
2489	3096316	18893
2490	3098805	25676
2491	3101295	15808
2492	3103786	20084
2493	3106278	20401
2494	3108771	22241
2495	3111265	24139
2496	3113760	23322
2497	3116256	22471
2498	3118753	71745
2499	3121251	22792
2500	3123750	16015
