100	4950	188349
101	5050	191188
102	5151	99157
103	5253	121061
104	5356	498778
105	5460	76910
106	5565	966192
107	5671	115972
108	5778	369961
109	5886	152382
110	5995	101763
111	6105	940285
112	6216	1191264
113	6328	735520
114	6441	488150
115	6555	1471954
116	6670	104371
117	6786	769127
118	6903	1027544
119	7021	160225
120	7140	1081373
121	7260	1113673
122	7381	792281
123	7503	139189
124	7626	968691
125	7750	109465
126	7875	1000092
127	8001	161842
128	8128	454209
129	8256	1041024
130	8385	978479
131	8515	560882
132	8646	919141
133	8778	394338
134	8911	1214955
135	9045	140336
136	9180	510040
137	9316	423687
138	9453	1184486
139	9591	581135
140	9730	721729
141	9870	134965
142	10011	140892
143	10153	1431694
144	10296	1515300
145	10440	227384
146	10585	187708
147	10731	1570197
148	10878	1694720
149	11026	267674
150	11175	401188
151	11325	546665
152	11476	193688
153	11628	264038
154	11781	1528218
155	11935	999248
156	12090	1910003
157	12246	245954
158	12403	516859
159	12561	1035338
160	12720	175001
161	12880	1185442
162	13041	479831
163	13203	502434
164	13366	2215300
165	13530	911656
166	13695	292300
167	13861	1247827
168	14028	381595
169	14196	2233549
170	14365	296409
171	14535	1361102
172	14706	1692415
173	14878	304101
174	15051	556155
175	15225	209621
176	15400	1205365
177	15576	2651051
178	15753	342287
179	15931	325456
180	16110	329658
181	16290	822724
182	16471	339763
183	16653	1110014
184	16836	741448
185	17020	1835340
186	17205	345341
187	17391	1560470
188	17578	2164084
189	17766	423398
190	17955	440399
191	18145	981185
192	18336	2833958
193	18528	1028625
194	18721	372162
195	18915	2361479
196	19110	389126
197	19306	549085
198	19503	401310
199	19701	296770
200	19900	2583975
201	20100	307136
202	20301	407732
203	20503	2043516
204	20706	409515
205	20910	3060356
206	21115	2252552
207	21321	559704
208	21528	1427230
209	21736	381961
210	21945	828868
211	22155	5952836
212	22366	1439468
213	22578	324977
214	22791	472101
215	23005	1161700
216	23220	2848603
217	23436	445539
218	23653	363270
219	23871	335839
220	24090	2217094
221	24310	1762082
222	24531	545205
223	24753	472762
224	24976	498235
225	25200	573125
226	25425	2206085
227	25651	808672
228	25878	2241410
229	26106	566178
230	26335	424268
231	26565	539331
232	26796	378784
233	27028	2873766
234	27261	394507
235	27495	539226
236	27730	1334233
237	27966	2901933
238	28203	587691
239	28441	599364
240	28680	3378829
241	28920	3783167
242	29161	676236
243	29403	593326
244	29646	930500
245	29890	2863163
246	30135	626408
247	30381	2709822
248	30628	2916726
249	30876	601808
250	31125	589777
251	31375	678351
252	31626	2103672
253	31878	615772
254	32131	4769402
255	32385	726090
256	32640	1663599
257	32896	3306485
258	33153	672315
259	33411	638442
260	33670	696884
261	33930	682915
262	34191	3004093
263	34453	571096
264	34716	5046884
265	34980	528423
266	35245	4957093
267	35511	537361
268	35778	743020
269	36046	519588
270	36315	3694452
271	36585	748959
272	36856	4700900
273	37128	4228314
274	37401	967662
275	37675	615878
276	37950	4603150
277	38226	660984
278	38503	805571
279	38781	1440457
280	39060	548614
281	39340	6353248
282	39621	841550
283	39903	4891341
284	40186	5222700
285	40470	748720
286	40755	824388
287	41041	4487845
288	41328	810744
289	41616	856932
290	41905	931491
291	42195	1318969
292	42486	5158995
293	42778	2786641
294	43071	893029
295	43365	4384766
296	43660	2686164
297	43956	896164
298	44253	5712337
299	44551	837849
300	44850	1257388
301	45150	924767
302	45451	3771445
303	45753	4266609
304	46056	3585286
305	46360	907801
306	46665	960692
307	46971	6787318
308	47278	618431
309	47586	6631818
310	47895	692290
311	48205	1006034
312	48516	1382221
313	48828	968766
314	49141	1006987
315	49455	3025839
316	49770	726364
317	50086	4800500
318	50403	1053858
319	50721	6782238
320	51040	2331098
321	51360	1050116
322	51681	1087087
323	52003	2635368
324	52326	1630450
325	52650	3406752
326	52975	1088308
327	53301	1933683
328	53628	1115657
329	53956	1133539
330	54285	1141808
331	54615	1151011
332	54946	1796216
333	55278	2651535
334	55611	2838188
335	55945	11904089
336	56280	1094684
337	56616	1989481
338	56953	1157015
339	57291	4428862
340	57630	813135
341	57970	5055300
342	58311	1164368
343	58653	2418319
344	58996	7727977
345	59340	1136093
346	59685	4228888
347	60031	1225379
348	60378	1264740
349	60726	1246238
350	61075	9354768
351	61425	1263307
352	61776	8082098
353	62128	7413538
354	62481	6348873
355	62835	1883088
356	63190	1274919
357	63546	3136073
358	63903	1325226
359	64261	6726583
360	64620	1576819
361	64980	2193879
362	65341	2091025
363	65703	6698769
364	66066	6900874
365	66430	1351935
366	66795	950739
367	67161	2199909
368	67528	4424224
369	67896	1373004
370	68265	1400789
371	68635	2557896
372	69006	10460162
373	69378	5839760
374	69751	1435329
375	70125	9494836
376	70500	3299256
377	70876	7856704
378	71253	2312925
379	71631	1251430
380	72010	5710027
381	72390	9568937
382	72771	1668101
383	73153	1675903
384	73536	7552797
385	73920	10046050
386	74305	1520290
387	74691	10227805
388	75078	1682665
389	75466	2359222
390	75855	1723387
391	76245	1505988
392	76636	7266271
393	77028	1532853
394	77421	4649257
395	77815	2895100
396	78210	1678085
397	78606	6550576
398	79003	11927335
399	79401	1693410
400	79800	5497876
401	80200	1653104
402	80601	18138324
403	81003	9897099
404	81406	2776218
405	81810	1762719
406	82215	1665682
407	82621	1740868
408	83028	11804753
409	83436	1584228
410	83845	11588740
411	84255	1706370
412	84666	2035738
413	85078	4550694
414	85491	2859474
415	85905	4747018
416	86320	12548982
417	86736	6943929
418	87153	11141523
419	87571	1570005
420	87990	2439181
421	88410	9912192
422	88831	7774843
423	89253	1913557
424	89676	11869914
425	90100	1999025
426	90525	6694699
427	90951	6776712
428	91378	13112366
429	91806	1450559
430	92235	9380532
431	92665	2001140
432	93096	1809498
433	93528	2080480
434	93961	2037664
435	94395	2207015
436	94830	2643793
437	95266	2023675
438	95703	1965659
439	96141	2099497
440	96580	7270751
441	97020	12561014
442	97461	13927571
443	97903	5550557
444	98346	2046322
445	98790	2040579
446	99235	11479721
447	99681	1616929
448	100128	2900737
449	100576	6553280
450	101025	2200040
451	101475	4411378
452	101926	14549440
453	102378	2306693
454	102831	2218156
455	103285	12921831
456	103740	2414029
457	104196	16141536
458	104653	2230229
459	105111	2092927
460	105570	10676512
461	106030	2416571
462	106491	2685462
463	106953	12879380
464	107416	2277549
465	107880	17414703
466	108345	13686698
467	108811	6568395
468	109278	2296423
469	109746	2389856
470	110215	16848242
471	110685	2441221
472	111156	10790833
473	111628	2257976
474	112101	10592680
475	112575	16907942
476	113050	2667451
477	113526	2157500
478	114003	23287371
479	114481	2065774
480	114960	15451410
481	115440	2270588
482	115921	2970336
483	116403	18008686
484	116886	2567468
485	117370	12212346
486	117855	2783632
487	118341	20218367
488	118828	2894113
489	119316	5526136
490	119805	21941759
491	120295	2796728
492	120786	15698616
493	121278	7408850
494	121771	2879610
495	122265	15092136
496	122760	3339921
497	123256	11040052
498	123753	15445462
499	124251	2879241
500	124750	19760655
501	125250	5659538
502	125751	3108134
503	126253	2678103
504	126756	9359024
505	127260	3068297
506	127765	2955932
507	128271	3312300
508	128778	9886894
509	129286	3060599
510	129795	3132493
511	130305	12308944
512	130816	17889102
513	131328	3094557
514	131841	2371782
515	132355	19697384
516	132870	3026890
517	133386	2262582
518	133903	2980721
519	134421	3000696
520	134940	15200051
521	135460	6572099
522	135981	3252674
523	136503	16994951
524	137026	2637809
525	137550	23860587
526	138075	3369812
527	138601	7871002
528	139128	3116120
529	139656	3477565
530	140185	23628500
531	140715	3387080
532	141246	22400328
533	141778	9531376
534	142311	17962667
535	142845	26475468
536	143380	39131856
537	143916	32230598
538	144453	3859419
539	144991	3889804
540	145530	26834288
541	146070	3817729
542	146611	3704715
543	147153	3871814
544	147696	3495120
545	148240	10201553
546	148785	3663877
547	149331	28456200
548	149878	18944072
549	150426	18186298
550	150975	3365020
551	151525	3647726
552	152076	19356530
553	152628	9976611
554	153181	16194121
555	153735	6406943
556	154290	9772978
557	154846	7807232
558	155403	3873111
559	155961	3882983
560	156520	3513623
561	157080	3475274
562	157641	5655779
563	158203	11154913
564	158766	3491302
565	159330	25579052
566	159895	3391906
567	160461	16967007
568	161028	3974621
569	161596	24143746
570	162165	3791820
571	162735	28402787
572	163306	3464291
573	163878	3817874
574	164451	3802413
575	165025	3544610
576	165600	7755192
577	166176	19943738
578	166753	25329589
579	167331	27097448
580	167910	3843323
581	168490	8510798
582	169071	4841878
583	169653	2702103
584	170236	25425290
585	170820	5266953
586	171405	14342124
587	171991	3116647
588	172578	18017383
589	173166	5294120
590	173755	3720869
591	174345	4192968
592	174936	4178861
593	175528	5336275
594	176121	16299234
595	176715	10773182
596	177310	4091702
597	177906	6043618
598	178503	22238748
599	179101	20407580
600	179700	4623773
601	180300	29790522
602	180901	17882980
603	181503	4372045
604	182106	15948832
605	182710	28399724
606	183315	3886169
607	183921	4226631
608	184528	26290060
609	185136	3743045
610	185745	20487271
611	186355	4874223
612	186966	19591279
613	187578	8416695
614	188191	41160386
615	188805	10778899
616	189420	17235772
617	190036	4901076
618	190653	27793952
619	191271	9455372
620	191890	3570588
621	192510	22189109
622	193131	3327681
623	193753	5430205
624	194376	4405799
625	195000	10506958
626	195625	28410899
627	196251	4802265
628	196878	11028242
629	197506	29160939
630	198135	22467497
631	198765	6454046
632	199396	8613772
633	200028	5975057
634	200661	23894336
635	201295	6421045
636	201930	29906929
637	202566	5770885
638	203203	28685651
639	203841	5231951
640	204480	30855843
641	205120	6871675
642	205761	5026986
643	206403	24716821
644	207046	4575458
645	207690	32618187
646	208335	22354839
647	208981	5035104
648	209628	5504135
649	210276	8081044
650	210925	4535302
651	211575	20535120
652	212226	4748249
653	212878	3930604
654	213531	5245505
655	214185	13569740
656	214840	5120366
657	215496	5444045
658	216153	4859088
659	216811	11632309
660	217470	4940904
661	218130	3807708
662	218791	5573563
663	219453	24095589
664	220116	13883953
665	220780	49972341
666	221445	40035909
667	222111	7616979
668	222778	5186834
669	223446	31934024
670	224115	4419192
671	224785	5301021
672	225456	5606529
673	226128	5847380
674	226801	13376754
675	227475	35777436
676	228150	5636685
677	228826	22023857
678	229503	6250097
679	230181	29642658
680	230860	5573386
681	231540	10126065
682	232221	9793186
683	232903	4787653
684	233586	40590977
685	234270	61884797
686	234955	5787893
687	235641	23928414
688	236328	13114978
689	237016	34425981
690	237705	13713107
691	238395	5679671
692	239086	7997458
693	239778	7303500
694	240471	4760686
695	241165	5321810
696	241860	6208542
697	242556	24091316
698	243253	5952006
699	243951	31546831
700	244650	8874281
701	245350	4755192
702	246051	19647440
703	246753	25382943
704	247456	14948661
705	248160	6049827
706	248865	5953649
707	249571	8398998
708	250278	6375526
709	250986	40389339
710	251695	6105923
711	252405	26204296
712	253116	5988572
713	253828	5430626
714	254541	6251158
715	255255	5693854
716	255970	6244721
717	256686	4630388
718	257403	6422846
719	258121	6590069
720	258840	5475730
721	259560	34311581
722	260281	8093744
723	261003	49650209
724	261726	42363828
725	262450	10028196
726	263175	6358592
727	263901	6078222
728	264628	6218261
729	265356	6086781
730	266085	6677767
731	266815	32466965
732	267546	9473861
733	268278	27311869
734	269011	6756811
735	269745	6958341
736	270480	22130397
737	271216	6759748
738	271953	10439035
739	272691	22092828
740	273430	5978495
741	274170	6914450
742	274911	44252151
743	275653	48821135
744	276396	6092906
745	277140	47774458
746	277885	5965188
747	278631	40377218
748	279378	8181857
749	280126	6200825
750	280875	6975163
751	281625	32386780
752	282376	6419674
753	283128	7325959
754	283881	5514431
755	284635	16308236
756	285390	30563272
757	286146	15042411
758	286903	46204374
759	287661	26251217
760	288420	8685956
761	289180	9045545
762	289941	7509877
763	290703	56179098
764	291466	21777730
765	292230	34385238
766	292995	22886513
767	293761	26086784
768	294528	7942596
769	295296	41903858
770	296065	5198315
771	296835	49495559
772	297606	6904497
773	298378	7765190
774	299151	48047531
775	299925	30297945
776	300700	8438771
777	301476	6727027
778	302253	27915407
779	303031	44979643
780	303810	8182994
781	304590	62348839
782	305371	53615140
783	306153	11466576
784	306936	7555804
785	307720	57663351
786	308505	8217399
787	309291	53857442
788	310078	6753367
789	310866	8038943
790	311655	50678602
791	312445	17086181
792	313236	8591932
793	314028	7083542
794	314821	41992189
795	315615	42382699
796	316410	49170495
797	317206	38644118
798	318003	7388807
799	318801	8106022
800	319600	7529371
801	320400	8256364
802	321201	48427061
803	322003	34315077
804	322806	6206991
805	323610	23459887
806	324415	8613973
807	325221	47661408
808	326028	6162414
809	326836	7152054
810	327645	52782685
811	328455	9072828
812	329266	16583652
813	330078	33352384
814	330891	6764576
815	331705	8824390
816	332520	9039789
817	333336	8185717
818	334153	12571387
819	334971	10063375
820	335790	36657417
821	336610	6741157
822	337431	8342785
823	338253	55797460
824	339076	43715509
825	339900	18813756
826	340725	7863380
827	341551	56121302
828	342378	8205228
829	343206	8348656
830	344035	22025880
831	344865	80299620
832	345696	43332742
833	346528	7832436
834	347361	9027091
835	348195	57377790
836	349030	48623978
837	349866	8666266
838	350703	9072753
839	351541	40373724
840	352380	10999650
841	353220	8481762
842	354061	27286676
843	354903	8622239
844	355746	41039395
845	356590	9905274
846	357435	9682495
847	358281	30968665
848	359128	63063477
849	359976	46962589
850	360825	8117345
851	361675	41601000
852	362526	50577058
853	363378	8500279
854	364231	7735081
855	365085	63255894
856	365940	43219237
857	366796	8558129
858	367653	68826886
859	368511	8915224
860	369370	8597027
861	370230	70026305
862	371091	21537448
863	371953	33565512
864	372816	9049141
865	373680	42794210
866	374545	8793380
867	375411	9896780
868	376278	9949835
869	377146	33119916
870	378015	44158865
871	378885	65139870
872	379756	68814578
873	380628	36776209
874	381501	35883196
875	382375	60906018
876	383250	45498265
877	384126	12768742
878	385003	10759975
879	385881	9216481
880	386760	18100168
881	387640	10190320
882	388521	60111913
883	389403	9282817
884	390286	10778364
885	391170	21105163
886	392055	12093895
887	392941	25904357
888	393828	10528578
889	394716	10457811
890	395605	32325968
891	396495	24904767
892	397386	77136287
893	398278	77211845
894	399171	54647505
895	400065	10231469
896	400960	8641210
897	401856	9452688
898	402753	52819629
899	403651	10450597
900	404550	10778149
901	405450	9739385
902	406351	77125333
903	407253	52053827
904	408156	9985550
905	409060	14191877
906	409965	43224844
907	410871	33108429
908	411778	21813245
909	412686	44705856
910	413595	10247338
911	414505	22531869
912	415416	10766090
913	416328	10394460
914	417241	10116037
915	418155	38720818
916	419070	19712325
917	419986	18712063
918	420903	73835330
919	421821	10605197
920	422740	9838242
921	423660	10855698
922	424581	68010637
923	425503	46658425
924	426426	48975850
925	427350	18423376
926	428275	18750635
927	429201	73035106
928	430128	66472953
929	431056	39072592
930	431985	11201572
931	432915	12067572
932	433846	11359991
933	434778	11667653
934	435711	10972598
935	436645	48654735
936	437580	11612979
937	438516	11488138
938	439453	11551136
939	440391	51093182
940	441330	42048759
941	442270	10392357
942	443211	53966832
943	444153	25497041
944	445096	15556946
945	446040	10916858
946	446985	23610359
947	447931	56600559
948	448878	10126691
949	449826	47135546
950	450775	11654424
951	451725	85527154
952	452676	65875148
953	453628	20983852
954	454581	13006341
955	455535	34941791
956	456490	12121588
957	457446	46890117
958	458403	62505198
959	459361	35366087
960	460320	75058582
961	461280	39262199
962	462241	30230919
963	463203	11571617
964	464166	38412855
965	465130	39150461
966	466095	12395690
967	467061	13547480
968	468028	11298077
969	468996	69016425
970	469965	102168965
971	470935	13477400
972	471906	92549612
973	472878	18901110
974	473851	12535976
975	474825	12043810
976	475800	12295261
977	476776	46908117
978	477753	14837301
979	478731	48145559
980	479710	9870434
981	480690	41922739
982	481671	12103630
983	482653	11791561
984	483636	11241294
985	484620	10443472
986	485605	12944016
987	486591	16419557
988	487578	11708708
989	488566	59304633
990	489555	76815455
991	490545	14023502
992	491536	84430035
993	492528	11502157
994	493521	11922059
995	494515	12972697
996	495510	84466742
997	496506	12836440
998	497503	80243725
999	498501	58599527
1000	499500	13466085
1001	500500	75415181
1002	501501	80462139
1003	502503	62147843
1004	503506	36886767
1005	504510	11667570
1006	505515	73231205
1007	506521	13241222
1008	507528	41432282
1009	508536	13265205
1010	509545	12052404
1011	510555	12522914
1012	511566	52536850
1013	512578	13863619
1014	513591	70668390
1015	514605	15214917
1016	515620	11816139
1017	516636	16868121
1018	517653	13193306
1019	518671	12389051
1020	519690	10516590
1021	520710	13530220
1022	521731	10035935
1023	522753	12604611
1024	523776	12913090
1025	524800	14132317
1026	525825	31036458
1027	526851	27446705
1028	527878	48623389
1029	528906	109755473
1030	529935	18442226
1031	530965	13450397
1032	531996	49584919
1033	533028	13780627
1034	534061	12715722
1035	535095	13856191
1036	536130	25036464
1037	537166	12915184
1038	538203	14086148
1039	539241	21252307
1040	540280	16678114
1041	541320	18709097
1042	542361	30016402
1043	543403	13632925
1044	544446	19192590
1045	545490	16547104
1046	546535	41670474
1047	547581	74440739
1048	548628	14863692
1049	549676	14857496
1050	550725	12102554
1051	551775	12558532
1052	552826	77319377
1053	553878	11872361
1054	554931	43632124
1055	555985	27928435
1056	557040	13048705
1057	558096	12914914
1058	559153	96513987
1059	560211	37872068
1060	561270	14393695
1061	562330	14020460
1062	563391	106272417
1063	564453	66985827
1064	565516	13265858
1065	566580	50677143
1066	567645	62873008
1067	568711	99456593
1068	569778	28248456
1069	570846	20713376
1070	571915	64320510
1071	572985	18258537
1072	574056	14052135
1073	575128	32560968
1074	576201	21252078
1075	577275	14250840
1076	578350	72237289
1077	579426	16265650
1078	580503	15281989
1079	581581	15485007
1080	582660	82393061
1081	583740	44588822
1082	584821	14937456
1083	585903	16229770
1084	586986	18109820
1085	588070	30014736
1086	589155	25424990
1087	590241	82569418
1088	591328	31818899
1089	592416	78635704
1090	593505	30875613
1091	594595	76261184
1092	595686	16257233
1093	596778	47206403
1094	597871	15480693
1095	598965	16214206
1096	600060	47643784
1097	601156	21003481
1098	602253	40609245
1099	603351	104768181
1100	604450	108524453
1101	605550	114140167
1102	606651	79134058
1103	607753	13855640
1104	608856	15872289
1105	609960	58107810
1106	611065	26118212
1107	612171	36404860
1108	613278	35628875
1109	614386	67802905
1110	615495	51993411
1111	616605	15692775
1112	617716	65024296
1113	618828	14785961
1114	619941	119230285
1115	621055	16900554
1116	622170	36784010
1117	623286	93521625
1118	624403	101805280
1119	625521	65027584
1120	626640	15640910
1121	627760	14119488
1122	628881	16263367
1123	630003	132510094
1124	631126	15470043
1125	632250	110250143
1126	633375	90483241
1127	634501	108091106
1128	635628	82239912
1129	636756	95565630
1130	637885	43774851
1131	639015	18826040
1132	640146	15056862
1133	641278	16213714
1134	642411	15342128
1135	643545	16031455
1136	644680	16325551
1137	645816	15868574
1138	646953	14963313
1139	648091	71873051
1140	649230	34118387
1141	650370	55905670
1142	651511	48950522
1143	652653	16179681
1144	653796	66066875
1145	654940	22837257
1146	656085	19090579
1147	657231	16039461
1148	658378	16320599
1149	659526	16897807
1150	660675	15064774
1151	661825	14651666
1152	662976	45808982
1153	664128	16907254
1154	665281	16884065
1155	666435	57149910
1156	667590	16053751
1157	668746	50165961
1158	669903	89525110
1159	671061	16913302
1160	672220	34759781
1161	673380	68343034
1162	674541	16558537
1163	675703	98365431
1164	676866	15896728
1165	678030	24660310
1166	679195	107271643
1167	680361	61760788
1168	681528	22192524
1169	682696	102289855
1170	683865	73811179
1171	685035	18756958
1172	686206	46399699
1173	687378	18730456
1174	688551	44977355
1175	689725	17835821
1176	690900	138540304
1177	692076	19768977
1178	693253	19530058
1179	694431	16826457
1180	695610	53152219
1181	696790	17493981
1182	697971	21272389
1183	699153	15194256
1184	700336	105481407
1185	701520	18151501
1186	702705	89270742
1187	703891	104858098
1188	705078	16422219
1189	706266	14098004
1190	707455	16765585
1191	708645	17086784
1192	709836	64633626
1193	711028	79399805
1194	712221	49749463
1195	713415	28544641
1196	714610	17879358
1197	715806	141384019
1198	717003	18596953
1199	718201	19016972
1200	719400	44721684
1201	720600	122600746
1202	721801	20072308
1203	723003	124109111
1204	724206	42805074
1205	725410	18656751
1206	726615	16689186
1207	727821	92195830
1208	729028	68709922
1209	730236	73734292
1210	731445	76521645
1211	732655	18491105
1212	733866	66177349
1213	735078	113102440
1214	736291	18191576
1215	737505	116919392
1216	738720	100300047
1217	739936	38428273
1218	741153	19456236
1219	742371	117472116
1220	743590	49438996
1221	744810	48614950
1222	746031	68399661
1223	747253	23361856
1224	748476	17385824
1225	749700	17904129
1226	750925	69569938
1227	752151	19275041
1228	753378	19343798
1229	754606	70191983
1230	755835	84397099
1231	757065	144272400
1232	758296	20957149
1233	759528	102619461
1234	760761	18601480
1235	761995	106132194
1236	763230	43196790
1237	764466	19011562
1238	765703	49185223
1239	766941	89379654
1240	768180	93648634
1241	769420	89361412
1242	770661	18860722
1243	771903	39830877
1244	773146	118636186
1245	774390	75775454
1246	775635	175990714
1247	776881	39012091
1248	778128	36884315
1249	779376	106729933
1250	780625	112421064
1251	781875	133948009
1252	783126	25414264
1253	784378	119823078
1254	785631	124200343
1255	786885	122292918
1256	788140	161849709
1257	789396	90404835
1258	790653	17003348
1259	791911	19045021
1260	793170	17176280
1261	794430	116493520
1262	795691	20169825
1263	796953	19877275
1264	798216	128420296
1265	799480	21039790
1266	800745	77169091
1267	802011	104182144
1268	803278	134860207
1269	804546	86984321
1270	805815	46765241
1271	807085	65473000
1272	808356	109823275
1273	809628	19983038
1274	810901	31817896
1275	812175	70650121
1276	813450	19513863
1277	814726	19462695
1278	816003	93908105
1279	817281	21670439
1280	818560	68578367
1281	819840	31363506
1282	821121	131287560
1283	822403	18989829
1284	823686	25871000
1285	824970	156707046
1286	826255	139325207
1287	827541	112000019
1288	828828	17755100
1289	830116	40982334
1290	831405	20564670
1291	832695	19144397
1292	833986	21635381
1293	835278	76699779
1294	836571	23159028
1295	837865	96013152
1296	839160	44391915
1297	840456	134111234
1298	841753	145156917
1299	843051	21514955
1300	844350	19187392
1301	845650	90378103
1302	846951	25368138
1303	848253	44187938
1304	849556	22811008
1305	850860	137023750
1306	852165	20142585
1307	853471	140933579
1308	854778	23549346
1309	856086	138438656
1310	857395	58565623
1311	858705	29535420
1312	860016	61262995
1313	861328	23916145
1314	862641	75516860
1315	863955	82344989
1316	865270	76116400
1317	866586	140228001
1318	867903	132394832
1319	869221	21971529
1320	870540	24191125
1321	871860	28486588
1322	873181	131189160
1323	874503	129918994
1324	875826	58038137
1325	877150	19510330
1326	878475	24384284
1327	879801	28196669
1328	881128	133970400
1329	882456	135303489
1330	883785	72191055
1331	885115	19364309
1332	886446	19143846
1333	887778	58306276
1334	889111	138270341
1335	890445	20762776
1336	891780	79605399
1337	893116	33979594
1338	894453	46358444
1339	895791	31252336
1340	897130	22827027
1341	898470	84121616
1342	899811	23045476
1343	901153	21997515
1344	902496	23147453
1345	903840	21218537
1346	905185	29566266
1347	906531	104392732
1348	907878	20665029
1349	909226	20959845
1350	910575	22361960
1351	911925	78363532
1352	913276	138505448
1353	914628	102657010
1354	915981	141439620
1355	917335	97163836
1356	918690	20834257
1357	920046	21933658
1358	921403	19267291
1359	922761	20840455
1360	924120	71491206
1361	925480	85202562
1362	926841	38996715
1363	928203	147479560
1364	929566	23287068
1365	930930	115641032
1366	932295	74158366
1367	933661	22169639
1368	935028	162229863
1369	936396	39668853
1370	937765	27383923
1371	939135	93448000
1372	940506	25298954
1373	941878	103879115
1374	943251	26530308
1375	944625	23223188
1376	946000	21959778
1377	947376	121474859
1378	948753	22303470
1379	950131	78233019
1380	951510	76505722
1381	952890	24957677
1382	954271	173461155
1383	955653	23894873
1384	957036	25957189
1385	958420	60550124
1386	959805	135736850
1387	961191	94883596
1388	962578	25984864
1389	963966	155617952
1390	965355	20871245
1391	966745	22466752
1392	968136	109885991
1393	969528	23445021
1394	970921	24705202
1395	972315	38882331
1396	973710	24541601
1397	975106	130424970
1398	976503	22995967
1399	977901	89857210
1400	979300	77759754
1401	980700	26954131
1402	982101	170671873
1403	983503	99469654
1404	984906	22563630
1405	986310	99334190
1406	987715	20753956
1407	989121	23805606
1408	990528	54081262
1409	991936	24966085
1410	993345	103306799
1411	994755	26866565
1412	996166	24382405
1413	997578	26947814
1414	998991	70951548
1415	1000405	180188901
1416	1001820	24851347
1417	1003236	96972383
1418	1004653	23341915
1419	1006071	165084417
1420	1007490	74958513
1421	1008910	75953763
1422	1010331	33247623
1423	1011753	23181820
1424	1013176	28190828
1425	1014600	21782073
1426	1016025	138751935
1427	1017451	25571860
1428	1018878	158527157
1429	1020306	64070527
1430	1021735	29326182
1431	1023165	154546226
1432	1024596	26771330
1433	1026028	135833826
1434	1027461	132024993
1435	1028895	26063332
1436	1030330	110189896
1437	1031766	36630028
1438	1033203	26283024
1439	1034641	24316485
1440	1036080	146603071
1441	1037520	23317635
1442	1038961	148433656
1443	1040403	99761090
1444	1041846	27948349
1445	1043290	124710978
1446	1044735	78497768
1447	1046181	154168987
1448	1047628	25188202
1449	1049076	36978376
1450	1050525	79973257
1451	1051975	28273024
1452	1053426	103560732
1453	1054878	66925570
1454	1056331	24267909
1455	1057785	151810791
1456	1059240	24708075
1457	1060696	22895026
1458	1062153	26827596
1459	1063611	24385099
1460	1065070	145059175
1461	1066530	25230748
1462	1067991	183887327
1463	1069453	26177709
1464	1070916	26511123
1465	1072380	140942692
1466	1073845	25366275
1467	1075311	164622750
1468	1076778	23909237
1469	1078246	25432692
1470	1079715	45837413
1471	1081185	38851903
1472	1082656	56852357
1473	1084128	143565682
1474	1085601	109539997
1475	1087075	41452730
1476	1088550	25732319
1477	1090026	26844391
1478	1091503	45804916
1479	1092981	56083826
1480	1094460	24223434
1481	1095940	246228821
1482	1097421	174227287
1483	1098903	171759050
1484	1100386	110655895
1485	1101870	93792086
1486	1103355	36372429
1487	1104841	23130178
1488	1106328	68409433
1489	1107816	36524889
1490	1109305	26202629
1491	1110795	43595292
1492	1112286	116969009
1493	1113778	27544196
1494	1115271	60067203
1495	1116765	28420553
1496	1118260	117264688
1497	1119756	201699734
1498	1121253	26538370
1499	1122751	26880860
1500	1124250	163948677
1501	1125750	25513685
1502	1127251	35347039
1503	1128753	53123627
1504	1130256	40671963
1505	1131760	140925004
1506	1133265	27260590
1507	1134771	167992930
1508	1136278	156833797
1509	1137786	26705597
1510	1139295	28831297
1511	1140805	129869711
1512	1142316	23616288
1513	1143828	29047066
1514	1145341	26283793
1515	1146855	189566455
1516	1148370	58457339
1517	1149886	29135340
1518	1151403	167821746
1519	1152921	189804661
1520	1154440	168863111
1521	1155960	168866615
1522	1157481	94998698
1523	1159003	31977437
1524	1160526	93623273
1525	1162050	184699306
1526	1163575	200917581
1527	1165101	162219156
1528	1166628	30868405
1529	1168156	36651239
1530	1169685	160487175
1531	1171215	29959950
1532	1172746	29183182
1533	1174278	68669462
1534	1175811	33200212
1535	1177345	200747778
1536	1178880	28817286
1537	1180416	162707489
1538	1181953	143046176
1539	1183491	39282024
1540	1185030	31004688
1541	1186570	48804557
1542	1188111	104403651
1543	1189653	32362900
1544	1191196	30613309
1545	1192740	38517970
1546	1194285	186535989
1547	1195831	28256927
1548	1197378	193694331
1549	1198926	136675349
1550	1200475	52858220
1551	1202025	29540140
1552	1203576	29566167
1553	1205128	191962206
1554	1206681	31418814
1555	1208235	57368470
1556	1209790	29183360
1557	1211346	184107154
1558	1212903	26574551
1559	1214461	196066798
1560	1216020	28426843
1561	1217580	189980817
1562	1219141	73286403
1563	1220703	35140947
1564	1222266	80407380
1565	1223830	160970703
1566	1225395	175216294
1567	1226961	29658107
1568	1228528	28633787
1569	1230096	202240877
1570	1231665	106197341
1571	1233235	32079836
1572	1234806	207657865
1573	1236378	31495485
1574	1237951	122464314
1575	1239525	32078999
1576	1241100	38353722
1577	1242676	28522457
1578	1244253	29817637
1579	1245831	25773473
1580	1247410	30639348
1581	1248990	28865059
1582	1250571	29001100
1583	1252153	30754287
1584	1253736	28816959
1585	1255320	216284715
1586	1256905	30470764
1587	1258491	140539525
1588	1260078	120572201
1589	1261666	222153770
1590	1263255	51906798
1591	1264845	28680757
1592	1266436	149768144
1593	1268028	41993060
1594	1269621	44636680
1595	1271215	30944511
1596	1272810	116540116
1597	1274406	32377192
1598	1276003	158283409
1599	1277601	94886397
1600	1279200	30801019
1601	1280800	33610283
1602	1282401	32092207
1603	1284003	188712627
1604	1285606	26612605
1605	1287210	190255141
1606	1288815	122864266
1607	1290421	30163435
1608	1292028	206536039
1609	1293636	44288346
1610	1295245	35695530
1611	1296855	33468617
1612	1298466	148481402
1613	1300078	31636091
1614	1301691	85622944
1615	1303305	211069349
1616	1304920	124843711
1617	1306536	31373076
1618	1308153	31594193
1619	1309771	31120704
1620	1311390	82805177
1621	1313010	47134232
1622	1314631	53428911
1623	1316253	71059500
1624	1317876	115269096
1625	1319500	171895281
1626	1321125	35988441
1627	1322751	208351585
1628	1324378	36283529
1629	1326006	131562089
1630	1327635	84830548
1631	1329265	33207713
1632	1330896	53328533
1633	1332528	143595813
1634	1334161	156169399
1635	1335795	31541615
1636	1337430	33834727
1637	1339066	76227540
1638	1340703	229116255
1639	1342341	31153936
1640	1343980	173579773
1641	1345620	99958433
1642	1347261	30544401
1643	1348903	34296847
1644	1350546	226236488
1645	1352190	31923916
1646	1353835	31266974
1647	1355481	179271658
1648	1357128	39850502
1649	1358776	32699857
1650	1360425	33245900
1651	1362075	111426419
1652	1363726	39177995
1653	1365378	127814750
1654	1367031	143866882
1655	1368685	55794444
1656	1370340	31895154
1657	1371996	34282493
1658	1373653	187394577
1659	1375311	37360723
1660	1376970	203552215
1661	1378630	45260162
1662	1380291	32116591
1663	1381953	31583673
1664	1383616	274428418
1665	1385280	35217673
1666	1386945	134346239
1667	1388611	204625449
1668	1390278	149253214
1669	1391946	31829903
1670	1393615	31459977
1671	1395285	141912190
1672	1396956	39908646
1673	1398628	36565735
1674	1400301	36208696
1675	1401975	197112698
1676	1403650	32258331
1677	1405326	241349054
1678	1407003	34546395
1679	1408681	287200044
1680	1410360	160971246
1681	1412040	175965936
1682	1413721	232304362
1683	1415403	197586165
1684	1417086	52842978
1685	1418770	39613109
1686	1420455	34814370
1687	1422141	96164473
1688	1423828	33966481
1689	1425516	38090218
1690	1427205	30681972
1691	1428895	89296695
1692	1430586	31320914
1693	1432278	197408732
1694	1433971	89827736
1695	1435665	60233660
1696	1437360	153540678
1697	1439056	140347167
1698	1440753	34715823
1699	1442451	34468538
1700	1444150	35704708
1701	1445850	191533622
1702	1447551	38755746
1703	1449253	34643952
1704	1450956	38492441
1705	1452660	42913085
1706	1454365	196995626
1707	1456071	33901932
1708	1457778	195942638
1709	1459486	38130040
1710	1461195	184112634
1711	1462905	41879466
1712	1464616	193351173
1713	1466328	32929512
1714	1468041	39182140
1715	1469755	226323811
1716	1471470	47236407
1717	1473186	133017854
1718	1474903	36409277
1719	1476621	156114622
1720	1478340	35700362
1721	1480060	113091549
1722	1481781	68968834
1723	1483503	172122764
1724	1485226	36491140
1725	1486950	35338240
1726	1488675	35874592
1727	1490401	41658635
1728	1492128	33906802
1729	1493856	199627515
1730	1495585	228709582
1731	1497315	37711779
1732	1499046	172927034
1733	1500778	37532091
1734	1502511	166324355
1735	1504245	35412948
1736	1505980	163512654
1737	1507716	210442054
1738	1509453	47434806
1739	1511191	41963504
1740	1512930	237021222
1741	1514670	154423568
1742	1516411	230488216
1743	1518153	39202636
1744	1519896	90357691
1745	1521640	41292259
1746	1523385	34120825
1747	1525131	150569406
1748	1526878	73551205
1749	1528626	193005744
1750	1530375	203349998
1751	1532125	38973989
1752	1533876	40185879
1753	1535628	146587993
1754	1537381	40711565
1755	1539135	228863350
1756	1540890	228477401
1757	1542646	156026294
1758	1544403	120504016
1759	1546161	183240064
1760	1547920	174468424
1761	1549680	36314544
1762	1551441	44412482
1763	1553203	40591656
1764	1554966	37478775
1765	1556730	43116823
1766	1558495	139405739
1767	1560261	97281109
1768	1562028	224595431
1769	1563796	36644206
1770	1565565	222621565
1771	1567335	34063136
1772	1569106	48239345
1773	1570878	267556439
1774	1572651	121134342
1775	1574425	37168531
1776	1576200	244870438
1777	1577976	138110357
1778	1579753	39744866
1779	1581531	38408120
1780	1583310	41300220
1781	1585090	117586079
1782	1586871	42526668
1783	1588653	79527126
1784	1590436	35157807
1785	1592220	245751759
1786	1594005	96162750
1787	1595791	45389560
1788	1597578	37237740
1789	1599366	38132015
1790	1601155	39374988
1791	1602945	211851557
1792	1604736	61837800
1793	1606528	117421536
1794	1608321	40832933
1795	1610115	106587067
1796	1611910	205090337
1797	1613706	41221609
1798	1615503	40469643
1799	1617301	203328916
1800	1619100	45804323
1801	1620900	197276032
1802	1622701	46527945
1803	1624503	41455694
1804	1626306	101021411
1805	1628110	41095633
1806	1629915	245769097
1807	1631721	104677885
1808	1633528	42484348
1809	1635336	149144998
1810	1637145	121290205
1811	1638955	189311398
1812	1640766	48667428
1813	1642578	90541499
1814	1644391	126802978
1815	1646205	239555213
1816	1648020	40575523
1817	1649836	45413653
1818	1651653	233115461
1819	1653471	37029409
1820	1655290	39410837
1821	1657110	41255989
1822	1658931	38894502
1823	1660753	70610127
1824	1662576	49236021
1825	1664400	40738507
1826	1666225	63932086
1827	1668051	48418877
1828	1669878	251379086
1829	1671706	47228002
1830	1673535	248009168
1831	1675365	79602952
1832	1677196	39899869
1833	1679028	41743557
1834	1680861	268042543
1835	1682695	51184854
1836	1684530	146179310
1837	1686366	266747866
1838	1688203	43596677
1839	1690041	174660018
1840	1691880	182315742
1841	1693720	50059674
1842	1695561	52802921
1843	1697403	53181953
1844	1699246	56671789
1845	1701090	46458132
1846	1702935	237128168
1847	1704781	241259394
1848	1706628	46106136
1849	1708476	237455483
1850	1710325	128539378
1851	1712175	46118038
1852	1714026	53001596
1853	1715878	183669659
1854	1717731	40764798
1855	1719585	49940410
1856	1721440	221316947
1857	1723296	41545503
1858	1725153	52953962
1859	1727011	55710019
1860	1728870	44651220
1861	1730730	266677631
1862	1732591	38571785
1863	1734453	46988261
1864	1736316	286160690
1865	1738180	137634064
1866	1740045	41415453
1867	1741911	49412860
1868	1743778	236506568
1869	1745646	39857664
1870	1747515	47028637
1871	1749385	45870064
1872	1751256	237203220
1873	1753128	126678464
1874	1755001	272945769
1875	1756875	280309385
1876	1758750	167895196
1877	1760626	96346388
1878	1762503	46721570
1879	1764381	309886087
1880	1766260	74718760
1881	1768140	43612411
1882	1770021	47745205
1883	1771903	303225982
1884	1773786	45822814
1885	1775670	51137086
1886	1777555	100643366
1887	1779441	278076591
1888	1781328	270164281
1889	1783216	171334247
1890	1785105	49102496
1891	1786995	238441975
1892	1788886	41176153
1893	1790778	47876332
1894	1792671	259071320
1895	1794565	45436685
1896	1796460	47057056
1897	1798356	44482798
1898	1800253	51620413
1899	1802151	146966360
1900	1804050	57878158
1901	1805950	44135494
1902	1807851	158108671
1903	1809753	169062184
1904	1811656	74004739
1905	1813560	40544426
1906	1815465	54402798
1907	1817371	216401860
1908	1819278	47470925
1909	1821186	48525128
1910	1823095	49914363
1911	1825005	49943879
1912	1826916	46188149
1913	1828828	46171213
1914	1830741	241402029
1915	1832655	63561839
1916	1834570	50264766
1917	1836486	47105580
1918	1838403	91089597
1919	1840321	114550102
1920	1842240	52798713
1921	1844160	330193292
1922	1846081	202777800
1923	1848003	48167382
1924	1849926	121195608
1925	1851850	160269318
1926	1853775	180849638
1927	1855701	181941258
1928	1857628	152707896
1929	1859556	47905273
1930	1861485	49131499
1931	1863415	51259451
1932	1865346	47998484
1933	1867278	52006141
1934	1869211	214835668
1935	1871145	178892890
1936	1873080	62887820
1937	1875016	198348738
1938	1876953	226661138
1939	1878891	347929182
1940	1880830	314852800
1941	1882770	278236734
1942	1884711	295992769
1943	1886653	52698722
1944	1888596	51057987
1945	1890540	195797909
1946	1892485	48737052
1947	1894431	51292353
1948	1896378	160025554
1949	1898326	84139276
1950	1900275	150715237
1951	1902225	305205243
1952	1904176	219444758
1953	1906128	198521574
1954	1908081	91234367
1955	1910035	67399323
1956	1911990	50987933
1957	1913946	48341741
1958	1915903	47766537
1959	1917861	126080329
1960	1919820	103056304
1961	1921780	211472299
1962	1923741	283443439
1963	1925703	258527329
1964	1927666	50905004
1965	1929630	71695412
1966	1931595	47124707
1967	1933561	91439735
1968	1935528	320008120
1969	1937496	69630569
1970	1939465	298438342
1971	1941435	194630680
1972	1943406	51728130
1973	1945378	50405678
1974	1947351	293191270
1975	1949325	54414575
1976	1951300	292353790
1977	1953276	336555979
1978	1955253	87780945
1979	1957231	55664226
1980	1959210	52819150
1981	1961190	206757685
1982	1963171	175612341
1983	1965153	170289005
1984	1967136	47764869
1985	1969120	51055593
1986	1971105	208507291
1987	1973091	54016817
1988	1975078	316912556
1989	1977066	198697033
1990	1979055	48568537
1991	1981045	122232302
1992	1983036	126475880
1993	1985028	166084912
1994	1987021	143829761
1995	1989015	54570495
1996	1991010	134673735
1997	1993006	147682246
1998	1995003	47211135
1999	1997001	47817230
2000	1999000	53066252
2001	2001000	53039625
2002	2003001	128576080
2003	2005003	197028056
2004	2007006	161787983
2005	2009010	223839410
2006	2011015	63423104
2007	2013021	54234205
2008	2015028	60482376
2009	2017036	56101335
2010	2019045	56908421
2011	2021055	152261843
2012	2023066	55677552
2013	2025078	45823482
2014	2027091	152216026
2015	2029105	55406095
2016	2031120	57116085
2017	2033136	52612296
2018	2035153	69176833
2019	2037171	124731457
2020	2039190	64013482
2021	2041210	181120815
2022	2043231	79301879
2023	2045253	116886619
2024	2047276	123068876
2025	2049300	60525074
2026	2051325	293633298
2027	2053351	51196462
2028	2055378	49096120
2029	2057406	53396636
2030	2059435	228160546
2031	2061465	54395546
2032	2063496	312695488
2033	2065528	54989410
2034	2067561	404824241
2035	2069595	126597774
2036	2071630	53435601
2037	2073666	56860084
2038	2075703	128037418
2039	2077741	53869775
2040	2079780	57108722
2041	2081820	51918358
2042	2083861	313014453
2043	2085903	50268979
2044	2087946	72163176
2045	2089990	101016720
2046	2092035	63166579
2047	2094081	71346373
2048	2096128	485986571
2049	2098176	76817515
2050	2100225	394738534
2051	2102275	282400641
2052	2104326	269934859
2053	2106378	53390965
2054	2108431	52670536
2055	2110485	62084093
2056	2112540	42547494
2057	2114596	144087955
2058	2116653	50227893
2059	2118711	50154182
2060	2120770	400591205
2061	2122830	59726637
2062	2124891	187474768
2063	2126953	96176311
2064	2129016	53994729
2065	2131080	54643738
2066	2133145	91138883
2067	2135211	55007554
2068	2137278	203322945
2069	2139346	215983311
2070	2141415	48047948
2071	2143485	53450471
2072	2145556	52732994
2073	2147628	208618307
2074	2149701	56604616
2075	2151775	51578212
2076	2153850	153082240
2077	2155926	53035465
2078	2158003	53977549
2079	2160081	60918275
2080	2162160	52525839
2081	2164240	253491265
2082	2166321	52960271
2083	2168403	51125659
2084	2170486	333459981
2085	2172570	51994709
2086	2174655	80909180
2087	2176741	372769930
2088	2178828	367144858
2089	2180916	248348419
2090	2183005	59251606
2091	2185095	343346464
2092	2187186	49920538
2093	2189278	50393189
2094	2191371	58398214
2095	2193465	256886663
2096	2195560	55864292
2097	2197656	72302510
2098	2199753	58166595
2099	2201851	54432072
2100	2203950	53643719
2101	2206050	125277783
2102	2208151	172470349
2103	2210253	103598636
2104	2212356	155775034
2105	2214460	49793893
2106	2216565	355266978
2107	2218671	164272037
2108	2220778	58523235
2109	2222886	240334016
2110	2224995	52669943
2111	2227105	53228547
2112	2229216	55551764
2113	2231328	55635562
2114	2233441	49569610
2115	2235555	50323875
2116	2237670	211685816
2117	2239786	311155760
2118	2241903	54162819
2119	2244021	57181848
2120	2246140	59450787
2121	2248260	54705018
2122	2250381	321961130
2123	2252503	53970342
2124	2254626	373958802
2125	2256750	381837068
2126	2258875	358359695
2127	2261001	352434118
2128	2263128	63901520
2129	2265256	57953605
2130	2267385	54301817
2131	2269515	56853892
2132	2271646	50583144
2133	2273778	54499505
2134	2275911	50231465
2135	2278045	58347397
2136	2280180	217339390
2137	2282316	56839471
2138	2284453	354536905
2139	2286591	194178547
2140	2288730	59305517
2141	2290870	51991338
2142	2293011	234217259
2143	2295153	169755643
2144	2297296	308195028
2145	2299440	223384587
2146	2301585	57822478
2147	2303731	52145986
2148	2305878	156926210
2149	2308026	180779786
2150	2310175	348627380
2151	2312325	244521796
2152	2314476	54488388
2153	2316628	179166813
2154	2318781	61746762
2155	2320935	389956492
2156	2323090	369581493
2157	2325246	245860984
2158	2327403	69134098
2159	2329561	90824030
2160	2331720	56579176
2161	2333880	136651817
2162	2336041	207697107
2163	2338203	206008029
2164	2340366	65937358
2165	2342530	63893619
2166	2344695	67649994
2167	2346861	58455381
2168	2349028	61866327
2169	2351196	52822445
2170	2353365	187918601
2171	2355535	168826307
2172	2357706	371201466
2173	2359878	265982244
2174	2362051	57807230
2175	2364225	279793018
2176	2366400	62785845
2177	2368576	57816071
2178	2370753	365278325
2179	2372931	114209440
2180	2375110	373339142
2181	2377290	444328368
2182	2379471	234899064
2183	2381653	70421626
2184	2383836	68355437
2185	2386020	54237431
2186	2388205	74865536
2187	2390391	341643183
2188	2392578	75232053
2189	2394766	62871118
2190	2396955	58837236
2191	2399145	215845549
2192	2401336	301106179
2193	2403528	410798818
2194	2405721	268703488
2195	2407915	138379590
2196	2410110	66996420
2197	2412306	55972539
2198	2414503	63583597
2199	2416701	73237379
2200	2418900	62057975
2201	2421100	58058369
2202	2423301	66418462
2203	2425503	145707737
2204	2427706	68304569
2205	2429910	91910911
2206	2432115	179744505
2207	2434321	447983523
2208	2436528	347755250
2209	2438736	352069731
2210	2440945	225744559
2211	2443155	157604393
2212	2445366	74715386
2213	2447578	60883403
2214	2449791	62518739
2215	2452005	72199704
2216	2454220	66380382
2217	2456436	64356826
2218	2458653	74840248
2219	2460871	84437643
2220	2463090	89012860
2221	2465310	60993595
2222	2467531	65881451
2223	2469753	164183773
2224	2471976	290026745
2225	2474200	142236594
2226	2476425	143753348
2227	2478651	59477058
2228	2480878	58048430
2229	2483106	455434141
2230	2485335	294740909
2231	2487565	79866916
2232	2489796	57917043
2233	2492028	232696481
2234	2494261	156488235
2235	2496495	121852389
2236	2498730	60982456
2237	2500966	67014245
2238	2503203	164851308
2239	2505441	165905299
2240	2507680	237813705
2241	2509920	76684815
2242	2512161	62523632
2243	2514403	61324016
2244	2516646	436112261
2245	2518890	63275560
2246	2521135	166492253
2247	2523381	386310176
2248	2525628	407482599
2249	2527876	417017526
2250	2530125	373565122
2251	2532375	74618663
2252	2534626	385614957
2253	2536878	64547397
2254	2539131	384324936
2255	2541385	59522610
2256	2543640	410435939
2257	2545896	67306509
2258	2548153	428463230
2259	2550411	173656103
2260	2552670	148235446
2261	2554930	60459406
2262	2557191	56098064
2263	2559453	341267398
2264	2561716	79662510
2265	2563980	261507905
2266	2566245	324732586
2267	2568511	104706426
2268	2570778	55986181
2269	2573046	76437803
2270	2575315	66605389
2271	2577585	141579303
2272	2579856	377826126
2273	2582128	284501698
2274	2584401	70775259
2275	2586675	67540283
2276	2588950	204328491
2277	2591226	409231591
2278	2593503	64343344
2279	2595781	230130917
2280	2598060	406951621
2281	2600340	266993490
2282	2602621	118906793
2283	2604903	180045740
2284	2607186	182233883
2285	2609470	310149097
2286	2611755	231774801
2287	2614041	64106081
2288	2616328	64099642
2289	2618616	67021236
2290	2620905	407666446
2291	2623195	63548537
2292	2625486	376576781
2293	2627778	370164097
2294	2630071	59722540
2295	2632365	65731692
2296	2634660	194263175
2297	2636956	465916907
2298	2639253	360623103
2299	2641551	177934099
2300	2643850	111384162
2301	2646150	62909617
2302	2648451	62481034
2303	2650753	61999726
2304	2653056	342658078
2305	2655360	89189951
2306	2657665	299690681
2307	2659971	179053576
2308	2662278	277118064
2309	2664586	71158567
2310	2666895	452529730
2311	2669205	161540494
2312	2671516	71506168
2313	2673828	74237741
2314	2676141	289003335
2315	2678455	64313327
2316	2680770	194838709
2317	2683086	163610388
2318	2685403	79838397
2319	2687721	312725168
2320	2690040	221854555
2321	2692360	212494564
2322	2694681	580757602
2323	2697003	442751508
2324	2699326	425170920
2325	2701650	324024256
2326	2703975	188635036
2327	2706301	66999042
2328	2708628	72396684
2329	2710956	311141174
2330	2713285	73061134
2331	2715615	180766070
2332	2717946	66526161
2333	2720278	430161421
2334	2722611	465337732
2335	2724945	426310781
2336	2727280	140443617
2337	2729616	76278189
2338	2731953	68330137
2339	2734291	65884582
2340	2736630	175338937
2341	2738970	180566029
2342	2741311	253687349
2343	2743653	130251180
2344	2745996	83722712
2345	2748340	53583399
2346	2750685	55110450
2347	2753031	48452547
2348	2755378	47864905
2349	2757726	69097078
2350	2760075	153041639
2351	2762425	46881162
2352	2764776	46605114
2353	2767128	47265374
2354	2769481	46442135
2355	2771835	47772853
2356	2774190	155499555
2357	2776546	47379430
2358	2778903	45859556
2359	2781261	46666932
2360	2783620	48399148
2361	2785980	45723320
2362	2788341	58486091
2363	2790703	171193455
2364	2793066	46127975
2365	2795430	50250185
2366	2797795	168187169
2367	2800161	46644820
2368	2802528	47399565
2369	2804896	47728058
2370	2807265	46634528
2371	2809635	46599698
2372	2812006	161582795
2373	2814378	47784598
2374	2816751	173593834
2375	2819125	47155092
2376	2821500	93726751
2377	2823876	166701811
2378	2826253	46560591
2379	2828631	49418814
2380	2831010	49460890
2381	2833390	60328292
2382	2835771	164097244
2383	2838153	46982763
2384	2840536	47550447
2385	2842920	51818395
2386	2845305	49401072
2387	2847691	170599095
2388	2850078	49418862
2389	2852466	51760382
2390	2854855	49087730
2391	2857245	49490441
2392	2859636	53222489
2393	2862028	92249124
2394	2864421	49573033
2395	2866815	51928809
2396	2869210	49511267
2397	2871606	48320745
2398	2874003	79482405
2399	2876401	51795112
2400	2878800	50447349
2401	2881200	163395018
2402	2883601	115768024
2403	2886003	54325556
2404	2888406	52916237
2405	2890810	49832911
2406	2893215	50250694
2407	2895621	139729569
2408	2898028	174613594
2409	2900436	51131695
2410	2902845	49147023
2411	2905255	49577968
2412	2907666	159325119
2413	2910078	165509373
2414	2912491	49049895
2415	2914905	53223235
2416	2917320	159962586
2417	2919736	152240913
2418	2922153	49990590
2419	2924571	50384536
2420	2926990	173165534
2421	2929410	77477228
2422	2931831	54804094
2423	2934253	169046984
2424	2936676	72556704
2425	2939100	52190556
2426	2941525	191175960
2427	2943951	51460398
2428	2946378	50654461
2429	2948806	50902914
2430	2951235	54030706
2431	2953665	50808735
2432	2956096	51716344
2433	2958528	188156604
2434	2960961	51695290
2435	2963395	52926766
2436	2965830	50827838
2437	2968266	51376271
2438	2970703	51619358
2439	2973141	180472536
2440	2975580	50801423
2441	2978020	72504079
2442	2980461	179284514
2443	2982903	52638144
2444	2985346	53985762
2445	2987790	51627262
2446	2990235	127919578
2447	2992681	50744725
2448	2995128	50928061
2449	2997576	51349457
2450	3000025	64729021
2451	3002475	55330602
2452	3004926	52098463
2453	3007378	51821718
2454	3009831	103688519
2455	3012285	51475612
2456	3014740	51996136
2457	3017196	175208452
2458	3019653	51895610
2459	3022111	168176842
2460	3024570	94627305
2461	3027030	53922956
2462	3029491	53290610
2463	3031953	59074255
2464	3034416	68934195
2465	3036880	132504747
2466	3039345	53566695
2467	3041811	53705920
2468	3044278	51374263
2469	3046746	141540539
2470	3049215	51491827
2471	3051685	49408437
2472	3054156	113972636
2473	3056628	106073508
2474	3059101	51056377
2475	3061575	52198635
2476	3064050	170372059
2477	3066526	50960877
2478	3069003	171930399
2479	3071481	51135749
2480	3073960	50897695
2481	3076440	54045352
2482	3078921	143923505
2483	3081403	50004355
2484	3083886	50431897
2485	3086370	49945525
2486	3088855	93365951
2487	3091341	51029050
2488	3093828	187841837
2489	3096316	53969736
2490	3098805	176295744
2491	3101295	55263567
2492	3103786	177954251
2493	3106278	52535290
2494	3108771	169224845
2495	3111265	52017404
2496	3113760	161248127
2497	3116256	51733318
2498	3118753	109413230
2499	3121251	47196060
2500	3123750	48460102
