100	100	550
101	101	487
102	102	438
103	103	389
104	104	622
105	105	600
106	106	787
107	107	556
108	108	606
109	109	619
110	110	574
111	111	558
112	112	607
113	113	609
114	114	555
115	115	2429
116	116	607
117	117	626
118	118	612
119	119	634
120	120	709
121	121	702
122	122	535
123	123	675
124	124	737
125	125	881
126	126	684
127	127	646
128	128	656
129	129	853
130	130	684
131	131	1410
132	132	1296
133	133	633
134	134	1587
135	135	505
136	136	848
137	137	654
138	138	719
139	139	695
140	140	570
141	141	780
142	142	701
143	143	644
144	144	725
145	145	509
146	146	746
147	147	521
148	148	1063
149	149	793
150	150	781
151	151	805
152	152	638
153	153	504
154	154	788
155	155	641
156	156	818
157	157	779
158	158	608
159	159	8145
160	160	783
161	161	745
162	162	759
163	163	757
164	164	1025
165	165	2778
166	166	795
167	167	1397
168	168	753
169	169	626
170	170	777
171	171	596
172	172	830
173	173	916
174	174	1236
175	175	1123
176	176	730
177	177	874
178	178	785
179	179	746
180	180	891
181	181	634
182	182	3297
183	183	1097
184	184	21605
185	185	949
186	186	8205
187	187	1150
188	188	662
189	189	942
190	190	1036
191	191	2038
192	192	1131
193	193	938
194	194	3425
195	195	1058
196	196	1059
197	197	7810
198	198	1576
199	199	870
200	200	751
201	201	7905
202	202	4337
203	203	1023
204	204	1022
205	205	630
206	206	993
207	207	2607
208	208	871
209	209	1840
210	210	1894
211	211	711
212	212	934
213	213	732
214	214	965
215	215	4614
216	216	655
217	217	884
218	218	1550
219	219	931
220	220	1622
221	221	694
222	222	1310
223	223	653
224	224	1966
225	225	24220
226	226	12834
227	227	1410
228	228	1352
229	229	1161
230	230	1404
231	231	2770
232	232	1980
233	233	1524
234	234	1774
235	235	18019
236	236	11744
237	237	725
238	238	876
239	239	1145
240	240	711
241	241	1390
242	242	1337
243	243	1588
244	244	4464
245	245	11312
246	246	1263
247	247	1098
248	248	739
249	249	899
250	250	2351
251	251	773
252	252	1749
253	253	1160
254	254	1165
255	255	2773
256	256	1642
257	257	4088
258	258	1206
259	259	3811
260	260	1264
261	261	8350
262	262	7176
263	263	1390
264	264	1199
265	265	3699
266	266	1254
267	267	3408
268	268	1292
269	269	1431
270	270	3299
271	271	5680
272	272	983
273	273	4045
274	274	14841
275	275	794
276	276	1196
277	277	2785
278	278	64992
279	279	1327
280	280	7280
281	281	846
282	282	1324
283	283	3092
284	284	1210
285	285	1212
286	286	30403
287	287	4098
288	288	1473
289	289	4111
290	290	2841
291	291	1209
292	292	12131
293	293	2137
294	294	3036
295	295	1442
296	296	1809
297	297	7502
298	298	95726
299	299	2348
300	300	1892
301	301	3394
302	302	94101
303	303	1558
304	304	4809
305	305	4562
306	306	3224
307	307	1780
308	308	1706
309	309	1589
310	310	3039
311	311	3644
312	312	1061
313	313	1791
314	314	3332
315	315	12434
316	316	1912
317	317	1220
318	318	4137
319	319	19162
320	320	28376
321	321	2002
322	322	1013
323	323	1886
324	324	3283
325	325	4752
326	326	1361
327	327	4807
328	328	8168
329	329	33982
330	330	2635
331	331	2910
332	332	1126
333	333	1082
334	334	3459
335	335	1298
336	336	1835
337	337	1429
338	338	2517
339	339	1434
340	340	1759
341	341	1602
342	342	1717
343	343	1680
344	344	8943
345	345	9096
346	346	1792
347	347	11038
348	348	6050
349	349	90637
350	350	1639
351	351	2590
352	352	2014
353	353	30491
354	354	1456
355	355	4360
356	356	1795
357	357	1808
358	358	6597
359	359	3165
360	360	17490
361	361	22771
362	362	10688
363	363	3408
364	364	1710
365	365	3422
366	366	2448
367	367	2623
368	368	2115
369	369	1909
370	370	1829
371	371	2135
372	372	3309
373	373	7084
374	374	2686
375	375	1913
376	376	1300
377	377	1606
378	378	6228
379	379	8090
380	380	2153
381	381	4943
382	382	3197
383	383	2223
384	384	1926
385	385	2167
386	386	26790
387	387	2668
388	388	8180
389	389	1386
390	390	4567
391	391	5959
392	392	2063
393	393	177031
394	394	5564
395	395	6478
396	396	11842
397	397	2142
398	398	23413
399	399	141404
400	400	3090
401	401	9645
402	402	2145
403	403	2129
404	404	5035
405	405	1894
406	406	22724
407	407	4538
408	408	11012
409	409	5207
410	410	12888
411	411	30113
412	412	3153
413	413	1447
414	414	1883
415	415	29777
416	416	4201
417	417	3120
418	418	4867
419	419	2993
420	420	1479
421	421	6230
422	422	4365
423	423	2465
424	424	22745
425	425	1701
426	426	7741
427	427	2176
428	428	2315
429	429	8276
430	430	1506
431	431	2159
432	432	8399
433	433	1510
434	434	2042
435	435	2312
436	436	145253
437	437	3861
438	438	9745
439	439	2394
440	440	1470
441	441	2274
442	442	1650
443	443	4525
444	444	26102
445	445	9234
446	446	2199
447	447	3681
448	448	3187
449	449	2308
450	450	3631
451	451	5334
452	452	19161
453	453	2945
454	454	2376
455	455	3868
456	456	2562
457	457	3332
458	458	1658
459	459	5450
460	460	5825
461	461	41593
462	462	4624
463	463	1595
464	464	4753
465	465	1672
466	466	2255
467	467	1576
468	468	2256
469	469	24055
470	470	3661
471	471	1652
472	472	3501
473	473	2555
474	474	2877
475	475	147570
476	476	1727
477	477	2060
478	478	48395
479	479	2567
480	480	1682
481	481	3691
482	482	28354
483	483	1776
484	484	92380
485	485	3605
486	486	2435
487	487	2692
488	488	4483
489	489	2909
490	490	217104
491	491	372271
492	492	11303
493	493	6069
494	494	2434
495	495	3926
496	496	2669
497	497	4532
498	498	3933
499	499	2592
500	500	45545
501	501	2760
502	502	2677
503	503	2477
504	504	3661
505	505	4889
506	506	1862
507	507	4039
508	508	1781
509	509	2587
510	510	6410
511	511	4495
512	512	2911
513	513	6684
514	514	1732
515	515	1833
516	516	2775
517	517	6713
518	518	2884
519	519	4975
520	520	2445
521	521	10282
522	522	7825
523	523	2873
524	524	7414
525	525	4585
526	526	3747
527	527	2884
528	528	2814
529	529	2251
530	530	2645
531	531	23365
532	532	4844
533	533	43653
534	534	29151
535	535	3168
536	536	2471
537	537	2884
538	538	2639
539	539	2750
540	540	2015
541	541	2888
542	542	25723
543	543	2801
544	544	2503
545	545	2548
546	546	2459
547	547	3396
548	548	2340
549	549	2577
550	550	3188
551	551	23839
552	552	3700
553	553	2425
554	554	2995
555	555	9651
556	556	2861
557	557	2805
558	558	2564
559	559	4278
560	560	3463
561	561	2311
562	562	2692
563	563	10456
564	564	5267
565	565	3905
566	566	4570
567	567	3411
568	568	2883
569	569	4839
570	570	1996
571	571	2958
572	572	2065
573	573	2979
574	574	35127
575	575	2441
576	576	9223
577	577	3087
578	578	4110
579	579	13970
580	580	3220
581	581	2696
582	582	5094
583	583	3533
584	584	20831
585	585	2910
586	586	6535
587	587	2145
588	588	3468
589	589	2053
590	590	2278
591	591	5935
592	592	2173
593	593	326214
594	594	2936
595	595	1991
596	596	2625
597	597	3520
598	598	3095
599	599	6668
600	600	2973
601	601	2783
602	602	3698
603	603	8034
604	604	14975
605	605	3066
606	606	2817
607	607	4329
608	608	3401
609	609	7280
610	610	3205
611	611	3248
612	612	3808
613	613	3702
614	614	2266
615	615	2016
616	616	7763
617	617	5670
618	618	3201
619	619	4912
620	620	2714
621	621	3118
622	622	3715
623	623	7879
624	624	3988
625	625	4522
626	626	3488
627	627	3518
628	628	3794
629	629	2823
630	630	5991
631	631	3013
632	632	7258
633	633	3212
634	634	3393
635	635	3555
636	636	2971
637	637	148911
638	638	3480
639	639	4074
640	640	2412
641	641	2829
642	642	3470
643	643	3697
644	644	5264
645	645	3383
646	646	2580
647	647	3867
648	648	2160
649	649	46218
650	650	3128
651	651	4783
652	652	3194
653	653	3294
654	654	4808
655	655	6100
656	656	4342
657	657	3631
658	658	3306
659	659	2475
660	660	3479
661	661	4942
662	662	2521
663	663	4752
664	664	3173
665	665	7498
666	666	2612
667	667	2775
668	668	3589
669	669	3511
670	670	5373
671	671	8819
672	672	5634
673	673	4854
674	674	2615
675	675	3842
676	676	3717
677	677	2240
678	678	2687
679	679	3578
680	680	3778
681	681	5145
682	682	2370
683	683	2273
684	684	5012
685	685	5750
686	686	4761
687	687	3473
688	688	5924
689	689	3504
690	690	164477
691	691	95976
692	692	5393
693	693	15688
694	694	3290
695	695	6217
696	696	4094
697	697	7790
698	698	4243
699	699	3353
700	700	119220
701	701	9956
702	702	7310
703	703	3684
704	704	2489
705	705	3372
706	706	3807
707	707	4880
708	708	3591
709	709	2926
710	710	2600
711	711	4334
712	712	4987
713	713	3563
714	714	3190
715	715	3583
716	716	8659
717	717	4016
718	718	5101
719	719	5773
720	720	4439
721	721	4001
722	722	4119
723	723	2600
724	724	2890
725	725	2910
726	726	4433
727	727	10856
728	728	3537
729	729	3654
730	730	4680
731	731	3710
732	732	3829
733	733	5140
734	734	2599
735	735	5188
736	736	3253
737	737	4581
738	738	23040
739	739	19626
740	740	2636
741	741	11296
742	742	7949
743	743	3559
744	744	2588
745	745	2700
746	746	5307
747	747	3632
748	748	5386
749	749	2792
750	750	3953
751	751	4390
752	752	4064
753	753	7533
754	754	3865
755	755	3867
756	756	3205
757	757	3137
758	758	6899
759	759	3150
760	760	3500
761	761	6653
762	762	5690
763	763	4235
764	764	7975
765	765	4288
766	766	2818
767	767	2767
768	768	6163
769	769	4620
770	770	4539
771	771	4187
772	772	13331
773	773	4217
774	774	4258
775	775	4535
776	776	4037
777	777	3953
778	778	3754
779	779	3447
780	780	3062
781	781	4503
782	782	12595
783	783	4153
784	784	3667
785	785	2929
786	786	3028
787	787	4048
788	788	5792
789	789	4655
790	790	3117
791	791	7640
792	792	2975
793	793	5905
794	794	2886
795	795	4594
796	796	3859
797	797	4113
798	798	3953
799	799	7715
800	800	4510
801	801	4378
802	802	5079
803	803	5588
804	804	2918
805	805	4187
806	806	42957
807	807	6903
808	808	3082
809	809	4133
810	810	7888
811	811	4353
812	812	11546
813	813	2824
814	814	7895
815	815	3165
816	816	9216
817	817	16091
818	818	4307
819	819	3336
820	820	54088
821	821	9802
822	822	5028
823	823	4032
824	824	3011
825	825	10111
826	826	7326
827	827	8499
828	828	2853
829	829	3578
830	830	4540
831	831	3253
832	832	10076
833	833	4335
834	834	7006
835	835	44294
836	836	4485
837	837	9099
838	838	4020
839	839	4446
840	840	2951
841	841	4907
842	842	5153
843	843	9956
844	844	4718
845	845	12127
846	846	3579
847	847	10425
848	848	4510
849	849	4893
850	850	4708
851	851	3353
852	852	12096
853	853	4847
854	854	4932
855	855	6578
856	856	3185
857	857	4416
858	858	9795
859	859	5908
860	860	17580
861	861	4685
862	862	4414
863	863	12969
864	864	3033
865	865	6691
866	866	6194
867	867	6204
868	868	5848
869	869	4348
870	870	5317
871	871	4522
872	872	8029
873	873	12168
874	874	4113
875	875	13069
876	876	11290
877	877	8287
878	878	7560
879	879	16900
880	880	6257
881	881	12641
882	882	4530
883	883	6532
884	884	23498
885	885	12058
886	886	6358
887	887	12725
888	888	7124
889	889	5258
890	890	7776
891	891	7636
892	892	5841
893	893	7637
894	894	5963
895	895	4905
896	896	4663
897	897	8642
898	898	6046
899	899	7748
900	900	7382
901	901	7453
902	902	5215
903	903	6167
904	904	7781
905	905	20090
906	906	7336
907	907	6185
908	908	4509
909	909	5517
910	910	6722
911	911	9254
912	912	7057
913	913	9699
914	914	5850
915	915	4339
916	916	6601
917	917	7560
918	918	8984
919	919	6666
920	920	16525
921	921	5436
922	922	6194
923	923	4367
924	924	6711
925	925	4735
926	926	7773
927	927	7393
928	928	5679
929	929	21941
930	930	6683
931	931	6413
932	932	4878
933	933	6512
934	934	6040
935	935	6041
936	936	8408
937	937	7772
938	938	8338
939	939	10346
940	940	7693
941	941	7541
942	942	7105
943	943	56928
944	944	11095
945	945	41276
946	946	15347
947	947	7620
948	948	14059
949	949	7679
950	950	14060
951	951	6733
952	952	7047
953	953	8553
954	954	6905
955	955	13679
956	956	7116
957	957	7454
958	958	8048
959	959	14649
960	960	6803
961	961	8612
962	962	53782
963	963	7068
964	964	6790
965	965	15438
966	966	7415
967	967	6590
968	968	4534
969	969	4882
970	970	6355
971	971	4551
972	972	20759
973	973	4889
974	974	5754
975	975	2045626
976	976	6204
977	977	51528
978	978	5580
979	979	6535
980	980	5230
981	981	8008
982	982	7277
983	983	4969
984	984	7582
985	985	9005
986	986	5074
987	987	10962
988	988	6578
989	989	5457
990	990	9993
991	991	8682
992	992	6658
993	993	5117
994	994	8993
995	995	4914
996	996	4686
997	997	5251
998	998	7310
999	999	5152
1000	1000	4745
1001	1001	7504
1002	1002	8055
1003	1003	6126
1004	1004	6887
1005	1005	8411
1006	1006	8405
1007	1007	9044
1008	1008	8066
1009	1009	7705
1010	1010	5313
1011	1011	7507
1012	1012	8469
1013	1013	8425
1014	1014	5172
1015	1015	6679
1016	1016	9144
1017	1017	8019
1018	1018	256783
1019	1019	30510
1020	1020	73284
1021	1021	5207
1022	1022	5078
1023	1023	57741
1024	1024	6777
1025	1025	4745
1026	1026	4125
1027	1027	10774
1028	1028	7650
1029	1029	7164
1030	1030	6053
1031	1031	19131
1032	1032	6925
1033	1033	7775
1034	1034	7030
1035	1035	8845
1036	1036	6493
1037	1037	12436
1038	1038	8330
1039	1039	8519
1040	1040	4320
1041	1041	5894
1042	1042	15725
1043	1043	87688
1044	1044	5955
1045	1045	10511
1046	1046	17048
1047	1047	4067
1048	1048	4608
1049	1049	10214
1050	1050	5899
1051	1051	6997
1052	1052	7856
1053	1053	11900
1054	1054	6053
1055	1055	515629
1056	1056	5728
1057	1057	6011
1058	1058	8199
1059	1059	6048
1060	1060	18302
1061	1061	4105
1062	1062	6214
1063	1063	7352
1064	1064	13049
1065	1065	6633
1066	1066	5621
1067	1067	5901
1068	1068	5943
1069	1069	4837
1070	1070	12141
1071	1071	4313
1072	1072	31522
1073	1073	7511
1074	1074	13139
1075	1075	4943
1076	1076	6541
1077	1077	4294
1078	1078	6177
1079	1079	10771
1080	1080	8100
1081	1081	9318
1082	1082	10807
1083	1083	11810
1084	1084	28519
1085	1085	6318
1086	1086	11832
1087	1087	5129
1088	1088	6028
1089	1089	9635
1090	1090	15946
1091	1091	4416
1092	1092	6142
1093	1093	4428
1094	1094	9494
1095	1095	8889
1096	1096	6840
1097	1097	4960
1098	1098	8868
1099	1099	17865
1100	1100	4961
1101	1101	13970
1102	1102	6192
1103	1103	6683
1104	1104	6634
1105	1105	6201
1106	1106	6364
1107	1107	4447
1108	1108	4314
1109	1109	4376
1110	1110	8885
1111	1111	6897
1112	1112	6995
1113	1113	8176
1114	1114	8556
1115	1115	6310
1116	1116	6269
1117	1117	7146
1118	1118	8514
1119	1119	4512
1120	1120	12512
1121	1121	8681
1122	1122	6092
1123	1123	4417
1124	1124	7514
1125	1125	4575
1126	1126	4476
1127	1127	8559
1128	1128	10586
1129	1129	6791
1130	1130	8827
1131	1131	7578
1132	1132	4587
1133	1133	9605
1134	1134	13619
1135	1135	16578
1136	1136	7856
1137	1137	7291
1138	1138	6440
1139	1139	6200
1140	1140	7618
1141	1141	6535
1142	1142	7986
1143	1143	10970
1144	1144	6536
1145	1145	4468
1146	1146	8974
1147	1147	6545
1148	1148	21053
1149	1149	14202
1150	1150	8625
1151	1151	6796
1152	1152	6462
1153	1153	8683
1154	1154	15244
1155	1155	10373
1156	1156	5902
1157	1157	7397
1158	1158	13869
1159	1159	7837
1160	1160	5456
1161	1161	4898
1162	1162	8832
1163	1163	7638
1164	1164	8154
1165	1165	8978
1166	1166	9459
1167	1167	7017
1168	1168	10663
1169	1169	5987
1170	1170	7225
1171	1171	14071
1172	1172	7052
1173	1173	6741
1174	1174	9244
1175	1175	5351
1176	1176	5933
1177	1177	4644
1178	1178	4636
1179	1179	7649
1180	1180	4701
1181	1181	6243
1182	1182	20591
1183	1183	6592
1184	1184	8100
1185	1185	9665
1186	1186	7421
1187	1187	12724
1188	1188	7018
1189	1189	9035
1190	1190	7296
1191	1191	51569
1192	1192	9157
1193	1193	35171
1194	1194	8784
1195	1195	9665
1196	1196	14973
1197	1197	11353
1198	1198	7362
1199	1199	8719
1200	1200	6997
1201	1201	5910
1202	1202	24673
1203	1203	4860
1204	1204	7260
1205	1205	6849
1206	1206	4862
1207	1207	7631
1208	1208	15105
1209	1209	12856
1210	1210	7420
1211	1211	7980
1212	1212	9040
1213	1213	8144
1214	1214	5472
1215	1215	4795
1216	1216	7903
1217	1217	5089
1218	1218	9173
1219	1219	46092
1220	1220	12928
1221	1221	9651
1222	1222	5803
1223	1223	8122
1224	1224	13341
1225	1225	8075
1226	1226	7824
1227	1227	4895
1228	1228	14125
1229	1229	19585
1230	1230	5224
1231	1231	4876
1232	1232	7872
1233	1233	11556
1234	1234	11300
1235	1235	11771
1236	1236	4904
1237	1237	8359
1238	1238	8984
1239	1239	7328
1240	1240	6763
1241	1241	13116
1242	1242	8290
1243	1243	12808
1244	1244	5449
1245	1245	16291
1246	1246	5779
1247	1247	6886
1248	1248	8285
1249	1249	7637
1250	1250	15205
1251	1251	6320
1252	1252	4770
1253	1253	9882
1254	1254	30477
1255	1255	8622
1256	1256	8381
1257	1257	8831
1258	1258	26248
1259	1259	10014
1260	1260	7477
1261	1261	8216
1262	1262	8929
1263	1263	8033
1264	1264	14476
1265	1265	8003
1266	1266	8937
1267	1267	8203
1268	1268	9994
1269	1269	7939
1270	1270	7102
1271	1271	13367
1272	1272	7940
1273	1273	7472
1274	1274	7281
1275	1275	27826
1276	1276	8909
1277	1277	8115
1278	1278	11818
1279	1279	6482
1280	1280	14580
1281	1281	7873
1282	1282	8805
1283	1283	16336
1284	1284	9937
1285	1285	13909
1286	1286	14398
1287	1287	10799
1288	1288	12211
1289	1289	7738
1290	1290	28069
1291	1291	5198
1292	1292	5052
1293	1293	7627
1294	1294	7901
1295	1295	14577
1296	1296	9520
1297	1297	5934
1298	1298	8737
1299	1299	19066
1300	1300	11655
1301	1301	10671
1302	1302	14105
1303	1303	12468
1304	1304	168450
1305	1305	5498
1306	1306	8028
1307	1307	12946
1308	1308	10780
1309	1309	21963
1310	1310	5693
1311	1311	7540
1312	1312	70904
1313	1313	13709
1314	1314	40684
1315	1315	5054
1316	1316	7969
1317	1317	14056
1318	1318	10757
1319	1319	58622
1320	1320	34862
1321	1321	14134
1322	1322	8093
1323	1323	29623
1324	1324	8686
1325	1325	51767
1326	1326	8462
1327	1327	5034
1328	1328	6140
1329	1329	12174
1330	1330	9072
1331	1331	8512
1332	1332	9960
1333	1333	8159
1334	1334	16622
1335	1335	32591
1336	1336	25997
1337	1337	10947
1338	1338	7550
1339	1339	23890
1340	1340	11608
1341	1341	7025
1342	1342	7618
1343	1343	9828
1344	1344	31706
1345	1345	14692
1346	1346	16659
1347	1347	12723
1348	1348	8004
1349	1349	14049
1350	1350	12229
1351	1351	73473
1352	1352	7995
1353	1353	15270
1354	1354	7680
1355	1355	8586
1356	1356	7735
1357	1357	5502
1358	1358	10114
1359	1359	5608
1360	1360	7594
1361	1361	14501
1362	1362	9603
1363	1363	37376
1364	1364	12983
1365	1365	8990
1366	1366	13892
1367	1367	65794
1368	1368	12166
1369	1369	13739
1370	1370	49581
1371	1371	10390
1372	1372	7471
1373	1373	14231
1374	1374	10869
1375	1375	22072
1376	1376	9650
1377	1377	10317
1378	1378	12790
1379	1379	7374
1380	1380	13396
1381	1381	10301
1382	1382	15627
1383	1383	12766
1384	1384	14835
1385	1385	47776
1386	1386	12559
1387	1387	7487
1388	1388	8728
1389	1389	13838
1390	1390	10352
1391	1391	8090
1392	1392	13410
1393	1393	20217
1394	1394	6918
1395	1395	7898
1396	1396	18035
1397	1397	25431
1398	1398	9980
1399	1399	41600
1400	1400	14352
1401	1401	15594
1402	1402	20261
1403	1403	14490
1404	1404	10280
1405	1405	17976
1406	1406	16025
1407	1407	11385
1408	1408	8590
1409	1409	14088
1410	1410	9136
1411	1411	19654
1412	1412	6693
1413	1413	9325
1414	1414	11396
1415	1415	7098
1416	1416	11972
1417	1417	30745
1418	1418	10687
1419	1419	9276
1420	1420	6896
1421	1421	16966
1422	1422	11987
1423	1423	5995
1424	1424	6790
1425	1425	8025
1426	1426	6798
1427	1427	10354
1428	1428	8751
1429	1429	15441
1430	1430	14314
1431	1431	16192
1432	1432	16638
1433	1433	12576
1434	1434	10483
1435	1435	10320
1436	1436	8239
1437	1437	9638
1438	1438	11206
1439	1439	7099
1440	1440	14059
1441	1441	12909
1442	1442	46535
1443	1443	10532
1444	1444	9004
1445	1445	12561
1446	1446	9328
1447	1447	8824
1448	1448	7859
1449	1449	11886
1450	1450	12390
1451	1451	14066
1452	1452	6234
1453	1453	14299
1454	1454	6215
1455	1455	10415
1456	1456	15135
1457	1457	10949
1458	1458	13048
1459	1459	10370
1460	1460	9879
1461	1461	15325
1462	1462	42797
1463	1463	55394
1464	1464	11303
1465	1465	11776
1466	1466	8825
1467	1467	12688
1468	1468	8857
1469	1469	11305
1470	1470	8960
1471	1471	6337
1472	1472	10087
1473	1473	9706
1474	1474	10122
1475	1475	18438
1476	1476	11966
1477	1477	11190
1478	1478	9233
1479	1479	6895
1480	1480	8178
1481	1481	6160
1482	1482	10246
1483	1483	13112
1484	1484	9913
1485	1485	9374
1486	1486	41518
1487	1487	16137
1488	1488	12856
1489	1489	14145
1490	1490	14058
1491	1491	18981
1492	1492	10164
1493	1493	12238
1494	1494	15079
1495	1495	13315
1496	1496	10865
1497	1497	9002
1498	1498	8729
1499	1499	10401
1500	1500	18017
1501	1501	10284
1502	1502	14126
1503	1503	12862
1504	1504	10915
1505	1505	12304
1506	1506	21752
1507	1507	9908
1508	1508	14718
1509	1509	10530
1510	1510	13288
1511	1511	11633
1512	1512	8022
1513	1513	11881
1514	1514	23349
1515	1515	12258
1516	1516	11084
1517	1517	10247
1518	1518	14370
1519	1519	45909
1520	1520	17216
1521	1521	15812
1522	1522	11219
1523	1523	10613
1524	1524	16442
1525	1525	18319
1526	1526	9657
1527	1527	9064
1528	1528	15842
1529	1529	18740
1530	1530	258638
1531	1531	26380
1532	1532	19993
1533	1533	21758
1534	1534	9875
1535	1535	17438
1536	1536	9465
1537	1537	15522
1538	1538	16067
1539	1539	10895
1540	1540	19658
1541	1541	11431
1542	1542	9361
1543	1543	15940
1544	1544	10081
1545	1545	16735
1546	1546	9531
1547	1547	13871
1548	1548	10642
1549	1549	22324
1550	1550	20858
1551	1551	27321
1552	1552	16969
1553	1553	23670
1554	1554	8622
1555	1555	21754
1556	1556	11936
1557	1557	18208
1558	1558	11967
1559	1559	24671
1560	1560	21278
1561	1561	12355
1562	1562	8844
1563	1563	12027
1564	1564	9164
1565	1565	9975
1566	1566	8873
1567	1567	10800
1568	1568	12060
1569	1569	6352
1570	1570	9149
1571	1571	8120
1572	1572	6828
1573	1573	11785
1574	1574	7359
1575	1575	10663
1576	1576	20253
1577	1577	20647
1578	1578	9639
1579	1579	53626
1580	1580	13466
1581	1581	10104
1582	1582	11426
1583	1583	19815
1584	1584	10691
1585	1585	9100
1586	1586	18362
1587	1587	9899
1588	1588	12208
1589	1589	20489
1590	1590	6840
1591	1591	17328
1592	1592	28682
1593	1593	6489
1594	1594	19171
1595	1595	15203
1596	1596	7691
1597	1597	15706
1598	1598	9934
1599	1599	191692
1600	1600	12501
1601	1601	6627
1602	1602	13396
1603	1603	8919
1604	1604	10314
1605	1605	11132
1606	1606	14716
1607	1607	10338
1608	1608	22180
1609	1609	6897
1610	1610	15172
1611	1611	11670
1612	1612	11638
1613	1613	10958
1614	1614	6668
1615	1615	20775
1616	1616	21474
1617	1617	8431
1618	1618	9272
1619	1619	12463
1620	1620	11217
1621	1621	12538
1622	1622	16259
1623	1623	8697
1624	1624	22887
1625	1625	19859
1626	1626	8402
1627	1627	8233
1628	1628	9559
1629	1629	12376
1630	1630	15240
1631	1631	102006
1632	1632	12258
1633	1633	19319
1634	1634	20659
1635	1635	14275
1636	1636	10564
1637	1637	23429
1638	1638	12239
1639	1639	21854
1640	1640	9710
1641	1641	11720
1642	1642	30270
1643	1643	34995
1644	1644	19595
1645	1645	318396
1646	1646	12529
1647	1647	8607
1648	1648	16944
1649	1649	10477
1650	1650	32088
1651	1651	10127
1652	1652	10669
1653	1653	10799
1654	1654	17655
1655	1655	18592
1656	1656	11841
1657	1657	60468
1658	1658	10375
1659	1659	11219
1660	1660	72743
1661	1661	11174
1662	1662	10763
1663	1663	16797
1664	1664	6877
1665	1665	12379
1666	1666	29423
1667	1667	37452
1668	1668	16699
1669	1669	30404
1670	1670	9897
1671	1671	71359
1672	1672	9433
1673	1673	7261
1674	1674	14148
1675	1675	13979
1676	1676	183147
1677	1677	20541
1678	1678	22598
1679	1679	23204
1680	1680	7166
1681	1681	6639
1682	1682	9778
1683	1683	10878
1684	1684	7088
1685	1685	21908
1686	1686	16654
1687	1687	38941
1688	1688	7035
1689	1689	9039
1690	1690	32927
1691	1691	10026
1692	1692	9497
1693	1693	9658
1694	1694	253938
1695	1695	12322
1696	1696	17731
1697	1697	13602
1698	1698	19477
1699	1699	34392
1700	1700	12713
1701	1701	6804
1702	1702	9071
1703	1703	29695
1704	1704	9156
1705	1705	18353
1706	1706	8190
1707	1707	10088
1708	1708	23985
1709	1709	10427
1710	1710	13066
1711	1711	12671
1712	1712	28870
1713	1713	20538
1714	1714	13931
1715	1715	6940
1716	1716	7374
1717	1717	8257
1718	1718	7131
1719	1719	34100
1720	1720	11910
1721	1721	11207
1722	1722	17847
1723	1723	21250
1724	1724	7268
1725	1725	10610
1726	1726	8309
1727	1727	32481
1728	1728	10727
1729	1729	23591
1730	1730	7882
1731	1731	10508
1732	1732	31177
1733	1733	10662
1734	1734	10452
1735	1735	7182
1736	1736	10740
1737	1737	22227
1738	1738	10410
1739	1739	12489
1740	1740	18973
1741	1741	9481
1742	1742	18437
1743	1743	28984
1744	1744	16037
1745	1745	7861
1746	1746	30348
1747	1747	13768
1748	1748	32148
1749	1749	11389
1750	1750	9482
1751	1751	12020
1752	1752	8788
1753	1753	7131
1754	1754	47777
1755	1755	13029
1756	1756	25942
1757	1757	12670
1758	1758	7131
1759	1759	11473
1760	1760	25290
1761	1761	12180
1762	1762	16840
1763	1763	30650
1764	1764	295814
1765	1765	38893
1766	1766	9861
1767	1767	69704
1768	1768	11827
1769	1769	10052
1770	1770	22123
1771	1771	21442
1772	1772	11194
1773	1773	15552
1774	1774	9851
1775	1775	7530
1776	1776	13619
1777	1777	12060
1778	1778	21795
1779	1779	22623
1780	1780	9483
1781	1781	13514
1782	1782	12148
1783	1783	38163
1784	1784	10285
1785	1785	59916
1786	1786	11323
1787	1787	12522
1788	1788	9958
1789	1789	28158
1790	1790	36399
1791	1791	32321
1792	1792	9411
1793	1793	15451
1794	1794	17761
1795	1795	14334
1796	1796	13910
1797	1797	39966
1798	1798	26601
1799	1799	11271
1800	1800	11161
1801	1801	17782
1802	1802	11429
1803	1803	12085
1804	1804	28213
1805	1805	9978
1806	1806	17206
1807	1807	14114
1808	1808	14580
1809	1809	16905
1810	1810	66006
1811	1811	80726
1812	1812	12082
1813	1813	29036
1814	1814	64153
1815	1815	57220
1816	1816	16880
1817	1817	20084
1818	1818	27558
1819	1819	12598
1820	1820	10930
1821	1821	14907
1822	1822	15158
1823	1823	23276
1824	1824	20577
1825	1825	39479
1826	1826	13681
1827	1827	51030
1828	1828	67167
1829	1829	24512
1830	1830	17508
1831	1831	17398
1832	1832	18543
1833	1833	67588
1834	1834	23835
1835	1835	16355
1836	1836	13125
1837	1837	10111
1838	1838	19864
1839	1839	11144
1840	1840	17207
1841	1841	20675
1842	1842	16155
1843	1843	14429
1844	1844	41608
1845	1845	27325
1846	1846	14193
1847	1847	10629
1848	1848	18703
1849	1849	24646
1850	1850	19261
1851	1851	18136
1852	1852	10463
1853	1853	45819
1854	1854	13982
1855	1855	14976
1856	1856	10819
1857	1857	11277
1858	1858	18658
1859	1859	13277
1860	1860	11387
1861	1861	18242
1862	1862	37244
1863	1863	38983
1864	1864	17014
1865	1865	18958
1866	1866	13806
1867	1867	16380
1868	1868	11413
1869	1869	13374
1870	1870	16019
1871	1871	14934
1872	1872	262362
1873	1873	14107
1874	1874	10757
1875	1875	15804
1876	1876	15150
1877	1877	16078
1878	1878	12024
1879	1879	16678
1880	1880	10011
1881	1881	13117
1882	1882	14326
1883	1883	18344
1884	1884	17362
1885	1885	11343
1886	1886	35176
1887	1887	18020
1888	1888	24597
1889	1889	19954
1890	1890	16721
1891	1891	12038
1892	1892	19370
1893	1893	14271
1894	1894	15873
1895	1895	23665
1896	1896	16640
1897	1897	11905
1898	1898	13467
1899	1899	19961
1900	1900	12047
1901	1901	27512
1902	1902	29566
1903	1903	14806
1904	1904	26128
1905	1905	53968
1906	1906	16465
1907	1907	15538
1908	1908	16800
1909	1909	30858
1910	1910	16464
1911	1911	20547
1912	1912	36468
1913	1913	11640
1914	1914	24684
1915	1915	20260
1916	1916	12127
1917	1917	35751
1918	1918	16610
1919	1919	51478
1920	1920	17332
1921	1921	39450
1922	1922	12252
1923	1923	16246
1924	1924	13878
1925	1925	15595
1926	1926	16095
1927	1927	22840
1928	1928	23287
1929	1929	50233
1930	1930	14975
1931	1931	15949
1932	1932	15029
1933	1933	18237
1934	1934	22382
1935	1935	22161
1936	1936	14903
1937	1937	21037
1938	1938	15130
1939	1939	15946
1940	1940	20492
1941	1941	13918
1942	1942	16375
1943	1943	16541
1944	1944	20245
1945	1945	14630
1946	1946	26217
1947	1947	18089
1948	1948	14747
1949	1949	22381
1950	1950	25967
1951	1951	27371
1952	1952	28433
1953	1953	62806
1954	1954	11120
1955	1955	18760
1956	1956	162179
1957	1957	20989
1958	1958	16172
1959	1959	40487
1960	1960	12510
1961	1961	26257
1962	1962	22297
1963	1963	15153
1964	1964	17939
1965	1965	13226
1966	1966	13692
1967	1967	11418
1968	1968	26608
1969	1969	17364
1970	1970	36652
1971	1971	30320
1972	1972	17607
1973	1973	15122
1974	1974	58981
1975	1975	18400
1976	1976	49055
1977	1977	24297
1978	1978	317521
1979	1979	19060
1980	1980	19538
1981	1981	14125
1982	1982	46677
1983	1983	11910
1984	1984	14438
1985	1985	21924
1986	1986	20421
1987	1987	13470
1988	1988	21073
1989	1989	51916
1990	1990	23413
1991	1991	47571
1992	1992	18910
1993	1993	74994
1994	1994	12088
1995	1995	24733
1996	1996	22926
1997	1997	21656
1998	1998	17198
1999	1999	69151
2000	2000	30156
2001	2001	12799
2002	2002	42480
2003	2003	21433
2004	2004	22566
2005	2005	15194
2006	2006	14110
2007	2007	14967
2008	2008	17753
2009	2009	22941
2010	2010	33020
2011	2011	67923
2012	2012	22950
2013	2013	14217
2014	2014	60327
2015	2015	35095
2016	2016	15952
2017	2017	30931
2018	2018	11236
2019	2019	18024
2020	2020	16794
2021	2021	16116
2022	2022	13296
2023	2023	10827
2024	2024	39166
2025	2025	15025
2026	2026	17781
2027	2027	21393
2028	2028	15753
2029	2029	20794
2030	2030	54123
2031	2031	32416
2032	2032	14445
2033	2033	13634
2034	2034	22191
2035	2035	13292
2036	2036	17537
2037	2037	92929
2038	2038	16656
2039	2039	11765
2040	2040	13134
2041	2041	15853
2042	2042	18488
2043	2043	14263
2044	2044	13644
2045	2045	11658
2046	2046	30576
2047	2047	14927
2048	2048	17400
2049	2049	21805
2050	2050	27719
2051	2051	25579
2052	2052	15420
2053	2053	8922
2054	2054	11633
2055	2055	14634
2056	2056	10700
2057	2057	8580
2058	2058	18137
2059	2059	18202
2060	2060	12513
2061	2061	8780
2062	2062	26646
2063	2063	8991
2064	2064	15722
2065	2065	41810
2066	2066	16023
2067	2067	26004
2068	2068	12691
2069	2069	28868
2070	2070	204715
2071	2071	24475
2072	2072	16685
2073	2073	8880
2074	2074	16313
2075	2075	8642
2076	2076	34493
2077	2077	24004
2078	2078	10238
2079	2079	19459
2080	2080	8806
2081	2081	17546
2082	2082	25034
2083	2083	39437
2084	2084	23624
2085	2085	48312
2086	2086	17925
2087	2087	8719
2088	2088	12652
2089	2089	9405
2090	2090	36643
2091	2091	17338
2092	2092	9250
2093	2093	13469
2094	2094	43373
2095	2095	13826
2096	2096	43102
2097	2097	13544
2098	2098	32212
2099	2099	45462
2100	2100	57086
2101	2101	37709
2102	2102	18709
2103	2103	26534
2104	2104	18572
2105	2105	19392
2106	2106	48928
2107	2107	9591
2108	2108	9658
2109	2109	9158
2110	2110	27976
2111	2111	40981
2112	2112	12964
2113	2113	94549
2114	2114	78767
2115	2115	40753
2116	2116	13672
2117	2117	14261
2118	2118	36452
2119	2119	78402
2120	2120	33408
2121	2121	9188
2122	2122	31245
2123	2123	49058
2124	2124	9191
2125	2125	13173
2126	2126	58808
2127	2127	38828
2128	2128	28594
2129	2129	34210
2130	2130	59838
2131	2131	41806
2132	2132	26340
2133	2133	64750
2134	2134	27682
2135	2135	9668
2136	2136	9790
2137	2137	19173
2138	2138	13582
2139	2139	48579
2140	2140	15439
2141	2141	46356
2142	2142	15354
2143	2143	63328
2144	2144	61202
2145	2145	29631
2146	2146	26533
2147	2147	9410
2148	2148	9837
2149	2149	14802
2150	2150	13966
2151	2151	45055
2152	2152	12272
2153	2153	40690
2154	2154	83691
2155	2155	28167
2156	2156	40859
2157	2157	9361
2158	2158	30678
2159	2159	10574
2160	2160	13419
2161	2161	11283
2162	2162	31494
2163	2163	36384
2164	2164	36092
2165	2165	9480
2166	2166	27266
2167	2167	8969
2168	2168	14420
2169	2169	19207
2170	2170	38058
2171	2171	13516
2172	2172	16837
2173	2173	9111
2174	2174	34142
2175	2175	30906
2176	2176	9774
2177	2177	32210
2178	2178	17961
2179	2179	9869
2180	2180	27520
2181	2181	41011
2182	2182	18647
2183	2183	11283
2184	2184	9955
2185	2185	8989
2186	2186	14193
2187	2187	13743
2188	2188	54065
2189	2189	94879
2190	2190	130505
2191	2191	36530
2192	2192	25303
2193	2193	78846
2194	2194	17624
2195	2195	30208
2196	2196	9397
2197	2197	18242
2198	2198	19540
2199	2199	75153
2200	2200	44587
2201	2201	87706
2202	2202	9751
2203	2203	32187
2204	2204	14912
2205	2205	14806
2206	2206	9638
2207	2207	18685
2208	2208	8984
2209	2209	31063
2210	2210	18078
2211	2211	17410
2212	2212	9010
2213	2213	39315
2214	2214	46805
2215	2215	18582
2216	2216	19512
2217	2217	32257
2218	2218	40297
2219	2219	30523
2220	2220	55417
2221	2221	33374
2222	2222	9990
2223	2223	47652
2224	2224	12064
2225	2225	79714
2226	2226	97813
2227	2227	38092
2228	2228	31248
2229	2229	12635
2230	2230	79143
2231	2231	23198
2232	2232	37274
2233	2233	20710
2234	2234	75913
2235	2235	15648
2236	2236	15430
2237	2237	77430
2238	2238	27812
2239	2239	34932
2240	2240	16964
2241	2241	13995
2242	2242	17343
2243	2243	21146
2244	2244	25239
2245	2245	17327
2246	2246	12461
2247	2247	13130
2248	2248	15442
2249	2249	48815
2250	2250	50434
2251	2251	35089
2252	2252	14021
2253	2253	32140
2254	2254	49645
2255	2255	32504
2256	2256	12564
2257	2257	35772
2258	2258	47646
2259	2259	13214
2260	2260	21696
2261	2261	11234
2262	2262	16380
2263	2263	29020
2264	2264	9685
2265	2265	21422
2266	2266	67246
2267	2267	25024
2268	2268	45922
2269	2269	46182
2270	2270	37902
2271	2271	15917
2272	2272	51157
2273	2273	11022
2274	2274	18008
2275	2275	44215
2276	2276	72748
2277	2277	26745
2278	2278	32142
2279	2279	13754
2280	2280	62117
2281	2281	16384
2282	2282	21305
2283	2283	42735
2284	2284	42069
2285	2285	22110
2286	2286	35620
2287	2287	15528
2288	2288	82490
2289	2289	41892
2290	2290	56090
2291	2291	25671
2292	2292	21877
2293	2293	22329
2294	2294	14023
2295	2295	15877
2296	2296	57896
2297	2297	12355
2298	2298	20660
2299	2299	14066
2300	2300	14545
2301	2301	35096
2302	2302	36070
2303	2303	32613
2304	2304	14148
2305	2305	50698
2306	2306	22211
2307	2307	41594
2308	2308	10703
2309	2309	18642
2310	2310	17774
2311	2311	25148
2312	2312	24097
2313	2313	9943
2314	2314	22849
2315	2315	16105
2316	2316	35258
2317	2317	20021
2318	2318	21635
2319	2319	16763
2320	2320	74579
2321	2321	36311
2322	2322	14674
2323	2323	19817
2324	2324	36131
2325	2325	63595
2326	2326	45102
2327	2327	16090
2328	2328	16506
2329	2329	11238
2330	2330	11040
2331	2331	72527
2332	2332	23810
2333	2333	25392
2334	2334	9901
2335	2335	9332
2336	2336	13325
2337	2337	16486
2338	2338	22061
2339	2339	11455
2340	2340	19743
2341	2341	17662
2342	2342	28748
2343	2343	10074
2344	2344	187050
2345	2345	18048
2346	2346	188697
2347	2347	37270
2348	2348	16676
2349	2349	36568
2350	2350	18007
2351	2351	51486
2352	2352	17217
2353	2353	15036
2354	2354	13239
2355	2355	10048
2356	2356	13578
2357	2357	28071
2358	2358	20974
2359	2359	10319
2360	2360	15213
2361	2361	15643
2362	2362	12109
2363	2363	83388
2364	2364	68163
2365	2365	14657
2366	2366	24799
2367	2367	15711
2368	2368	33499
2369	2369	14950
2370	2370	14229
2371	2371	26649
2372	2372	9763
2373	2373	23183
2374	2374	59152
2375	2375	303416
2376	2376	44948
2377	2377	10720
2378	2378	18836
2379	2379	42115
2380	2380	34690
2381	2381	19203
2382	2382	9679
2383	2383	9687
2384	2384	14080
2385	2385	32457
2386	2386	13425
2387	2387	41275
2388	2388	21625
2389	2389	15148
2390	2390	66013
2391	2391	10163
2392	2392	73424
2393	2393	10551
2394	2394	15581
2395	2395	16302
2396	2396	42237
2397	2397	25472
2398	2398	40143
2399	2399	35505
2400	2400	57152
2401	2401	17360
2402	2402	17969
2403	2403	26043
2404	2404	68910
2405	2405	23393
2406	2406	30319
2407	2407	10469
2408	2408	27528
2409	2409	26337
2410	2410	25112
2411	2411	32510
2412	2412	24372
2413	2413	27653
2414	2414	14849
2415	2415	19271
2416	2416	22074
2417	2417	21438
2418	2418	28375
2419	2419	24914
2420	2420	30017
2421	2421	19773
2422	2422	21769
2423	2423	11808
2424	2424	11687
2425	2425	12963
2426	2426	16462
2427	2427	23036
2428	2428	56880
2429	2429	19622
2430	2430	28084
2431	2431	62052
2432	2432	12374
2433	2433	22300
2434	2434	39324
2435	2435	55216
2436	2436	44804
2437	2437	25746
2438	2438	10025
2439	2439	47471
2440	2440	11705
2441	2441	30700
2442	2442	41576
2443	2443	11089
2444	2444	29177
2445	2445	31392
2446	2446	81030
2447	2447	29206
2448	2448	72133
2449	2449	34214
2450	2450	36711
2451	2451	11490
2452	2452	21225
2453	2453	10377
2454	2454	65952
2455	2455	55353
2456	2456	10061
2457	2457	20625
2458	2458	15941
2459	2459	11198
2460	2460	20275
2461	2461	18536
2462	2462	28117
2463	2463	22745
2464	2464	69819
2465	2465	60450
2466	2466	21554
2467	2467	14306
2468	2468	37691
2469	2469	19698
2470	2470	17616
2471	2471	25731
2472	2472	17216
2473	2473	24664
2474	2474	54325
2475	2475	52774
2476	2476	63587
2477	2477	10333
2478	2478	23046
2479	2479	23319
2480	2480	13180
2481	2481	18782
2482	2482	47874
2483	2483	35396
2484	2484	26033
2485	2485	33604
2486	2486	25584
2487	2487	51941
2488	2488	12090
2489	2489	22683
2490	2490	13890
2491	2491	17437
2492	2492	25500
2493	2493	47049
2494	2494	10347
2495	2495	17126
2496	2496	19709
2497	2497	20262
2498	2498	20180
2499	2499	20565
2500	2500	18955
