100	100	101400
101	101	51918
102	102	118558
103	103	87384
104	104	85005
105	105	100218
106	106	95292
107	107	121952
108	108	147456
109	109	104105
110	110	98984
111	111	97503
112	112	148432
113	113	6320400
114	114	360964
115	115	124416
116	116	753127
117	117	108830
118	118	392536
119	119	65013
120	120	775851
121	121	125549
122	122	405349
123	123	122882
124	124	136122
125	125	636304
126	126	130945
127	127	144300
128	128	608451
129	129	191183
130	130	692651
131	131	130895
132	132	280806
133	133	91838
134	134	111123
135	135	89482
136	136	184869
137	137	726191
138	138	96941
139	139	153439
140	140	740280
141	141	704193
142	142	1012199
143	143	431836
144	144	192320
145	145	374408
146	146	478234
147	147	472859
148	148	479522
149	149	224675
150	150	178643
151	151	308166
152	152	343689
153	153	115230
154	154	583478
155	155	431458
156	156	364156
157	157	599035
158	158	201456
159	159	296719
160	160	580069
161	161	611012
162	162	589986
163	163	644312
164	164	614469
165	165	724381
166	166	810323
167	167	363164
168	168	665115
169	169	351460
170	170	549073
171	171	412684
172	172	679823
173	173	801917
174	174	2564763
175	175	808490
176	176	779997
177	177	929053
178	178	1222237
179	179	940670
180	180	888835
181	181	571443
182	182	622127
183	183	1380354
184	184	1294576
185	185	702165
186	186	1535036
187	187	1050404
188	188	910285
189	189	425295
190	190	1251556
191	191	1157153
192	192	761020
193	193	1257195
194	194	1158867
195	195	906253
196	196	821973
197	197	1063251
198	198	879548
199	199	989797
200	200	1097267
201	201	929462
202	202	890810
203	203	1321168
204	204	1707160
205	205	1158041
206	206	1126532
207	207	1200338
208	208	1013937
209	209	1204680
210	210	806575
211	211	885195
212	212	1060104
213	213	1520729
214	214	1229540
215	215	845596
216	216	1267032
217	217	1138693
218	218	1225659
219	219	1269667
220	220	1031355
221	221	1483822
222	222	1543224
223	223	2015669
224	224	1359825
225	225	1513204
226	226	1597868
227	227	1678422
228	228	1489733
229	229	1765705
230	230	1174911
231	231	1693216
232	232	1355375
233	233	1712175
234	234	1611404
235	235	1542754
236	236	1579181
237	237	1698532
238	238	1533193
239	239	1114584
240	240	1907671
241	241	1695685
242	242	1574877
243	243	1344689
244	244	2191002
245	245	1725211
246	246	1177517
247	247	1601296
248	248	1736259
249	249	1153271
250	250	1834203
251	251	1983618
252	252	1979478
253	253	2222288
254	254	2082366
255	255	2133051
256	256	1908170
257	257	1935696
258	258	1638349
259	259	1827295
260	260	1685858
261	261	1446933
262	262	1735724
263	263	1930266
264	264	2107398
265	265	1895413
266	266	1721145
267	267	2020616
268	268	1663566
269	269	1341168
270	270	1176407
271	271	1018051
272	272	1173300
273	273	1626536
274	274	1634257
275	275	1426903
276	276	1649316
277	277	1293763
278	278	1723093
279	279	1913107
280	280	1655092
281	281	1814575
282	282	1651473
283	283	1347985
284	284	1545658
285	285	1176095
286	286	1771045
287	287	1128278
288	288	2650930
289	289	2033563
290	290	2152844
291	291	975645
292	292	1878195
293	293	1949156
294	294	1366980
295	295	1803873
296	296	1516297
297	297	1752616
298	298	1730739
299	299	2035775
300	300	1265632
301	301	1869006
302	302	1506439
303	303	1298059
304	304	1671285
305	305	2022080
306	306	1980745
307	307	1385558
308	308	1825087
309	309	1453766
310	310	1815574
311	311	2131742
312	312	1785583
313	313	1773948
314	314	2292587
315	315	1958405
316	316	1688864
317	317	2086391
318	318	1406399
319	319	1351185
320	320	2398142
321	321	3185007
322	322	2484841
323	323	2197035
324	324	2172882
325	325	1535957
326	326	2359783
327	327	2155906
328	328	1844252
329	329	2845314
330	330	1338580
331	331	2119720
332	332	1228420
333	333	1438783
334	334	2644770
335	335	1597331
336	336	1985577
337	337	1588874
338	338	2140450
339	339	2683571
340	340	2248537
341	341	2116775
342	342	1706097
343	343	1549801
344	344	1534338
345	345	2259873
346	346	1991344
347	347	2325102
348	348	2161576
349	349	2321464
350	350	1682784
351	351	2589771
352	352	1674414
353	353	2457422
354	354	1974058
355	355	1817319
356	356	1854029
357	357	2098624
358	358	2022580
359	359	2245955
360	360	1616161
361	361	2353979
362	362	2027109
363	363	2779698
364	364	2344280
365	365	2675016
366	366	2768705
367	367	2305130
368	368	2097028
369	369	2570270
370	370	2050978
371	371	2136348
372	372	2073646
373	373	2458474
374	374	2769366
375	375	2349510
376	376	2256523
377	377	2571816
378	378	2186285
379	379	4375219
380	380	2414841
381	381	1873850
382	382	2338250
383	383	2579981
384	384	1913933
385	385	2488561
386	386	3011716
387	387	2519680
388	388	3063802
389	389	2749646
390	390	2820092
391	391	2796157
392	392	3394200
393	393	2505585
394	394	2537317
395	395	3006008
396	396	3835170
397	397	2461233
398	398	1882527
399	399	2075353
400	400	2362889
401	401	2948790
402	402	2508275
403	403	2133323
404	404	2092649
405	405	2781342
406	406	2538943
407	407	2005970
408	408	2245508
409	409	2274523
410	410	2654453
411	411	1773427
412	412	2235604
413	413	2772764
414	414	3303833
415	415	2558202
416	416	2535604
417	417	2356728
418	418	2752455
419	419	2923127
420	420	2425879
421	421	2595475
422	422	3061994
423	423	2682304
424	424	2656531
425	425	3026397
426	426	2395363
427	427	3099471
428	428	2109230
429	429	2600656
430	430	2454542
431	431	2681665
432	432	2663714
433	433	3171931
434	434	3471760
435	435	3027407
436	436	3848474
437	437	3646317
438	438	2929874
439	439	2577809
440	440	3056503
441	441	3660267
442	442	3282831
443	443	4283506
444	444	3675985
445	445	2590174
446	446	2781218
447	447	3397545
448	448	4237608
449	449	3484858
450	450	3834001
451	451	3624214
452	452	3383838
453	453	3346855
454	454	3349895
455	455	3816624
456	456	2862174
457	457	3697822
458	458	2705568
459	459	3218954
460	460	2887633
461	461	3465151
462	462	3388097
463	463	3357737
464	464	3734548
465	465	3628546
466	466	3315018
467	467	4696185
468	468	2816503
469	469	4162390
470	470	2742057
471	471	2022187
472	472	4259579
473	473	3062092
474	474	3434160
475	475	4153750
476	476	3843522
477	477	3559329
478	478	3489243
479	479	3596422
480	480	3475125
481	481	4178227
482	482	3103158
483	483	3531494
484	484	2802036
485	485	3356989
486	486	3701028
487	487	3287973
488	488	3591701
489	489	3236672
490	490	3680710
491	491	4364593
492	492	3433412
493	493	4042351
494	494	3655475
495	495	3199769
496	496	3127180
497	497	3706064
498	498	4165536
499	499	4127463
500	500	4104150
501	501	3285833
502	502	3766072
503	503	4023774
504	504	4178817
505	505	4421694
506	506	4393330
507	507	5285164
508	508	4356800
509	509	3469400
510	510	4334725
511	511	3166498
512	512	4042795
513	513	3622187
514	514	4466952
515	515	4152736
516	516	4111317
517	517	3502226
518	518	3949076
519	519	4093670
520	520	4285646
521	521	3415108
522	522	3968896
523	523	3264994
524	524	3247177
525	525	5025157
526	526	4100571
527	527	3365271
528	528	4446685
529	529	4227500
530	530	4019621
531	531	4342196
532	532	4121760
533	533	3919666
534	534	3643394
535	535	3862700
536	536	3089407
537	537	3404492
538	538	4094666
539	539	3807706
540	540	3567294
541	541	3878577
542	542	4194270
543	543	3096998
544	544	3819831
545	545	3544511
546	546	3207232
547	547	5047775
548	548	3573383
549	549	3355677
550	550	3636075
551	551	3612607
552	552	6778156
553	553	3526009
554	554	3678285
555	555	4678245
556	556	3185811
557	557	3550886
558	558	3977512
559	559	3545604
560	560	5083896
561	561	4130899
562	562	3802521
563	563	3455969
564	564	4212699
565	565	4293925
566	566	4093484
567	567	3804050
568	568	3863384
569	569	3422369
570	570	3684002
571	571	4881857
572	572	4014615
573	573	4348012
574	574	4029557
575	575	4235961
576	576	6021418
577	577	4578067
578	578	4106493
579	579	4591674
580	580	3688399
581	581	4890814
582	582	4617411
583	583	4135779
584	584	5767357
585	585	4473056
586	586	4557265
587	587	3487178
588	588	4170951
589	589	5568046
590	590	5111310
591	591	4218446
592	592	4628767
593	593	5538450
594	594	6131709
595	595	4409695
596	596	7063230
597	597	4732029
598	598	6984745
599	599	4753885
600	600	8492966
601	601	8557829
602	602	4785419
603	603	11454239
604	604	5335777
605	605	6949437
606	606	4972770
607	607	6210601
608	608	9993807
609	609	5179363
610	610	7076438
611	611	6652753
612	612	4148048
613	613	8226069
614	614	5757661
615	615	5943924
616	616	6034231
617	617	3031429
618	618	4333308
619	619	7208514
620	620	9053932
621	621	6236393
622	622	5237347
623	623	4837262
624	624	7866978
625	625	7344738
626	626	6064185
627	627	6546279
628	628	5755079
629	629	5522600
630	630	6319344
631	631	6071433
632	632	5969619
633	633	6309532
634	634	4862410
635	635	6014673
636	636	4732824
637	637	5431789
638	638	7343516
639	639	7863836
640	640	7299637
641	641	6307899
642	642	5279943
643	643	5911555
644	644	5907386
645	645	6107378
646	646	5944297
647	647	5605379
648	648	5488562
649	649	6355697
650	650	5890402
651	651	5856664
652	652	5134918
653	653	7754036
654	654	6165621
655	655	7079256
656	656	6250310
657	657	6180887
658	658	4650542
659	659	7302863
660	660	5804958
661	661	6790740
662	662	6552761
663	663	8416699
664	664	7291853
665	665	7580564
666	666	6191462
667	667	6359560
668	668	6340875
669	669	6342660
670	670	6673160
671	671	6842504
672	672	6504023
673	673	4579331
674	674	6028573
675	675	7257965
676	676	6636430
677	677	6460249
678	678	5322094
679	679	7550793
680	680	6166919
681	681	6603345
682	682	6850579
683	683	6772904
684	684	6877955
685	685	6369598
686	686	7261164
687	687	7437061
688	688	6738407
689	689	7313387
690	690	6791757
691	691	9645140
692	692	7068155
693	693	7633963
694	694	7137959
695	695	7136643
696	696	6111340
697	697	7391006
698	698	6987070
699	699	6650639
700	700	6408678
701	701	7861108
702	702	5549309
703	703	5595404
704	704	5467421
705	705	7674805
706	706	5373771
707	707	7947095
708	708	6538644
709	709	6277871
710	710	6801891
711	711	5894950
712	712	6831730
713	713	7809478
714	714	6953088
715	715	7488789
716	716	6293265
717	717	6345751
718	718	6730430
719	719	6241233
720	720	7133569
721	721	6967050
722	722	6618829
723	723	6162920
724	724	6064590
725	725	6930608
726	726	7655097
727	727	6385679
728	728	6685472
729	729	6754610
730	730	6825651
731	731	6331663
732	732	8733548
733	733	7324076
734	734	7386040
735	735	7301003
736	736	7067903
737	737	7539742
738	738	8381470
739	739	7974865
740	740	8268739
741	741	7747199
742	742	7211963
743	743	7104853
744	744	7837686
745	745	7020022
746	746	7125382
747	747	7719557
748	748	7170226
749	749	9164330
750	750	8217733
751	751	7999482
752	752	7249530
753	753	6528831
754	754	6299061
755	755	7604626
756	756	7216782
757	757	6865191
758	758	7701574
759	759	7486179
760	760	5926244
761	761	9711122
762	762	7365638
763	763	8828208
764	764	7547649
765	765	8732660
766	766	6793160
767	767	6726672
768	768	9808150
769	769	9956460
770	770	7558888
771	771	10702941
772	772	8906665
773	773	7549241
774	774	10419254
775	775	13274481
776	776	7264448
777	777	14345052
778	778	8389933
779	779	6502758
780	780	8914069
781	781	8253055
782	782	9516475
783	783	7891371
784	784	8522354
785	785	8725531
786	786	8599152
787	787	8532890
788	788	7086253
789	789	8508812
790	790	7538225
791	791	8248220
792	792	8225788
793	793	7467484
794	794	8283314
795	795	8379750
796	796	7028223
797	797	8371447
798	798	6715654
799	799	7852103
800	800	7122649
801	801	8895405
802	802	8732729
803	803	8301612
804	804	7606899
805	805	8887120
806	806	7726040
807	807	7814730
808	808	10159498
809	809	8165394
810	810	8949222
811	811	10121551
812	812	9012316
813	813	11897466
814	814	8812015
815	815	19711811
816	816	9803170
817	817	8958512
818	818	8550100
819	819	12422190
820	820	15233785
821	821	8969287
822	822	8227738
823	823	8932766
824	824	10960067
825	825	9845044
826	826	8048624
827	827	8721371
828	828	9016117
829	829	7299932
830	830	7500947
831	831	8648596
832	832	8702259
833	833	7913477
834	834	7991942
835	835	7740049
836	836	8642981
837	837	6797106
838	838	9332498
839	839	6970815
840	840	7231994
841	841	7254921
842	842	7358096
843	843	5778666
844	844	9120809
845	845	5625668
846	846	7004830
847	847	6763580
848	848	8174483
849	849	7225584
850	850	7578175
851	851	7907949
852	852	8313980
853	853	7121397
854	854	6891651
855	855	7707357
856	856	9203022
857	857	8526707
858	858	7898648
859	859	8108725
860	860	7832451
861	861	8081720
862	862	7651632
863	863	9526554
864	864	7984297
865	865	9269004
866	866	11046462
867	867	14556682
868	868	15629293
869	869	12455427
870	870	10474337
871	871	9076810
872	872	11033028
873	873	11059555
874	874	11989078
875	875	10007873
876	876	13512362
877	877	9121644
878	878	9278445
879	879	11191340
880	880	12002074
881	881	10456266
882	882	12168019
883	883	11734021
884	884	12151941
885	885	12780110
886	886	13587987
887	887	13390594
888	888	12357967
889	889	10508784
890	890	14985471
891	891	10237719
892	892	11088521
893	893	10028022
894	894	13031871
895	895	12685722
896	896	10965541
897	897	11392421
898	898	14983065
899	899	13550316
900	900	13261846
901	901	11772810
902	902	11872825
903	903	19461537
904	904	14203264
905	905	13598215
906	906	10713467
907	907	13287346
908	908	11084567
909	909	11775850
910	910	12228956
911	911	12341087
912	912	13247241
913	913	13392951
914	914	14506709
915	915	11969396
916	916	13449338
917	917	10619279
918	918	13698563
919	919	16903352
920	920	10797622
921	921	10992449
922	922	12963807
923	923	9892188
924	924	9110653
925	925	12256030
926	926	12011288
927	927	15489876
928	928	13310824
929	929	12884875
930	930	9079250
931	931	12838393
932	932	9958147
933	933	9593535
934	934	14193521
935	935	12052579
936	936	13845376
937	937	11323858
938	938	12908718
939	939	11432491
940	940	12247192
941	941	11777855
942	942	13602286
943	943	13851179
944	944	11926673
945	945	12801307
946	946	11336793
947	947	11077387
948	948	12255748
949	949	10889422
950	950	12873338
951	951	11299655
952	952	12247731
953	953	12561808
954	954	12637121
955	955	11231135
956	956	12166914
957	957	14749571
958	958	9433201
959	959	12559358
960	960	12332527
961	961	11181593
962	962	15784174
963	963	11179728
964	964	10563301
965	965	11901752
966	966	12356121
967	967	11997827
968	968	11589461
969	969	12005925
970	970	12763544
971	971	12247744
972	972	13748833
973	973	12295586
974	974	11470325
975	975	16683506
976	976	12274995
977	977	12645510
978	978	13103040
979	979	10477729
980	980	11707732
981	981	15214168
982	982	12766297
983	983	14329670
984	984	15515891
985	985	11797188
986	986	13305497
987	987	15613266
988	988	15402827
989	989	13284286
990	990	9627302
991	991	12421860
992	992	10340408
993	993	11477828
994	994	14779152
995	995	15050478
996	996	14116097
997	997	18477860
998	998	13819589
999	999	12858528
1000	1000	16097661
1001	1001	16928042
1002	1002	15397984
1003	1003	16557220
1004	1004	16660218
1005	1005	15431623
1006	1006	14866042
1007	1007	15379131
1008	1008	16550446
1009	1009	17320202
1010	1010	13957339
1011	1011	15161413
1012	1012	20745918
1013	1013	14039837
1014	1014	15700698
1015	1015	13087267
1016	1016	14007426
1017	1017	14649078
1018	1018	12939070
1019	1019	13689690
1020	1020	16203014
1021	1021	20417035
1022	1022	21356795
1023	1023	20387093
1024	1024	29552481
1025	1025	29494494
1026	1026	19665339
1027	1027	15840280
1028	1028	19917679
1029	1029	13349776
1030	1030	9307723
1031	1031	18900578
1032	1032	11878279
1033	1033	16954609
1034	1034	12231987
1035	1035	8292687
1036	1036	8876674
1037	1037	15296193
1038	1038	9414329
1039	1039	8853647
1040	1040	11904463
1041	1041	11488748
1042	1042	12324845
1043	1043	10115799
1044	1044	12034262
1045	1045	9479797
1046	1046	11245168
1047	1047	9142124
1048	1048	12132117
1049	1049	9641556
1050	1050	11947440
1051	1051	10193064
1052	1052	12323976
1053	1053	11469554
1054	1054	12608878
1055	1055	9843375
1056	1056	10247323
1057	1057	10091849
1058	1058	11764567
1059	1059	13177923
1060	1060	10352226
1061	1061	9659614
1062	1062	11308843
1063	1063	11380311
1064	1064	11413901
1065	1065	12998931
1066	1066	11407699
1067	1067	9416606
1068	1068	12933374
1069	1069	13763387
1070	1070	12795499
1071	1071	12772903
1072	1072	9626762
1073	1073	11824835
1074	1074	13944226
1075	1075	10584753
1076	1076	12394764
1077	1077	11569679
1078	1078	11220305
1079	1079	12191358
1080	1080	12805931
1081	1081	11025858
1082	1082	11822113
1083	1083	12062813
1084	1084	12443831
1085	1085	13682742
1086	1086	11445691
1087	1087	10824019
1088	1088	12022417
1089	1089	10477336
1090	1090	11723538
1091	1091	12550291
1092	1092	11182575
1093	1093	11369569
1094	1094	11894652
1095	1095	10699725
1096	1096	12249717
1097	1097	13138176
1098	1098	12589963
1099	1099	11984458
1100	1100	11866588
1101	1101	12906790
1102	1102	12954138
1103	1103	12358258
1104	1104	13007508
1105	1105	12025922
1106	1106	9762051
1107	1107	11383375
1108	1108	10831555
1109	1109	13458696
1110	1110	12109898
1111	1111	12188946
1112	1112	10193708
1113	1113	13105015
1114	1114	11115429
1115	1115	13960973
1116	1116	12880625
1117	1117	13095956
1118	1118	12544374
1119	1119	12543361
1120	1120	14158929
1121	1121	13440919
1122	1122	13363666
1123	1123	12649830
1124	1124	10968847
1125	1125	15192390
1126	1126	14662842
1127	1127	13636314
1128	1128	11409921
1129	1129	12839761
1130	1130	14857975
1131	1131	14644083
1132	1132	15331888
1133	1133	13405949
1134	1134	14328990
1135	1135	11958003
1136	1136	13579506
1137	1137	11807039
1138	1138	14361368
1139	1139	15369150
1140	1140	10814098
1141	1141	14252881
1142	1142	13911168
1143	1143	12773234
1144	1144	13912407
1145	1145	13316093
1146	1146	14129033
1147	1147	15432950
1148	1148	14863843
1149	1149	14331891
1150	1150	15282621
1151	1151	14458749
1152	1152	15419489
1153	1153	15570305
1154	1154	15855483
1155	1155	17897205
1156	1156	17855813
1157	1157	14713059
1158	1158	16870246
1159	1159	16638448
1160	1160	15267571
1161	1161	17741268
1162	1162	14669493
1163	1163	15282375
1164	1164	15096810
1165	1165	14377678
1166	1166	14711074
1167	1167	16051410
1168	1168	15677855
1169	1169	16143967
1170	1170	16463716
1171	1171	15758011
1172	1172	14517733
1173	1173	13312122
1174	1174	13967864
1175	1175	14313062
1176	1176	17902721
1177	1177	16344158
1178	1178	19159288
1179	1179	22606783
1180	1180	17347531
1181	1181	18149113
1182	1182	17842991
1183	1183	19433699
1184	1184	14706984
1185	1185	17121694
1186	1186	20111776
1187	1187	16111863
1188	1188	13475812
1189	1189	14021904
1190	1190	20517933
1191	1191	14699304
1192	1192	14211161
1193	1193	14212092
1194	1194	16192902
1195	1195	13632005
1196	1196	15358828
1197	1197	14037922
1198	1198	14133063
1199	1199	14578372
1200	1200	14695984
1201	1201	17387960
1202	1202	14752555
1203	1203	17708209
1204	1204	16137305
1205	1205	16138266
1206	1206	16702410
1207	1207	16578825
1208	1208	13954755
1209	1209	16867533
1210	1210	17371578
1211	1211	16615556
1212	1212	15084946
1213	1213	14528227
1214	1214	16385928
1215	1215	16762332
1216	1216	12791710
1217	1217	16449680
1218	1218	18464628
1219	1219	17434700
1220	1220	15359279
1221	1221	16193031
1222	1222	14971735
1223	1223	17718966
1224	1224	18673276
1225	1225	15342692
1226	1226	15764871
1227	1227	17874595
1228	1228	13053129
1229	1229	14946473
1230	1230	18152374
1231	1231	15850773
1232	1232	16080059
1233	1233	15562585
1234	1234	15230384
1235	1235	13855675
1236	1236	18904204
1237	1237	16702845
1238	1238	18618170
1239	1239	16658947
1240	1240	17792518
1241	1241	17761921
1242	1242	19837214
1243	1243	21203273
1244	1244	17797300
1245	1245	19660843
1246	1246	16210600
1247	1247	18286839
1248	1248	19431913
1249	1249	15999799
1250	1250	21672046
1251	1251	17770714
1252	1252	20078242
1253	1253	22136468
1254	1254	19255993
1255	1255	18769170
1256	1256	22397096
1257	1257	24158602
1258	1258	22142075
1259	1259	24024344
1260	1260	22493164
1261	1261	23891997
1262	1262	17791947
1263	1263	21799995
1264	1264	15821871
1265	1265	21243308
1266	1266	25050342
1267	1267	22903048
1268	1268	14049811
1269	1269	22199520
1270	1270	22623650
1271	1271	22227275
1272	1272	20177265
1273	1273	18560691
1274	1274	21046197
1275	1275	20375558
1276	1276	20440020
1277	1277	21012314
1278	1278	23605773
1279	1279	21088020
1280	1280	22098816
1281	1281	26131032
1282	1282	22412805
1283	1283	25365401
1284	1284	25277008
1285	1285	23009660
1286	1286	19563567
1287	1287	21595145
1288	1288	22565552
1289	1289	18749583
1290	1290	18440181
1291	1291	19702980
1292	1292	20045615
1293	1293	24042051
1294	1294	27336302
1295	1295	25224354
1296	1296	24884584
1297	1297	26496732
1298	1298	25936499
1299	1299	20850231
1300	1300	24834701
1301	1301	21229273
1302	1302	23155009
1303	1303	24156706
1304	1304	23778050
1305	1305	23506410
1306	1306	26455895
1307	1307	24985073
1308	1308	29302432
1309	1309	20001760
1310	1310	25105313
1311	1311	25069452
1312	1312	23318916
1313	1313	21493688
1314	1314	27057763
1315	1315	19821529
1316	1316	23856608
1317	1317	26564270
1318	1318	24187275
1319	1319	26636478
1320	1320	24014192
1321	1321	22141299
1322	1322	21302998
1323	1323	25346070
1324	1324	31855955
1325	1325	22748460
1326	1326	24818555
1327	1327	27783716
1328	1328	19811917
1329	1329	21845025
1330	1330	22185659
1331	1331	27789921
1332	1332	21453416
1333	1333	25310720
1334	1334	23836450
1335	1335	20607107
1336	1336	18445919
1337	1337	20963308
1338	1338	17006332
1339	1339	29554974
1340	1340	23976684
1341	1341	24084780
1342	1342	27159909
1343	1343	24524520
1344	1344	28739076
1345	1345	31453175
1346	1346	29171538
1347	1347	18474772
1348	1348	32675225
1349	1349	26603245
1350	1350	28861065
1351	1351	17070798
1352	1352	26831590
1353	1353	26190916
1354	1354	32017421
1355	1355	30444953
1356	1356	28216568
1357	1357	26236310
1358	1358	27666915
1359	1359	30564781
1360	1360	28407150
1361	1361	30793324
1362	1362	29857254
1363	1363	28523310
1364	1364	30315108
1365	1365	28455210
1366	1366	30521984
1367	1367	26114473
1368	1368	30344959
1369	1369	26516374
1370	1370	27626882
1371	1371	25210120
1372	1372	30281107
1373	1373	26771587
1374	1374	27132284
1375	1375	29449360
1376	1376	29470501
1377	1377	31572552
1378	1378	36270973
1379	1379	24097147
1380	1380	24474376
1381	1381	26522069
1382	1382	25656031
1383	1383	26780646
1384	1384	27348356
1385	1385	31330549
1386	1386	41390789
1387	1387	24273899
1388	1388	30828071
1389	1389	29935177
1390	1390	26986869
1391	1391	25935791
1392	1392	28060031
1393	1393	26257422
1394	1394	27934888
1395	1395	36387476
1396	1396	24483749
1397	1397	23708990
1398	1398	26367230
1399	1399	24362128
1400	1400	29861321
1401	1401	28819967
1402	1402	21148358
1403	1403	29533618
1404	1404	29240918
1405	1405	26716546
1406	1406	25993875
1407	1407	24881058
1408	1408	32476785
1409	1409	26162448
1410	1410	28353629
1411	1411	18060533
1412	1412	29004552
1413	1413	29809533
1414	1414	29200919
1415	1415	29301157
1416	1416	29748257
1417	1417	28631461
1418	1418	25909867
1419	1419	33458677
1420	1420	32620219
1421	1421	28194913
1422	1422	30812762
1423	1423	22929741
1424	1424	27661702
1425	1425	26555966
1426	1426	26055729
1427	1427	30503990
1428	1428	28237642
1429	1429	29756383
1430	1430	24154637
1431	1431	31789666
1432	1432	23338298
1433	1433	25953101
1434	1434	27803346
1435	1435	27378816
1436	1436	25435655
1437	1437	31318606
1438	1438	25420867
1439	1439	27206056
1440	1440	34689607
1441	1441	32575071
1442	1442	26528025
1443	1443	25202571
1444	1444	27930930
1445	1445	27882372
1446	1446	29795242
1447	1447	27904353
1448	1448	23468732
1449	1449	24784767
1450	1450	33735769
1451	1451	32210249
1452	1452	32569230
1453	1453	31296525
1454	1454	32691382
1455	1455	28112116
1456	1456	26091530
1457	1457	29000207
1458	1458	25059021
1459	1459	30876385
1460	1460	28244039
1461	1461	25296678
1462	1462	15986220
1463	1463	16315922
1464	1464	17369307
1465	1465	16032224
1466	1466	13527784
1467	1467	13209231
1468	1468	14161808
1469	1469	13437881
1470	1470	14044876
1471	1471	13665950
1472	1472	12045180
1473	1473	11705497
1474	1474	13113562
1475	1475	12051450
1476	1476	12197176
1477	1477	11977662
1478	1478	13234484
1479	1479	12952411
1480	1480	13159664
1481	1481	13089211
1482	1482	12664394
1483	1483	11377632
1484	1484	13295934
1485	1485	12163316
1486	1486	13520550
1487	1487	13185109
1488	1488	12456753
1489	1489	11915405
1490	1490	12486801
1491	1491	11872037
1492	1492	13264408
1493	1493	13632755
1494	1494	12747411
1495	1495	12754506
1496	1496	12113453
1497	1497	12900238
1498	1498	13068553
1499	1499	12721603
1500	1500	12239715
1501	1501	12480141
1502	1502	12580254
1503	1503	12891766
1504	1504	12853720
1505	1505	12906535
1506	1506	12974221
1507	1507	11900944
1508	1508	12536904
1509	1509	13806516
1510	1510	12794680
1511	1511	14294612
1512	1512	13096117
1513	1513	12058610
1514	1514	12985795
1515	1515	12749411
1516	1516	12278489
1517	1517	13324800
1518	1518	13832984
1519	1519	12160493
1520	1520	12354193
1521	1521	12690844
1522	1522	12882462
1523	1523	11914425
1524	1524	12032960
1525	1525	13013185
1526	1526	12837563
1527	1527	13162291
1528	1528	14182938
1529	1529	14947510
1530	1530	13560164
1531	1531	12921458
1532	1532	13232608
1533	1533	11956554
1534	1534	12489258
1535	1535	14888163
1536	1536	14119478
1537	1537	13406764
1538	1538	12275317
1539	1539	12034534
1540	1540	12449196
1541	1541	12368705
1542	1542	12117910
1543	1543	12721453
1544	1544	11968857
1545	1545	11702093
1546	1546	12574907
1547	1547	12334113
1548	1548	11252398
1549	1549	12778644
1550	1550	12815901
1551	1551	12478910
1552	1552	16009152
1553	1553	13162034
1554	1554	12325303
1555	1555	14128400
1556	1556	13036895
1557	1557	12630685
1558	1558	12459324
1559	1559	12722566
1560	1560	12545614
1561	1561	12934922
1562	1562	12470609
1563	1563	13842835
1564	1564	12347186
1565	1565	12025881
1566	1566	12433946
1567	1567	12270897
1568	1568	12569389
1569	1569	12628873
1570	1570	11632285
1571	1571	13005292
1572	1572	12104054
1573	1573	12936815
1574	1574	12903528
1575	1575	12758008
1576	1576	12825705
1577	1577	12468465
1578	1578	12415498
1579	1579	11828699
1580	1580	11806147
1581	1581	12917886
1582	1582	12710363
1583	1583	13430167
1584	1584	11639315
1585	1585	12048280
1586	1586	12614315
1587	1587	12713262
1588	1588	12605656
1589	1589	13156060
1590	1590	12602949
1591	1591	12384587
1592	1592	12615380
1593	1593	12523765
1594	1594	12085729
1595	1595	12412513
1596	1596	12606387
1597	1597	12623385
1598	1598	11895925
1599	1599	12780748
1600	1600	13563680
1601	1601	12860447
1602	1602	12765482
1603	1603	11989461
1604	1604	12955279
1605	1605	12870801
1606	1606	12337458
1607	1607	13155100
1608	1608	12375023
1609	1609	13855700
1610	1610	13287735
1611	1611	12893839
1612	1612	13120543
1613	1613	12060120
1614	1614	14814871
1615	1615	14498469
1616	1616	14545495
1617	1617	13879464
1618	1618	13370984
1619	1619	12419425
1620	1620	13327904
1621	1621	13431885
1622	1622	14714412
1623	1623	13162564
1624	1624	12785965
1625	1625	13443357
1626	1626	12219059
1627	1627	12943845
1628	1628	12982388
1629	1629	13315651
1630	1630	13472339
1631	1631	14139487
1632	1632	12413260
1633	1633	12661253
1634	1634	12914540
1635	1635	12957987
1636	1636	13455941
1637	1637	13445452
1638	1638	13375316
1639	1639	13363559
1640	1640	12661525
1641	1641	13512044
1642	1642	13298842
1643	1643	13145212
1644	1644	12792118
1645	1645	13747171
1646	1646	13820220
1647	1647	13140673
1648	1648	13613984
1649	1649	12910147
1650	1650	13546117
1651	1651	13449894
1652	1652	13091497
1653	1653	13484063
1654	1654	13625696
1655	1655	13769769
1656	1656	12364366
1657	1657	13624606
1658	1658	13625427
1659	1659	13952555
1660	1660	14122866
1661	1661	17002611
1662	1662	13305554
1663	1663	14146101
1664	1664	13446772
1665	1665	13610853
1666	1666	13652989
1667	1667	13599435
1668	1668	13458726
1669	1669	13647537
1670	1670	12955657
1671	1671	13093419
1672	1672	12902187
1673	1673	13487621
1674	1674	14492541
1675	1675	14305877
1676	1676	13788539
1677	1677	14035915
1678	1678	13730555
1679	1679	14228747
1680	1680	14228076
1681	1681	14467926
1682	1682	13238013
1683	1683	13531748
1684	1684	13903526
1685	1685	14459628
1686	1686	12888996
1687	1687	14022954
1688	1688	13255606
1689	1689	13300829
1690	1690	15419725
1691	1691	14484577
1692	1692	15215389
1693	1693	13008037
1694	1694	14057369
1695	1695	14186834
1696	1696	15323096
1697	1697	14218605
1698	1698	13444013
1699	1699	14541592
1700	1700	13882306
1701	1701	14285724
1702	1702	16957637
1703	1703	14858019
1704	1704	14856968
1705	1705	14647377
1706	1706	13532905
1707	1707	14709709
1708	1708	14439015
1709	1709	13631963
1710	1710	14713842
1711	1711	13738528
1712	1712	13524382
1713	1713	13378842
1714	1714	13437395
1715	1715	13842130
1716	1716	13629391
1717	1717	13564273
1718	1718	14012701
1719	1719	15582062
1720	1720	14737489
1721	1721	13443074
1722	1722	15141110
1723	1723	14158340
1724	1724	13765365
1725	1725	15077759
1726	1726	14654151
1727	1727	13776481
1728	1728	13346596
1729	1729	14064100
1730	1730	14427506
1731	1731	14814520
1732	1732	15056532
1733	1733	14145169
1734	1734	14670875
1735	1735	13463775
1736	1736	14312617
1737	1737	15078173
1738	1738	15015408
1739	1739	15156228
1740	1740	15044270
1741	1741	15421340
1742	1742	15538329
1743	1743	15859990
1744	1744	15379695
1745	1745	15221956
1746	1746	16733467
1747	1747	17995119
1748	1748	15670167
1749	1749	15558380
1750	1750	15712469
1751	1751	15633503
1752	1752	15483944
1753	1753	17206231
1754	1754	15631923
1755	1755	15064429
1756	1756	15556829
1757	1757	14822435
1758	1758	15018646
1759	1759	14467727
1760	1760	14647200
1761	1761	13990085
1762	1762	14890105
1763	1763	15540534
1764	1764	14826625
1765	1765	14538737
1766	1766	15669860
1767	1767	15046272
1768	1768	15118920
1769	1769	15221918
1770	1770	15125388
1771	1771	15249525
1772	1772	15035487
1773	1773	15969910
1774	1774	16412796
1775	1775	16082124
1776	1776	14675896
1777	1777	15479511
1778	1778	15536346
1779	1779	14999501
1780	1780	15782861
1781	1781	14923185
1782	1782	14888970
1783	1783	15585193
1784	1784	15170884
1785	1785	15624412
1786	1786	15782617
1787	1787	15026775
1788	1788	15162955
1789	1789	15528417
1790	1790	15802922
1791	1791	15148079
1792	1792	15235745
1793	1793	18665084
1794	1794	19377549
1795	1795	19028061
1796	1796	19570762
1797	1797	18114048
1798	1798	20017379
1799	1799	17688542
1800	1800	18936830
1801	1801	17237710
1802	1802	18435750
1803	1803	18808461
1804	1804	17502706
1805	1805	17568500
1806	1806	17856219
1807	1807	17856030
1808	1808	18571562
1809	1809	18280713
1810	1810	18456882
1811	1811	18405499
1812	1812	18756830
1813	1813	17322096
1814	1814	16764230
1815	1815	18486585
1816	1816	18866156
1817	1817	17872380
1818	1818	19745278
1819	1819	21078599
1820	1820	17620166
1821	1821	17831628
1822	1822	17818978
1823	1823	17925081
1824	1824	18742755
1825	1825	18651392
1826	1826	19402592
1827	1827	19349822
1828	1828	21181577
1829	1829	17362203
1830	1830	18551494
1831	1831	17479539
1832	1832	19848645
1833	1833	17144932
1834	1834	19553402
1835	1835	20796663
1836	1836	19960043
1837	1837	17918030
1838	1838	17177801
1839	1839	18401360
1840	1840	17641896
1841	1841	17853353
1842	1842	18466556
1843	1843	16982569
1844	1844	20216704
1845	1845	17078423
1846	1846	18580799
1847	1847	18114920
1848	1848	18340365
1849	1849	18241559
1850	1850	18499658
1851	1851	19251716
1852	1852	20117605
1853	1853	18509837
1854	1854	18416916
1855	1855	18398800
1856	1856	17701197
1857	1857	19955045
1858	1858	21172556
1859	1859	18654421
1860	1860	18700081
1861	1861	19457190
1862	1862	21119758
1863	1863	18449020
1864	1864	19417836
1865	1865	20593048
1866	1866	19231027
1867	1867	18232367
1868	1868	17606219
1869	1869	19370997
1870	1870	20354661
1871	1871	18935741
1872	1872	18024514
1873	1873	18644224
1874	1874	19261180
1875	1875	19001126
1876	1876	18606242
1877	1877	19593149
1878	1878	18286634
1879	1879	19253682
1880	1880	19452609
1881	1881	19096082
1882	1882	18830020
1883	1883	19237921
1884	1884	18407977
1885	1885	19556613
1886	1886	18882502
1887	1887	19208267
1888	1888	18563212
1889	1889	18900214
1890	1890	19228927
1891	1891	19590998
1892	1892	18208485
1893	1893	19203764
1894	1894	17738221
1895	1895	19290486
1896	1896	18889402
1897	1897	20345003
1898	1898	19114586
1899	1899	19821160
1900	1900	18858755
1901	1901	20432551
1902	1902	19811235
1903	1903	19643927
1904	1904	19131217
1905	1905	19984903
1906	1906	19144843
1907	1907	19623854
1908	1908	19352781
1909	1909	21699048
1910	1910	21894209
1911	1911	20277693
1912	1912	21168409
1913	1913	20157563
1914	1914	21902606
1915	1915	21078734
1916	1916	21210740
1917	1917	19509749
1918	1918	19774866
1919	1919	20901622
1920	1920	20826048
1921	1921	19711414
1922	1922	19359160
1923	1923	20005050
1924	1924	18867661
1925	1925	20124691
1926	1926	20568775
1927	1927	18999726
1928	1928	20776450
1929	1929	20011800
1930	1930	20195226
1931	1931	19627510
1932	1932	19977687
1933	1933	19698717
1934	1934	19569205
1935	1935	19848960
1936	1936	19592110
1937	1937	20359848
1938	1938	20199471
1939	1939	19978409
1940	1940	20642660
1941	1941	19786547
1942	1942	20208416
1943	1943	19825636
1944	1944	20218980
1945	1945	18882867
1946	1946	19442501
1947	1947	19868605
1948	1948	20712653
1949	1949	19624960
1950	1950	19975039
1951	1951	19988557
1952	1952	20286267
1953	1953	19184919
1954	1954	20674460
1955	1955	19434849
1956	1956	20754127
1957	1957	21293288
1958	1958	20495868
1959	1959	21083401
1960	1960	21200621
1961	1961	20458269
1962	1962	20120938
1963	1963	20792383
1964	1964	20575397
1965	1965	19735757
1966	1966	20193541
1967	1967	21017977
1968	1968	20545054
1969	1969	20971133
1970	1970	20398847
1971	1971	20331997
1972	1972	19316834
1973	1973	20556495
1974	1974	22069185
1975	1975	21167999
1976	1976	21963145
1977	1977	25429944
1978	1978	21363659
1979	1979	23293963
1980	1980	23145075
1981	1981	21706356
1982	1982	21727792
1983	1983	21070470
1984	1984	20062885
1985	1985	21223175
1986	1986	20740732
1987	1987	21401797
1988	1988	20470408
1989	1989	21811463
1990	1990	22291065
1991	1991	22094282
1992	1992	20492767
1993	1993	22322845
1994	1994	21505637
1995	1995	22318216
1996	1996	21873732
1997	1997	21330745
1998	1998	21690864
1999	1999	21393882
2000	2000	21653226
2001	2001	22071647
2002	2002	21894090
2003	2003	22701834
2004	2004	22778746
2005	2005	21750271
2006	2006	22486788
2007	2007	21350283
2008	2008	21142250
2009	2009	20912027
2010	2010	22997036
2011	2011	21816540
2012	2012	21590781
2013	2013	22278069
2014	2014	21184918
2015	2015	21349821
2016	2016	21303004
2017	2017	21313230
2018	2018	22350062
2019	2019	21449055
2020	2020	22077746
2021	2021	21309194
2022	2022	22320510
2023	2023	22409458
2024	2024	20665604
2025	2025	23517716
2026	2026	21641571
2027	2027	21628028
2028	2028	21020943
2029	2029	21479222
2030	2030	22123025
2031	2031	21711007
2032	2032	21871976
2033	2033	22057628
2034	2034	22307190
2035	2035	22037651
2036	2036	21081450
2037	2037	22985748
2038	2038	22105336
2039	2039	23991881
2040	2040	21529706
2041	2041	21919336
2042	2042	21729040
2043	2043	20439072
2044	2044	21989270
2045	2045	20486329
2046	2046	22361054
2047	2047	22881337
2048	2048	22067695
2049	2049	21481682
2050	2050	20251627
2051	2051	21800411
2052	2052	19035101
2053	2053	20592181
2054	2054	20413048
2055	2055	21427644
2056	2056	21595312
2057	2057	21666885
2058	2058	21756522
2059	2059	20281323
2060	2060	19835781
2061	2061	20461819
2062	2062	19768619
2063	2063	21488130
2064	2064	20145284
2065	2065	21033996
2066	2066	20667025
2067	2067	19945603
2068	2068	21027780
2069	2069	21136838
2070	2070	21529730
2071	2071	20649026
2072	2072	21540030
2073	2073	21336498
2074	2074	21446779
2075	2075	21397790
2076	2076	21652017
2077	2077	21758185
2078	2078	22341164
2079	2079	21432715
2080	2080	21328063
2081	2081	21272946
2082	2082	20389559
2083	2083	21014581
2084	2084	22141021
2085	2085	20299236
2086	2086	21312125
2087	2087	20379463
2088	2088	20349128
2089	2089	21177524
2090	2090	21483680
2091	2091	20959448
2092	2092	21822585
2093	2093	22054774
2094	2094	20734699
2095	2095	21320193
2096	2096	21212392
2097	2097	21050072
2098	2098	21550663
2099	2099	21717960
2100	2100	21843218
2101	2101	21091746
2102	2102	21458985
2103	2103	22124385
2104	2104	20411477
2105	2105	20738032
2106	2106	20669780
2107	2107	21869077
2108	2108	21735295
2109	2109	21723865
2110	2110	22285579
2111	2111	21064662
2112	2112	21728670
2113	2113	22594221
2114	2114	22329716
2115	2115	22043173
2116	2116	22169295
2117	2117	21454454
2118	2118	22076197
2119	2119	22478030
2120	2120	21451842
2121	2121	21459998
2122	2122	22125593
2123	2123	22031237
2124	2124	24272015
2125	2125	21968691
2126	2126	23385407
2127	2127	25368256
2128	2128	21773130
2129	2129	23081548
2130	2130	22124214
2131	2131	22750206
2132	2132	22533819
2133	2133	24800259
2134	2134	22623256
2135	2135	22900072
2136	2136	22917430
2137	2137	22288347
2138	2138	21575092
2139	2139	22295880
2140	2140	21823931
2141	2141	20936420
2142	2142	24432554
2143	2143	21551652
2144	2144	23502218
2145	2145	21529891
2146	2146	22732942
2147	2147	21927201
2148	2148	22343804
2149	2149	23057361
2150	2150	22333494
2151	2151	22826762
2152	2152	23438469
2153	2153	21241740
2154	2154	23526438
2155	2155	21330915
2156	2156	22461675
2157	2157	22974984
2158	2158	22141118
2159	2159	23391196
2160	2160	22601356
2161	2161	22048392
2162	2162	22228610
2163	2163	22360365
2164	2164	23256080
2165	2165	23464597
2166	2166	21537609
2167	2167	22733528
2168	2168	22905342
2169	2169	23245893
2170	2170	23187781
2171	2171	22337470
2172	2172	23663669
2173	2173	24054119
2174	2174	28347818
2175	2175	25153570
2176	2176	23118082
2177	2177	24655400
2178	2178	23341931
2179	2179	24216947
2180	2180	25047296
2181	2181	23097972
2182	2182	23941877
2183	2183	24632758
2184	2184	24446532
2185	2185	24175630
2186	2186	24421666
2187	2187	24207562
2188	2188	24196435
2189	2189	24096246
2190	2190	23249242
2191	2191	24842535
2192	2192	22404263
2193	2193	27338213
2194	2194	24330144
2195	2195	23831821
2196	2196	24635256
2197	2197	24691447
2198	2198	24671884
2199	2199	22833022
2200	2200	22190027
2201	2201	23407787
2202	2202	22628020
2203	2203	23583421
2204	2204	22814610
2205	2205	23923613
2206	2206	23433030
2207	2207	22470866
2208	2208	23795176
2209	2209	23455571
2210	2210	23943441
2211	2211	22515573
2212	2212	24254598
2213	2213	23797122
2214	2214	24275556
2215	2215	23772199
2216	2216	24060675
2217	2217	23214840
2218	2218	22762298
2219	2219	24656330
2220	2220	23765490
2221	2221	23790088
2222	2222	24132365
2223	2223	23816347
2224	2224	22868779
2225	2225	27110161
2226	2226	27375921
2227	2227	29516054
2228	2228	23844487
2229	2229	25465644
2230	2230	25173371
2231	2231	25694200
2232	2232	23120306
2233	2233	24257730
2234	2234	24394355
2235	2235	23606427
2236	2236	24288017
2237	2237	26402378
2238	2238	25610946
2239	2239	24061118
2240	2240	25346874
2241	2241	24600028
2242	2242	23652580
2243	2243	24383637
2244	2244	26767339
2245	2245	25337658
2246	2246	24335716
2247	2247	24239486
2248	2248	23590407
2249	2249	25164647
2250	2250	24891016
2251	2251	24229703
2252	2252	24788308
2253	2253	22795116
2254	2254	24574067
2255	2255	24766419
2256	2256	24889025
2257	2257	24912450
2258	2258	24963707
2259	2259	24205500
2260	2260	25549703
2261	2261	25324041
2262	2262	25032883
2263	2263	27102857
2264	2264	26189372
2265	2265	24825028
2266	2266	22338287
2267	2267	22967000
2268	2268	21920387
2269	2269	22354148
2270	2270	22166544
2271	2271	22083211
2272	2272	22307391
2273	2273	22233961
2274	2274	25343379
2275	2275	23774695
2276	2276	23234506
2277	2277	22980317
2278	2278	22867277
2279	2279	25210077
2280	2280	23275477
2281	2281	23747445
2282	2282	23810452
2283	2283	22296755
2284	2284	22842192
2285	2285	23088652
2286	2286	23291633
2287	2287	22923896
2288	2288	22426709
2289	2289	23096661
2290	2290	22622050
2291	2291	22607750
2292	2292	23242702
2293	2293	22619086
2294	2294	23647793
2295	2295	22181254
2296	2296	22867566
2297	2297	22743018
2298	2298	23399128
2299	2299	24513773
2300	2300	23822445
2301	2301	22714311
2302	2302	22474716
2303	2303	22930722
2304	2304	23462520
2305	2305	23276100
2306	2306	23335630
2307	2307	23590348
2308	2308	23527144
2309	2309	23661954
2310	2310	23369539
2311	2311	29056562
2312	2312	23714293
2313	2313	23970032
2314	2314	23656010
2315	2315	23815127
2316	2316	23746623
2317	2317	24254501
2318	2318	24079763
2319	2319	24072832
2320	2320	23896790
2321	2321	24200298
2322	2322	23432145
2323	2323	23917097
2324	2324	23415831
2325	2325	24083750
2326	2326	23874884
2327	2327	23830525
2328	2328	23925880
2329	2329	29674317
2330	2330	24873781
2331	2331	24846933
2332	2332	24021077
2333	2333	24421498
2334	2334	23583740
2335	2335	24306160
2336	2336	26258624
2337	2337	23272713
2338	2338	23752877
2339	2339	23814411
2340	2340	24504747
2341	2341	23805448
2342	2342	28813591
2343	2343	25657258
2344	2344	27577759
2345	2345	24399614
2346	2346	24059051
2347	2347	25429867
2348	2348	24600392
2349	2349	27769322
2350	2350	25849658
2351	2351	25197225
2352	2352	25896254
2353	2353	24996513
2354	2354	25511212
2355	2355	26239297
2356	2356	25263880
2357	2357	25553086
2358	2358	25688891
2359	2359	24634543
2360	2360	24129632
2361	2361	24562802
2362	2362	24895526
2363	2363	26586282
2364	2364	25879411
2365	2365	27104293
2366	2366	28479033
2367	2367	26172040
2368	2368	24810121
2369	2369	24724950
2370	2370	24802996
2371	2371	24790577
2372	2372	24466602
2373	2373	25090886
2374	2374	27747265
2375	2375	25360513
2376	2376	24299722
2377	2377	24147651
2378	2378	25013307
2379	2379	25081948
2380	2380	24914575
2381	2381	25013520
2382	2382	25068724
2383	2383	24934643
2384	2384	26641409
2385	2385	26722295
2386	2386	28889544
2387	2387	26426893
2388	2388	25998032
2389	2389	27504305
2390	2390	31165946
2391	2391	27611656
2392	2392	26193695
2393	2393	25426676
2394	2394	29055139
2395	2395	26617118
2396	2396	25724669
2397	2397	25761656
2398	2398	25124416
2399	2399	27747295
2400	2400	26650318
2401	2401	26594290
2402	2402	25673620
2403	2403	26204150
2404	2404	27958688
2405	2405	25638603
2406	2406	25591249
2407	2407	27542692
2408	2408	26820269
2409	2409	26949392
2410	2410	26366849
2411	2411	26259173
2412	2412	25633676
2413	2413	26898896
2414	2414	25935459
2415	2415	26663676
2416	2416	26739767
2417	2417	26721602
2418	2418	25977340
2419	2419	26272843
2420	2420	27710350
2421	2421	27256492
2422	2422	27332243
2423	2423	26228130
2424	2424	26532924
2425	2425	26529463
2426	2426	27436171
2427	2427	25925076
2428	2428	26382960
2429	2429	32451624
2430	2430	26380214
2431	2431	30815593
2432	2432	26273766
2433	2433	27641858
2434	2434	26591134
2435	2435	26361101
2436	2436	26705501
2437	2437	26626334
2438	2438	26968673
2439	2439	27649340
2440	2440	26505088
2441	2441	26176632
2442	2442	26684097
2443	2443	29082097
2444	2444	27203233
2445	2445	31645591
2446	2446	28530240
2447	2447	27058189
2448	2448	27116938
2449	2449	28515753
2450	2450	31556327
2451	2451	26912324
2452	2452	27039140
2453	2453	26767481
2454	2454	29009692
2455	2455	27956128
2456	2456	28207358
2457	2457	27533290
2458	2458	34896245
2459	2459	27128850
2460	2460	27631836
2461	2461	27164178
2462	2462	27759544
2463	2463	32547042
2464	2464	27847940
2465	2465	32386377
2466	2466	26989621
2467	2467	28427062
2468	2468	27214026
2469	2469	26807896
2470	2470	27537443
2471	2471	27841812
2472	2472	26655405
2473	2473	27200936
2474	2474	27554089
2475	2475	29118178
2476	2476	27507559
2477	2477	28336702
2478	2478	27312830
2479	2479	27166472
2480	2480	27336190
2481	2481	27565554
2482	2482	28505996
2483	2483	28914887
2484	2484	27846131
2485	2485	27473593
2486	2486	27601014
2487	2487	27337335
2488	2488	30730995
2489	2489	29927463
2490	2490	29132921
2491	2491	28216610
2492	2492	27373494
2493	2493	28332482
2494	2494	29183915
2495	2495	30014069
2496	2496	29248451
2497	2497	28010929
2498	2498	29115193
2499	2499	29089367
2500	2500	29241078
