100	100	241
101	101	224
102	102	283
103	103	248
104	104	266
105	105	243
106	106	289
107	107	260
108	108	282
109	109	282
110	110	271
111	111	304
112	112	231
113	113	413
114	114	303
115	115	2185
116	116	318
117	117	437
118	118	345
119	119	283
120	120	281
121	121	615
122	122	282
123	123	277
124	124	290
125	125	213
126	126	245
127	127	207
128	128	876
129	129	263
130	130	1291
131	131	209
132	132	441
133	133	370
134	134	237
135	135	243
136	136	291
137	137	233
138	138	224
139	139	325
140	140	226
141	141	267
142	142	386
143	143	294
144	144	315
145	145	230
146	146	102303
147	147	289
148	148	911
149	149	312
150	150	804
151	151	375
152	152	1210
153	153	582
154	154	369
155	155	316
156	156	3201
157	157	351
158	158	10797
159	159	1255
160	160	671
161	161	2278
162	162	457
163	163	508
164	164	352
165	165	187863
166	166	256
167	167	265
168	168	2650
169	169	326
170	170	422
171	171	408
172	172	366
173	173	394
174	174	343
175	175	319
176	176	357
177	177	299
178	178	385
179	179	483
180	180	1296
181	181	442
182	182	1104
183	183	382
184	184	360
185	185	436
186	186	336
187	187	320
188	188	1058
189	189	349
190	190	479
191	191	275
192	192	823
193	193	511
194	194	152060
195	195	312
196	196	537
197	197	505
198	198	315
199	199	407
200	200	332
201	201	406
202	202	446
203	203	398
204	204	368
205	205	438
206	206	322
207	207	3154
208	208	971
209	209	3998
210	210	465
211	211	420
212	212	1088
213	213	721
214	214	6852
215	215	458
216	216	510
217	217	452
218	218	527
219	219	471
220	220	428
221	221	4011
222	222	4426
223	223	1405
224	224	703
225	225	1067
226	226	1303
227	227	460
228	228	668
229	229	1082
230	230	1624
231	231	604
232	232	551
233	233	799
234	234	442
235	235	883
236	236	409
237	237	390
238	238	465
239	239	351
240	240	563
241	241	1862
242	242	616
243	243	434
244	244	619
245	245	6183
246	246	339
247	247	558
248	248	437
249	249	533
250	250	485
251	251	472
252	252	286
253	253	520
254	254	762
255	255	641
256	256	17601
257	257	292
258	258	445
259	259	459
260	260	20965
261	261	37785
262	262	3820
263	263	3430
264	264	585
265	265	560
266	266	29663
267	267	416
268	268	456
269	269	614
270	270	3506
271	271	558
272	272	950
273	273	5186
274	274	1177
275	275	453
276	276	2522
277	277	1058
278	278	4598
279	279	2470
280	280	585
281	281	2168
282	282	3005
283	283	225072
284	284	312
285	285	899
286	286	1023
287	287	632
288	288	513
289	289	1226
290	290	408
291	291	2736
292	292	506
293	293	543
294	294	1075
295	295	518
296	296	1697
297	297	463
298	298	1772
299	299	1080
300	300	518
301	301	609
302	302	1409
303	303	1797
304	304	2096
305	305	210344
306	306	101930
307	307	1296
308	308	6191
309	309	652
310	310	2091
311	311	542
312	312	637
313	313	705
314	314	3165
315	315	2736
316	316	1028
317	317	1088
318	318	929
319	319	863
320	320	40108
321	321	2229
322	322	1684
323	323	1727
324	324	1554
325	325	1920
326	326	2100
327	327	6332
328	328	701
329	329	3543
330	330	702
331	331	1240
332	332	547
333	333	28551
334	334	903
335	335	1456
336	336	1376
337	337	646
338	338	977
339	339	667
340	340	527
341	341	5442
342	342	5611
343	343	611
344	344	551
345	345	642
346	346	846
347	347	844
348	348	1652
349	349	596
350	350	92791
351	351	30699
352	352	3172
353	353	836
354	354	1116
355	355	561
356	356	3361
357	357	870
358	358	701
359	359	613
360	360	543
361	361	652
362	362	883
363	363	669
364	364	640
365	365	684
366	366	586
367	367	720
368	368	970
369	369	560
370	370	6747
371	371	833
372	372	2096
373	373	8082
374	374	4574
375	375	3271
376	376	3542
377	377	2859
378	378	7840
379	379	11990
380	380	21115
381	381	656
382	382	29759
383	383	638
384	384	8764
385	385	2842
386	386	657
387	387	36289
388	388	567
389	389	4553
390	390	56752
391	391	832
392	392	7098
393	393	732
394	394	466
395	395	475
396	396	927
397	397	1152
398	398	911
399	399	4674
400	400	814
401	401	5244
402	402	579
403	403	865
404	404	38987
405	405	1066
406	406	112335
407	407	1075
408	408	976
409	409	721
410	410	1350
411	411	781
412	412	1331
413	413	846
414	414	881
415	415	1389
416	416	12330
417	417	715
418	418	1481
419	419	4271
420	420	2386
421	421	2385
422	422	742
423	423	3571
424	424	860
425	425	804
426	426	575
427	427	1656
428	428	660
429	429	667
430	430	1655
431	431	736
432	432	850
433	433	760
434	434	1847
435	435	891
436	436	568
437	437	2042
438	438	863
439	439	684
440	440	1889
441	441	746
442	442	847
443	443	1765
444	444	1924
445	445	7885
446	446	875
447	447	776
448	448	34148
449	449	11184
450	450	15622
451	451	1333
452	452	1146
453	453	4808
454	454	774
455	455	652
456	456	43666
457	457	6144
458	458	701
459	459	8826
460	460	1862
461	461	834
462	462	931
463	463	1150
464	464	9655
465	465	633
466	466	829
467	467	44281
468	468	5777
469	469	1237
470	470	685
471	471	1821
472	472	2668
473	473	1184
474	474	7693
475	475	2033
476	476	4966
477	477	785
478	478	840
479	479	33307
480	480	1406
481	481	720
482	482	887
483	483	1684
484	484	11352
485	485	714
486	486	1041
487	487	2234
488	488	947
489	489	1761
490	490	1155
491	491	1733
492	492	783
493	493	4555
494	494	2568
495	495	650
496	496	1488
497	497	605
498	498	2012
499	499	1545
500	500	1486
501	501	1939
502	502	1362
503	503	1189
504	504	1737
505	505	1571
506	506	1165
507	507	967
508	508	3194
509	509	6697
510	510	2500
511	511	2979
512	512	4714
513	513	2514
514	514	1114
515	515	5667
516	516	661
517	517	730
518	518	749
519	519	11668
520	520	747
521	521	1624
522	522	785
523	523	771
524	524	193184
525	525	811
526	526	4311
527	527	1454
528	528	1129
529	529	1932
530	530	3004
531	531	1048
532	532	2881
533	533	185271
534	534	1546
535	535	2370
536	536	1065
537	537	47825
538	538	919
539	539	5072
540	540	1733
541	541	6670
542	542	3709
543	543	871
544	544	5568
545	545	6417
546	546	4956
547	547	904
548	548	689
549	549	2978
550	550	3617
551	551	1293
552	552	1241
553	553	835
554	554	1241
555	555	3304
556	556	1022
557	557	1115
558	558	147611
559	559	905
560	560	5163
561	561	1515
562	562	1960
563	563	750
564	564	1235
565	565	2427
566	566	857
567	567	974
568	568	769
569	569	934
570	570	1603
571	571	12476
572	572	1449
573	573	724
574	574	861
575	575	1022
576	576	4812
577	577	918
578	578	842
579	579	1121
580	580	955
581	581	4267
582	582	3664
583	583	3844
584	584	11829
585	585	4553
586	586	1135
587	587	858
588	588	3868
589	589	737
590	590	650
591	591	907
592	592	3709
593	593	747
594	594	5041
595	595	3182
596	596	1517
597	597	5065
598	598	914
599	599	883
600	600	2819
601	601	1089
602	602	1262
603	603	1300
604	604	1548
605	605	1375
606	606	979
607	607	6225
608	608	1301
609	609	4125
610	610	5262
611	611	3651
612	612	1154
613	613	8173
614	614	1517
615	615	3922
616	616	1241
617	617	1089
618	618	6939
619	619	2399
620	620	221202
621	621	1081
622	622	2693
623	623	1146
624	624	1455
625	625	3351
626	626	1341
627	627	1939
628	628	1132
629	629	906
630	630	8355
631	631	1224
632	632	1108
633	633	1078
634	634	1985
635	635	788
636	636	1503
637	637	764
638	638	1358
639	639	3212
640	640	37056
641	641	3284
642	642	11735
643	643	1012
644	644	1457
645	645	1003
646	646	5845
647	647	723
648	648	3711
649	649	2122
650	650	1755
651	651	1814
652	652	2158
653	653	1065
654	654	1580
655	655	1119
656	656	1182
657	657	10406
658	658	1135
659	659	1452
660	660	36630
661	661	984
662	662	1424
663	663	6114
664	664	3126
665	665	2173
666	666	1861
667	667	2550
668	668	130740
669	669	4201
670	670	1057
671	671	1646
672	672	1984
673	673	7902
674	674	1223
675	675	1295
676	676	1134
677	677	40340
678	678	17015
679	679	22611
680	680	1170
681	681	1020
682	682	4428
683	683	1159
684	684	987
685	685	3101
686	686	37439
687	687	3390
688	688	3060
689	689	2732
690	690	158403
691	691	2187
692	692	1139
693	693	912
694	694	828
695	695	1085
696	696	1577
697	697	1279
698	698	1364
699	699	3651
700	700	5659
701	701	1647
702	702	1002
703	703	1400
704	704	1035
705	705	1507
706	706	1359
707	707	1155
708	708	1431
709	709	1669
710	710	2203
711	711	1352
712	712	949
713	713	1088
714	714	1513
715	715	1118
716	716	1711
717	717	1163
718	718	1513
719	719	1674
720	720	1948
721	721	1567
722	722	1196
723	723	3247
724	724	5353
725	725	1232
726	726	2686
727	727	1522
728	728	4270
729	729	6188
730	730	4563
731	731	905
732	732	825
733	733	1435
734	734	1163
735	735	886
736	736	1679
737	737	1568
738	738	1174
739	739	137551
740	740	3277
741	741	2117
742	742	921
743	743	1223
744	744	1226
745	745	3788
746	746	10365
747	747	3003
748	748	1001
749	749	1225
750	750	907
751	751	1488
752	752	2690
753	753	1111
754	754	837
755	755	2252
756	756	3162
757	757	9318
758	758	1447
759	759	1176
760	760	2333
761	761	1287
762	762	1122
763	763	1806
764	764	1338
765	765	42205
766	766	1533
767	767	2845
768	768	1165
769	769	972
770	770	1654
771	771	1465
772	772	7721
773	773	2111
774	774	1119
775	775	2089
776	776	73339
777	777	1319
778	778	5242
779	779	3275
780	780	1151
781	781	1924
782	782	1389
783	783	987
784	784	1115
785	785	1329
786	786	3182
787	787	3556
788	788	1088
789	789	2981
790	790	1417
791	791	3085
792	792	4373
793	793	1465
794	794	1272
795	795	2263
796	796	1513
797	797	4842
798	798	1437
799	799	1056
800	800	1622
801	801	3593
802	802	5030
803	803	1633
804	804	1482
805	805	1195
806	806	5564
807	807	23073
808	808	2007
809	809	1263
810	810	994
811	811	1531
812	812	1185
813	813	1547
814	814	39603
815	815	1321
816	816	1631
817	817	8442
818	818	1727
819	819	1010
820	820	1936
821	821	5994
822	822	1738
823	823	2044
824	824	6548
825	825	1568
826	826	1850
827	827	1670
828	828	862
829	829	7687
830	830	1601
831	831	1845
832	832	9534
833	833	1389
834	834	1313
835	835	5773
836	836	1563
837	837	12241
838	838	1242
839	839	926
840	840	7549
841	841	1194
842	842	1631
843	843	10628
844	844	1556
845	845	212537
846	846	1873
847	847	1747
848	848	1555
849	849	47369
850	850	1733
851	851	1157
852	852	1558
853	853	1414
854	854	7912
855	855	3171
856	856	3028
857	857	1329
858	858	1090
859	859	2925
860	860	1113
861	861	1621
862	862	1353
863	863	1902
864	864	1258
865	865	2892
866	866	2310
867	867	2349
868	868	9687
869	869	2786
870	870	3357
871	871	1926
872	872	2573
873	873	2679
874	874	2594
875	875	2248
876	876	3677
877	877	2688
878	878	1892
879	879	2089
880	880	70688
881	881	3235
882	882	2111
883	883	2877
884	884	2124
885	885	2654
886	886	2476
887	887	4413
888	888	2074
889	889	3508
890	890	2428
891	891	2313
892	892	2433
893	893	2048
894	894	1950
895	895	2064
896	896	3110
897	897	49578
898	898	1947
899	899	2525
900	900	4382
901	901	2297
902	902	2511
903	903	1986
904	904	2318
905	905	34631
906	906	2359
907	907	5697
908	908	2083
909	909	2645
910	910	2793
911	911	18846
912	912	7726
913	913	4226
914	914	5554
915	915	4288
916	916	2463
917	917	2565
918	918	2708
919	919	3067
920	920	4091
921	921	2881
922	922	2601
923	923	3697
924	924	3475
925	925	322447
926	926	14610
927	927	1953
928	928	2138
929	929	3094
930	930	2080
931	931	2602
932	932	2955
933	933	3329
934	934	1989
935	935	2131
936	936	4821
937	937	2932
938	938	4526
939	939	3023
940	940	6487
941	941	4420
942	942	2670
943	943	3180
944	944	3056
945	945	2516
946	946	2569
947	947	64832
948	948	3723
949	949	6391
950	950	2873
951	951	4230
952	952	3902
953	953	2984
954	954	5037
955	955	2794
956	956	8990
957	957	3069
958	958	2896
959	959	2974
960	960	4805
961	961	3378
962	962	3615
963	963	8636
964	964	2889
965	965	2798
966	966	2676
967	967	2522
968	968	3966
969	969	2663
970	970	2323
971	971	10080
972	972	2252
973	973	2473
974	974	3395
975	975	2115065
976	976	3609
977	977	11480
978	978	2612
979	979	2183
980	980	3032
981	981	2708
982	982	2428
983	983	3284
984	984	2253
985	985	1849
986	986	2159
987	987	3398
988	988	3109
989	989	2473
990	990	2161
991	991	3451
992	992	5575
993	993	2082
994	994	2500
995	995	2029
996	996	2963
997	997	3297
998	998	2019
999	999	2300
1000	1000	2085
1001	1001	2115
1002	1002	2376
1003	1003	3131
1004	1004	2142
1005	1005	3235
1006	1006	44723
1007	1007	292391
1008	1008	2152
1009	1009	3966
1010	1010	2869
1011	1011	3127
1012	1012	252524
1013	1013	3015
1014	1014	4747
1015	1015	2108
1016	1016	2659
1017	1017	28502
1018	1018	10849
1019	1019	3029
1020	1020	3469
1021	1021	3054
1022	1022	53449
1023	1023	3175
1024	1024	2105
1025	1025	16868
1026	1026	1235
1027	1027	2540
1028	1028	1799
1029	1029	3378
1030	1030	1598
1031	1031	2443
1032	1032	1428
1033	1033	1237
1034	1034	3799
1035	1035	3520
1036	1036	100587
1037	1037	2590
1038	1038	10293
1039	1039	27488
1040	1040	3079
1041	1041	7731
1042	1042	1170
1043	1043	1979
1044	1044	36320
1045	1045	2517
1046	1046	2077
1047	1047	1312
1048	1048	2139
1049	1049	2874
1050	1050	1383
1051	1051	9351
1052	1052	3364
1053	1053	2479
1054	1054	1755
1055	1055	1971
1056	1056	1379
1057	1057	7870
1058	1058	3628
1059	1059	1113
1060	1060	2809
1061	1061	10502
1062	1062	1782
1063	1063	3746
1064	1064	2065
1065	1065	9426
1066	1066	6336
1067	1067	1860
1068	1068	8996
1069	1069	2306
1070	1070	1233
1071	1071	2186
1072	1072	2485
1073	1073	7585
1074	1074	1985
1075	1075	1891
1076	1076	2077
1077	1077	3083
1078	1078	1297
1079	1079	8125
1080	1080	3127
1081	1081	3627
1082	1082	2260
1083	1083	15716
1084	1084	2196
1085	1085	2119
1086	1086	2343
1087	1087	3795
1088	1088	1334
1089	1089	1785
1090	1090	47109
1091	1091	5473
1092	1092	4111
1093	1093	3767
1094	1094	3183
1095	1095	2235
1096	1096	1432
1097	1097	3178
1098	1098	1449
1099	1099	1420
1100	1100	2092
1101	1101	2207
1102	1102	2535
1103	1103	9455
1104	1104	2143
1105	1105	4956
1106	1106	2706
1107	1107	7109
1108	1108	2600
1109	1109	8621
1110	1110	1417
1111	1111	2782
1112	1112	1835
1113	1113	11424
1114	1114	110951
1115	1115	2693
1116	1116	1315
1117	1117	3688
1118	1118	2209
1119	1119	1496
1120	1120	2350
1121	1121	1394
1122	1122	3092
1123	1123	1413
1124	1124	1270
1125	1125	1306
1126	1126	2227
1127	1127	1816
1128	1128	8869
1129	1129	1934
1130	1130	2442
1131	1131	2009
1132	1132	140501
1133	1133	1988
1134	1134	3656
1135	1135	2397
1136	1136	3050
1137	1137	3764
1138	1138	7578
1139	1139	2375
1140	1140	7514
1141	1141	2167
1142	1142	5659
1143	1143	2491
1144	1144	2802
1145	1145	4660
1146	1146	8569
1147	1147	4484
1148	1148	3935
1149	1149	3127
1150	1150	9253
1151	1151	6604
1152	1152	2006
1153	1153	2612
1154	1154	1701
1155	1155	1262
1156	1156	2393
1157	1157	3698
1158	1158	11481
1159	1159	2279
1160	1160	2572
1161	1161	3805
1162	1162	3575
1163	1163	3879
1164	1164	1806
1165	1165	2376
1166	1166	3137
1167	1167	9964
1168	1168	2809
1169	1169	2867
1170	1170	1525
1171	1171	2216
1172	1172	1542
1173	1173	1350
1174	1174	1457
1175	1175	2326
1176	1176	2164
1177	1177	2570
1178	1178	2099
1179	1179	3406
1180	1180	4250
1181	1181	1550
1182	1182	7936
1183	1183	2086
1184	1184	2307
1185	1185	8529
1186	1186	2092
1187	1187	1619
1188	1188	1920
1189	1189	3235
1190	1190	2748
1191	1191	2917
1192	1192	2802
1193	1193	2068
1194	1194	17194
1195	1195	1986
1196	1196	2654
1197	1197	2396
1198	1198	1897
1199	1199	34876
1200	1200	3270
1201	1201	3125
1202	1202	3040
1203	1203	3161
1204	1204	3875
1205	1205	3190
1206	1206	1654
1207	1207	2316
1208	1208	3914
1209	1209	2719
1210	1210	1820
1211	1211	3426
1212	1212	1523
1213	1213	3839
1214	1214	2948
1215	1215	7663
1216	1216	8424
1217	1217	12787
1218	1218	10166
1219	1219	2789
1220	1220	2884
1221	1221	66754
1222	1222	3095
1223	1223	6958
1224	1224	1557
1225	1225	2950
1226	1226	6167
1227	1227	2344
1228	1228	2157
1229	1229	4172
1230	1230	2021
1231	1231	9301
1232	1232	1600
1233	1233	2256
1234	1234	2288
1235	1235	1560
1236	1236	9251
1237	1237	7497
1238	1238	6651
1239	1239	32740
1240	1240	1859
1241	1241	9792
1242	1242	3772
1243	1243	1760
1244	1244	2877
1245	1245	1814
1246	1246	2711
1247	1247	11496
1248	1248	1791
1249	1249	1604
1250	1250	2030
1251	1251	3156
1252	1252	6522
1253	1253	13287
1254	1254	2583
1255	1255	3189
1256	1256	30685
1257	1257	6372
1258	1258	7858
1259	1259	8279
1260	1260	1986
1261	1261	2552
1262	1262	3192
1263	1263	8790
1264	1264	3239
1265	1265	3008
1266	1266	8463
1267	1267	10504
1268	1268	4239
1269	1269	4979
1270	1270	5635
1271	1271	195354
1272	1272	2514
1273	1273	2824
1274	1274	2375
1275	1275	1890
1276	1276	2736
1277	1277	2374
1278	1278	4931
1279	1279	3046
1280	1280	4047
1281	1281	2040
1282	1282	2408
1283	1283	3836
1284	1284	6075
1285	1285	3130
1286	1286	1754
1287	1287	2873
1288	1288	1372
1289	1289	2304
1290	1290	2227
1291	1291	2999
1292	1292	1631
1293	1293	5267
1294	1294	1951
1295	1295	2857
1296	1296	7533
1297	1297	5916
1298	1298	2507
1299	1299	3523
1300	1300	9018
1301	1301	2039
1302	1302	2518
1303	1303	1989
1304	1304	6664
1305	1305	4216
1306	1306	11626
1307	1307	6655
1308	1308	4125
1309	1309	3271
1310	1310	6674
1311	1311	5351
1312	1312	2339
1313	1313	4164
1314	1314	2391
1315	1315	2863
1316	1316	2359
1317	1317	13471
1318	1318	2716
1319	1319	107296
1320	1320	3883
1321	1321	1641
1322	1322	1657
1323	1323	53575
1324	1324	3226
1325	1325	1860
1326	1326	9609
1327	1327	10123
1328	1328	10899
1329	1329	7997
1330	1330	3735
1331	1331	8389
1332	1332	3255
1333	1333	4656
1334	1334	6245
1335	1335	18373
1336	1336	9328
1337	1337	2584
1338	1338	3541
1339	1339	2628
1340	1340	2762
1341	1341	2385
1342	1342	2463
1343	1343	11571
1344	1344	13227
1345	1345	11329
1346	1346	49497
1347	1347	7698
1348	1348	2702
1349	1349	4042
1350	1350	4940
1351	1351	2415
1352	1352	5153
1353	1353	7121
1354	1354	2427
1355	1355	12618
1356	1356	7531
1357	1357	2542
1358	1358	24831
1359	1359	15384
1360	1360	2976
1361	1361	2788
1362	1362	5330
1363	1363	45355
1364	1364	4965
1365	1365	2820
1366	1366	8245
1367	1367	11006
1368	1368	6197
1369	1369	2596
1370	1370	3257
1371	1371	2764
1372	1372	4052
1373	1373	2859
1374	1374	7768
1375	1375	5469
1376	1376	2182
1377	1377	3509
1378	1378	3232
1379	1379	7314
1380	1380	6997
1381	1381	3065
1382	1382	3730
1383	1383	5410
1384	1384	4125
1385	1385	3322
1386	1386	3923
1387	1387	21123
1388	1388	2440
1389	1389	4876
1390	1390	6235
1391	1391	3075
1392	1392	13455
1393	1393	2356
1394	1394	16364
1395	1395	10100
1396	1396	4091
1397	1397	6652
1398	1398	8092
1399	1399	19454
1400	1400	12605
1401	1401	4533
1402	1402	7808
1403	1403	5563
1404	1404	12914
1405	1405	5980
1406	1406	18610
1407	1407	3376
1408	1408	8513
1409	1409	4285
1410	1410	50622
1411	1411	3243
1412	1412	5929
1413	1413	9692
1414	1414	7733
1415	1415	15678
1416	1416	3300
1417	1417	8732
1418	1418	2961
1419	1419	3439
1420	1420	5975
1421	1421	9598
1422	1422	106903
1423	1423	3367
1424	1424	27452
1425	1425	4201
1426	1426	13080
1427	1427	26480
1428	1428	5017
1429	1429	3521
1430	1430	26596
1431	1431	5595
1432	1432	3599
1433	1433	1754
1434	1434	2513
1435	1435	6063
1436	1436	3815
1437	1437	1651
1438	1438	3008
1439	1439	2757
1440	1440	3697
1441	1441	10682
1442	1442	2427
1443	1443	6831
1444	1444	2786
1445	1445	1935
1446	1446	3571
1447	1447	2472
1448	1448	1730
1449	1449	1858
1450	1450	3614
1451	1451	6680
1452	1452	5659
1453	1453	2880
1454	1454	2945
1455	1455	4027
1456	1456	2014
1457	1457	8545
1458	1458	3385
1459	1459	6015
1460	1460	9152
1461	1461	6566
1462	1462	4412
1463	1463	6051
1464	1464	3382
1465	1465	5311
1466	1466	5772
1467	1467	2491
1468	1468	2927
1469	1469	4344
1470	1470	6742
1471	1471	37636
1472	1472	3416
1473	1473	5468
1474	1474	3558
1475	1475	7520
1476	1476	5203
1477	1477	3817
1478	1478	3183
1479	1479	6552
1480	1480	4653
1481	1481	10049
1482	1482	13217
1483	1483	25620
1484	1484	9517
1485	1485	10393
1486	1486	4748
1487	1487	3943
1488	1488	2195
1489	1489	5388
1490	1490	3564
1491	1491	8598
1492	1492	2737
1493	1493	3158
1494	1494	7312
1495	1495	3244
1496	1496	6912
1497	1497	2115
1498	1498	5083
1499	1499	6771
1500	1500	4508
1501	1501	9500
1502	1502	3848
1503	1503	2660
1504	1504	58761
1505	1505	3364
1506	1506	60092
1507	1507	3145
1508	1508	3973
1509	1509	4132
1510	1510	8481
1511	1511	1833
1512	1512	12027
1513	1513	6080
1514	1514	3792
1515	1515	10286
1516	1516	7935
1517	1517	3612
1518	1518	120569
1519	1519	2041
1520	1520	3313
1521	1521	6278
1522	1522	3787
1523	1523	3489
1524	1524	2497
1525	1525	9739
1526	1526	4217
1527	1527	5872
1528	1528	3316
1529	1529	2913
1530	1530	3800
1531	1531	20887
1532	1532	5175
1533	1533	7221
1534	1534	7906
1535	1535	3551
1536	1536	7830
1537	1537	2848
1538	1538	7935
1539	1539	15050
1540	1540	2127
1541	1541	6986
1542	1542	4690
1543	1543	8359
1544	1544	4799
1545	1545	3810
1546	1546	6070
1547	1547	3333
1548	1548	6018
1549	1549	3531
1550	1550	5168
1551	1551	4289
1552	1552	9480
1553	1553	3989
1554	1554	15986
1555	1555	4367
1556	1556	3589
1557	1557	3132
1558	1558	2968
1559	1559	2878
1560	1560	5699
1561	1561	11122
1562	1562	3776
1563	1563	8959
1564	1564	6444
1565	1565	13893
1566	1566	2715
1567	1567	5567
1568	1568	7927
1569	1569	4409
1570	1570	13556
1571	1571	3294
1572	1572	4800
1573	1573	12891
1574	1574	3075
1575	1575	2642
1576	1576	2580
1577	1577	6311
1578	1578	5008
1579	1579	4798
1580	1580	13568
1581	1581	8129
1582	1582	3242
1583	1583	12756
1584	1584	3313
1585	1585	4345
1586	1586	6664
1587	1587	2755
1588	1588	3921
1589	1589	11775
1590	1590	49895
1591	1591	10058
1592	1592	2474
1593	1593	5045
1594	1594	5105
1595	1595	7331
1596	1596	14220
1597	1597	3989
1598	1598	2313
1599	1599	4304
1600	1600	11879
1601	1601	14362
1602	1602	3346
1603	1603	3272
1604	1604	2846
1605	1605	2905
1606	1606	2862
1607	1607	48002
1608	1608	7528
1609	1609	3467
1610	1610	5267
1611	1611	10706
1612	1612	8859
1613	1613	6998
1614	1614	5826
1615	1615	3593
1616	1616	51870
1617	1617	6421
1618	1618	17113
1619	1619	5607
1620	1620	3434
1621	1621	126226
1622	1622	6961
1623	1623	7185
1624	1624	12318
1625	1625	7121
1626	1626	8034
1627	1627	4033
1628	1628	14192
1629	1629	3439
1630	1630	7723
1631	1631	16464
1632	1632	13914
1633	1633	12733
1634	1634	3083
1635	1635	7682
1636	1636	9292
1637	1637	18421
1638	1638	5686
1639	1639	3071
1640	1640	6010
1641	1641	12144
1642	1642	39259
1643	1643	6741
1644	1644	4538
1645	1645	7312
1646	1646	3372
1647	1647	4700
1648	1648	6979
1649	1649	8798
1650	1650	6101
1651	1651	10438
1652	1652	4190
1653	1653	6421
1654	1654	2978
1655	1655	7506
1656	1656	9245
1657	1657	2389
1658	1658	5403
1659	1659	3227
1660	1660	10861
1661	1661	11750
1662	1662	2144
1663	1663	5627
1664	1664	2439
1665	1665	14216
1666	1666	3762
1667	1667	3552
1668	1668	11552
1669	1669	3428
1670	1670	3183
1671	1671	3398
1672	1672	5488
1673	1673	9766
1674	1674	3471
1675	1675	11393
1676	1676	5391
1677	1677	9431
1678	1678	3266
1679	1679	45285
1680	1680	2523
1681	1681	3658
1682	1682	14414
1683	1683	7431
1684	1684	2932
1685	1685	5789
1686	1686	4132
1687	1687	3096
1688	1688	4058
1689	1689	5520
1690	1690	7130
1691	1691	6773
1692	1692	19348
1693	1693	46825
1694	1694	4830
1695	1695	6095
1696	1696	8718
1697	1697	5925
1698	1698	18845
1699	1699	2357
1700	1700	22907
1701	1701	2359
1702	1702	6472
1703	1703	4597
1704	1704	9970
1705	1705	7303
1706	1706	20482
1707	1707	3937
1708	1708	15282
1709	1709	3922
1710	1710	9544
1711	1711	9195
1712	1712	9545
1713	1713	4216
1714	1714	3350
1715	1715	3562
1716	1716	8994
1717	1717	7674
1718	1718	2709
1719	1719	3055
1720	1720	3550
1721	1721	2274
1722	1722	11764
1723	1723	3451
1724	1724	5636
1725	1725	2872
1726	1726	12436
1727	1727	5492
1728	1728	2463
1729	1729	2190
1730	1730	4950
1731	1731	7029
1732	1732	382933
1733	1733	6819
1734	1734	4322
1735	1735	10820
1736	1736	3407
1737	1737	14277
1738	1738	3388
1739	1739	6408
1740	1740	15379
1741	1741	3641
1742	1742	17708
1743	1743	12194
1744	1744	3735
1745	1745	32558
1746	1746	3979
1747	1747	11454
1748	1748	5782
1749	1749	17384
1750	1750	3348
1751	1751	18970
1752	1752	6758
1753	1753	14178
1754	1754	4748
1755	1755	30439
1756	1756	3681
1757	1757	9831
1758	1758	4773
1759	1759	3998
1760	1760	6743
1761	1761	3343
1762	1762	7935
1763	1763	47374
1764	1764	147288
1765	1765	13099
1766	1766	12936
1767	1767	50977
1768	1768	10109
1769	1769	7038
1770	1770	4137
1771	1771	4842
1772	1772	11413
1773	1773	7971
1774	1774	2875
1775	1775	31409
1776	1776	4365
1777	1777	12616
1778	1778	8915
1779	1779	5816
1780	1780	81358
1781	1781	11159
1782	1782	3047
1783	1783	7078
1784	1784	3645
1785	1785	3949
1786	1786	2824
1787	1787	17659
1788	1788	2574
1789	1789	20301
1790	1790	49018
1791	1791	3550
1792	1792	2436
1793	1793	7845
1794	1794	49761
1795	1795	7026
1796	1796	9122
1797	1797	9439
1798	1798	7425
1799	1799	5750
1800	1800	8959
1801	1801	5382
1802	1802	8714
1803	1803	32097
1804	1804	6425
1805	1805	21976
1806	1806	5593
1807	1807	7071
1808	1808	4593
1809	1809	12592
1810	1810	3594
1811	1811	9137
1812	1812	6184
1813	1813	13386
1814	1814	7259
1815	1815	21035
1816	1816	4330
1817	1817	7029
1818	1818	5605
1819	1819	9032
1820	1820	4917
1821	1821	6333
1822	1822	4966
1823	1823	11107
1824	1824	4642
1825	1825	4271
1826	1826	7985
1827	1827	10473
1828	1828	5299
1829	1829	27169
1830	1830	11497
1831	1831	14210
1832	1832	11232
1833	1833	5459
1834	1834	13099
1835	1835	7269
1836	1836	8096
1837	1837	10552
1838	1838	6205
1839	1839	4582
1840	1840	6783
1841	1841	6405
1842	1842	4622
1843	1843	5265
1844	1844	6672
1845	1845	9246
1846	1846	6353
1847	1847	12640
1848	1848	10504
1849	1849	7371
1850	1850	8323
1851	1851	12054
1852	1852	14374
1853	1853	15859
1854	1854	8815
1855	1855	9120
1856	1856	17331
1857	1857	11201
1858	1858	9101
1859	1859	4973
1860	1860	5989
1861	1861	14149
1862	1862	15930
1863	1863	7827
1864	1864	22374
1865	1865	15753
1866	1866	5517
1867	1867	5197
1868	1868	41083
1869	1869	6423
1870	1870	5779
1871	1871	5181
1872	1872	7676
1873	1873	6287
1874	1874	9520
1875	1875	6728
1876	1876	9436
1877	1877	27234
1878	1878	8270
1879	1879	5691
1880	1880	58347
1881	1881	56961
1882	1882	28856
1883	1883	18677
1884	1884	9248
1885	1885	35880
1886	1886	4799
1887	1887	8018
1888	1888	8525
1889	1889	7193
1890	1890	28321
1891	1891	25028
1892	1892	95652
1893	1893	6519
1894	1894	19050
1895	1895	11582
1896	1896	12269
1897	1897	49170
1898	1898	8705
1899	1899	7770
1900	1900	13286
1901	1901	12719
1902	1902	8464
1903	1903	6439
1904	1904	10217
1905	1905	7190
1906	1906	9348
1907	1907	8337
1908	1908	9833
1909	1909	12879
1910	1910	7320
1911	1911	7049
1912	1912	8527
1913	1913	8116
1914	1914	15437
1915	1915	12910
1916	1916	5444
1917	1917	8986
1918	1918	39250
1919	1919	7880
1920	1920	6984
1921	1921	8457
1922	1922	5152
1923	1923	16236
1924	1924	5659
1925	1925	51240
1926	1926	6893
1927	1927	10365
1928	1928	25452
1929	1929	5272
1930	1930	11039
1931	1931	10583
1932	1932	10227
1933	1933	4605
1934	1934	5192
1935	1935	11638
1936	1936	7512
1937	1937	6313
1938	1938	11045
1939	1939	12646
1940	1940	17232
1941	1941	10962
1942	1942	8734
1943	1943	6860
1944	1944	9628
1945	1945	7481
1946	1946	8610
1947	1947	7378
1948	1948	9023
1949	1949	9188
1950	1950	10447
1951	1951	26023
1952	1952	9910
1953	1953	12990
1954	1954	8467
1955	1955	5734
1956	1956	7886
1957	1957	12149
1958	1958	7701
1959	1959	10940
1960	1960	7477
1961	1961	11342
1962	1962	8395
1963	1963	13723
1964	1964	16634
1965	1965	8933
1966	1966	13430
1967	1967	15217
1968	1968	11211
1969	1969	9520
1970	1970	14556
1971	1971	10847
1972	1972	6624
1973	1973	7759
1974	1974	22876
1975	1975	9218
1976	1976	12533
1977	1977	7450
1978	1978	25067
1979	1979	5232
1980	1980	7338
1981	1981	7320
1982	1982	4851
1983	1983	8374
1984	1984	15976
1985	1985	9768
1986	1986	5771
1987	1987	5253
1988	1988	9365
1989	1989	13592
1990	1990	48103
1991	1991	9148
1992	1992	6697
1993	1993	12826
1994	1994	14412
1995	1995	30876
1996	1996	11466
1997	1997	8781
1998	1998	17503
1999	1999	8340
2000	2000	10152
2001	2001	6630
2002	2002	12881
2003	2003	13355
2004	2004	46252
2005	2005	9054
2006	2006	59284
2007	2007	8189
2008	2008	13082
2009	2009	7422
2010	2010	13538
2011	2011	34323
2012	2012	17961
2013	2013	60896
2014	2014	8321
2015	2015	6005
2016	2016	8349
2017	2017	9092
2018	2018	6566
2019	2019	9842
2020	2020	11486
2021	2021	63439
2022	2022	28120
2023	2023	10507
2024	2024	9568
2025	2025	8594
2026	2026	9111
2027	2027	10947
2028	2028	7338
2029	2029	17315
2030	2030	6887
2031	2031	10542
2032	2032	12477
2033	2033	9440
2034	2034	6647
2035	2035	16219
2036	2036	18838
2037	2037	23560
2038	2038	29593
2039	2039	6264
2040	2040	7663
2041	2041	10604
2042	2042	5125
2043	2043	10347
2044	2044	5611
2045	2045	9978
2046	2046	11632
2047	2047	178792
2048	2048	24875
2049	2049	2904
2050	2050	4443
2051	2051	3237
2052	2052	7751
2053	2053	5300
2054	2054	4792
2055	2055	8627
2056	2056	20161
2057	2057	8540
2058	2058	11667
2059	2059	5006
2060	2060	64597
2061	2061	3081
2062	2062	7804
2063	2063	11481
2064	2064	3096
2065	2065	5370
2066	2066	3176
2067	2067	7756
2068	2068	11636
2069	2069	6983
2070	2070	24945
2071	2071	19622
2072	2072	8730
2073	2073	3219
2074	2074	12562
2075	2075	14125
2076	2076	14555
2077	2077	3221
2078	2078	41561
2079	2079	27442
2080	2080	25211
2081	2081	5270
2082	2082	3168
2083	2083	4821
2084	2084	13313
2085	2085	6225
2086	2086	7600
2087	2087	5328
2088	2088	3755
2089	2089	4551
2090	2090	10298
2091	2091	3328
2092	2092	13407
2093	2093	13978
2094	2094	14869
2095	2095	11156
2096	2096	13820
2097	2097	39279
2098	2098	3125
2099	2099	13926
2100	2100	3297
2101	2101	5318
2102	2102	5385
2103	2103	6660
2104	2104	5064
2105	2105	3012
2106	2106	7114
2107	2107	15773
2108	2108	20387
2109	2109	289258
2110	2110	4318
2111	2111	4144
2112	2112	33496
2113	2113	4702
2114	2114	24343
2115	2115	2996
2116	2116	3989
2117	2117	53852
2118	2118	4082
2119	2119	5207
2120	2120	19285
2121	2121	11490
2122	2122	5594
2123	2123	24642
2124	2124	40125
2125	2125	2973
2126	2126	35039
2127	2127	8101
2128	2128	19120
2129	2129	6459
2130	2130	13293
2131	2131	2854
2132	2132	3971
2133	2133	5910
2134	2134	5590
2135	2135	30380
2136	2136	3503
2137	2137	5645
2138	2138	24360
2139	2139	25224
2140	2140	9365
2141	2141	82683
2142	2142	18458
2143	2143	14762
2144	2144	19195
2145	2145	7695
2146	2146	9471
2147	2147	7750
2148	2148	4350
2149	2149	22356
2150	2150	3319
2151	2151	8305
2152	2152	5774
2153	2153	5235
2154	2154	3428
2155	2155	6210
2156	2156	7685
2157	2157	19454
2158	2158	3912
2159	2159	4441
2160	2160	421833
2161	2161	6358
2162	2162	18544
2163	2163	8470
2164	2164	16441
2165	2165	19645
2166	2166	10168
2167	2167	27089
2168	2168	23867
2169	2169	4796
2170	2170	6666
2171	2171	19956
2172	2172	5706
2173	2173	14854
2174	2174	20563
2175	2175	11115
2176	2176	11373
2177	2177	3287
2178	2178	15738
2179	2179	4473
2180	2180	10426
2181	2181	17614
2182	2182	3543
2183	2183	9523
2184	2184	17911
2185	2185	25279
2186	2186	4542
2187	2187	5206
2188	2188	25286
2189	2189	4263
2190	2190	9330
2191	2191	9243
2192	2192	18241
2193	2193	9850
2194	2194	69792
2195	2195	8313
2196	2196	33851
2197	2197	23560
2198	2198	26114
2199	2199	17811
2200	2200	8932
2201	2201	5152
2202	2202	24661
2203	2203	3398
2204	2204	2999
2205	2205	6451
2206	2206	17007
2207	2207	5559
2208	2208	3800
2209	2209	8531
2210	2210	8988
2211	2211	281874
2212	2212	23958
2213	2213	3461
2214	2214	11413
2215	2215	5475
2216	2216	7243
2217	2217	5553
2218	2218	3655
2219	2219	2961
2220	2220	23068
2221	2221	34880
2222	2222	23753
2223	2223	6258
2224	2224	5342
2225	2225	4030
2226	2226	3408
2227	2227	3576
2228	2228	5688
2229	2229	17892
2230	2230	4215
2231	2231	17519
2232	2232	3041
2233	2233	41172
2234	2234	3551
2235	2235	66083
2236	2236	3055
2237	2237	41809
2238	2238	4211
2239	2239	4863
2240	2240	5177
2241	2241	9041
2242	2242	24859
2243	2243	3293
2244	2244	4738
2245	2245	48130
2246	2246	38620
2247	2247	5756
2248	2248	21716
2249	2249	510052
2250	2250	7632
2251	2251	7889
2252	2252	26634
2253	2253	3716
2254	2254	3997
2255	2255	9455
2256	2256	9973
2257	2257	15804
2258	2258	15832
2259	2259	3991
2260	2260	14516
2261	2261	8206
2262	2262	3816
2263	2263	3442
2264	2264	6603
2265	2265	4162
2266	2266	5775
2267	2267	3645
2268	2268	21045
2269	2269	20600
2270	2270	547616
2271	2271	3579
2272	2272	8116
2273	2273	10055
2274	2274	3937
2275	2275	4830
2276	2276	12318
2277	2277	4877
2278	2278	8406
2279	2279	4192
2280	2280	3706
2281	2281	21962
2282	2282	3335
2283	2283	17320
2284	2284	9031
2285	2285	6896
2286	2286	20388
2287	2287	9370
2288	2288	8303
2289	2289	5982
2290	2290	10767
2291	2291	9331
2292	2292	13666
2293	2293	28444
2294	2294	25590
2295	2295	6012
2296	2296	7505
2297	2297	3807
2298	2298	6657
2299	2299	55078
2300	2300	9506
2301	2301	9028
2302	2302	10417
2303	2303	25802
2304	2304	5250
2305	2305	37358
2306	2306	10317
2307	2307	8736
2308	2308	18292
2309	2309	20183
2310	2310	3507
2311	2311	16860
2312	2312	25738
2313	2313	21634
2314	2314	5479
2315	2315	44237
2316	2316	10579
2317	2317	19196
2318	2318	17681
2319	2319	10497
2320	2320	14303
2321	2321	5974
2322	2322	12569
2323	2323	8935
2324	2324	23367
2325	2325	16814
2326	2326	4937
2327	2327	26635
2328	2328	267865
2329	2329	8437
2330	2330	25444
2331	2331	10048
2332	2332	3959
2333	2333	5280
2334	2334	38673
2335	2335	25720
2336	2336	9556
2337	2337	32481
2338	2338	3529
2339	2339	6492
2340	2340	10785
2341	2341	5035
2342	2342	13583
2343	2343	3637
2344	2344	12059
2345	2345	11998
2346	2346	3808
2347	2347	19195
2348	2348	6050
2349	2349	127263
2350	2350	17355
2351	2351	17990
2352	2352	4852
2353	2353	21915
2354	2354	6042
2355	2355	8834
2356	2356	21266
2357	2357	13597
2358	2358	8039
2359	2359	14504
2360	2360	5156
2361	2361	9533
2362	2362	21460
2363	2363	16180
2364	2364	21819
2365	2365	42714
2366	2366	3698
2367	2367	39651
2368	2368	8082
2369	2369	21007
2370	2370	11399
2371	2371	5216
2372	2372	16754
2373	2373	11098
2374	2374	12772
2375	2375	7795
2376	2376	19069
2377	2377	6740
2378	2378	5681
2379	2379	6655
2380	2380	3971
2381	2381	12202
2382	2382	3483
2383	2383	17505
2384	2384	9954
2385	2385	6691
2386	2386	13929
2387	2387	6542
2388	2388	9808
2389	2389	22289
2390	2390	8863
2391	2391	23478
2392	2392	12219
2393	2393	9180
2394	2394	3464
2395	2395	12731
2396	2396	4510
2397	2397	13964
2398	2398	12786
2399	2399	14756
2400	2400	23108
2401	2401	4161
2402	2402	35139
2403	2403	10650
2404	2404	10387
2405	2405	10090
2406	2406	17117
2407	2407	9287
2408	2408	16995
2409	2409	24293
2410	2410	21220
2411	2411	94686
2412	2412	5943
2413	2413	7592
2414	2414	28622
2415	2415	18145
2416	2416	15806
2417	2417	4198
2418	2418	12125
2419	2419	5178
2420	2420	44206
2421	2421	6680
2422	2422	39154
2423	2423	15157
2424	2424	17048
2425	2425	14050
2426	2426	9419
2427	2427	9168
2428	2428	13736
2429	2429	28489
2430	2430	27453
2431	2431	20466
2432	2432	5140
2433	2433	13308
2434	2434	13242
2435	2435	7932
2436	2436	5496
2437	2437	15087
2438	2438	10605
2439	2439	16445
2440	2440	13656
2441	2441	8344
2442	2442	7231
2443	2443	4272
2444	2444	31704
2445	2445	19815
2446	2446	28767
2447	2447	3742
2448	2448	3494
2449	2449	5377
2450	2450	15051
2451	2451	4398
2452	2452	5896
2453	2453	16839
2454	2454	4574
2455	2455	9633
2456	2456	3674
2457	2457	6691
2458	2458	3535
2459	2459	12855
2460	2460	14158
2461	2461	3513
2462	2462	9852
2463	2463	21539
2464	2464	17417
2465	2465	12110
2466	2466	9230
2467	2467	3759
2468	2468	25821
2469	2469	6830
2470	2470	7311
2471	2471	9000
2472	2472	14707
2473	2473	68749
2474	2474	18088
2475	2475	27716
2476	2476	17645
2477	2477	18008
2478	2478	12873
2479	2479	19251
2480	2480	6565
2481	2481	15145
2482	2482	14911
2483	2483	4385
2484	2484	6137
2485	2485	7763
2486	2486	30680
2487	2487	28274
2488	2488	40718
2489	2489	6565
2490	2490	25599
2491	2491	6854
2492	2492	18168
2493	2493	3484
2494	2494	13127
2495	2495	14722
2496	2496	28617
2497	2497	20647
2498	2498	11669
2499	2499	17753
2500	2500	3764
