100	100	23541
101	101	21988
102	102	22001
103	103	19995
104	104	19899
105	105	19737
106	106	20120
107	107	20075
108	108	20028
109	109	19968
110	110	20165
111	111	19915
112	112	20023
113	113	20051
114	114	55558
115	115	20656
116	116	20531
117	117	20511
118	118	19722
119	119	20693
120	120	20091
121	121	20662
122	122	18822
123	123	20782
124	124	21493
125	125	19869
126	126	26128
127	127	39316
128	128	21572
129	129	19150
130	130	20741
131	131	20740
132	132	20555
133	133	21616
134	134	20910
135	135	20750
136	136	20789
137	137	21054
138	138	21548
139	139	21014
140	140	207945
141	141	264325
142	142	21465
143	143	20678
144	144	20535
145	145	21533
146	146	22007
147	147	37944
148	148	19534
149	149	187969
150	150	22623
151	151	22214
152	152	20082
153	153	207642
154	154	21504
155	155	19568
156	156	22397
157	157	21475
158	158	21710
159	159	56714
160	160	22871
161	161	48266
162	162	21847
163	163	21913
164	164	20484
165	165	21124
166	166	20307
167	167	22108
168	168	41385
169	169	24330
170	170	28929
171	171	210164
172	172	19934
173	173	22663
174	174	283040
175	175	20088
176	176	23087
177	177	235347
178	178	23490
179	179	22896
180	180	22880
181	181	22130
182	182	23217
183	183	22281
184	184	22550
185	185	90005
186	186	127211
187	187	22577
188	188	22886
189	189	56520
190	190	20535
191	191	22665
192	192	23330
193	193	23488
194	194	22806
195	195	21308
196	196	242449
197	197	23164
198	198	24174
199	199	39615
200	200	20846
201	201	23048
202	202	20670
203	203	23447
204	204	22988
205	205	23798
206	206	24637
207	207	23421
208	208	22638
209	209	33351
210	210	43948
211	211	22879
212	212	22251
213	213	20876
214	214	756553
215	215	30363
216	216	39494
217	217	112697
218	218	174820
219	219	32265
220	220	124382
221	221	33787
222	222	31951
223	223	36664
224	224	22558
225	225	21393
226	226	53387
227	227	22026
228	228	25440
229	229	23680
230	230	58635
231	231	57369
232	232	177762
233	233	159619
234	234	115065
235	235	23064
236	236	138371
237	237	25643
238	238	128770
239	239	24229
240	240	25426
241	241	25032
242	242	212344
243	243	116960
244	244	26213
245	245	26880
246	246	31048
247	247	165027
248	248	25153
249	249	21587
250	250	63602
251	251	23921
252	252	21789
253	253	24945
254	254	59782
255	255	83811
256	256	24791
257	257	74548
258	258	45214
259	259	146380
260	260	99677
261	261	27575
262	262	37588
263	263	260144
264	264	38239
265	265	24669
266	266	26501
267	267	47481
268	268	27143
269	269	46137
270	270	237262
271	271	22463
272	272	157566
273	273	25464
274	274	44778
275	275	242427
276	276	32572
277	277	228998
278	278	47138
279	279	26610
280	280	25698
281	281	55487
282	282	196329
283	283	142685
284	284	35779
285	285	26685
286	286	31645
287	287	45441
288	288	28073
289	289	33046
290	290	164695
291	291	30708
292	292	39927
293	293	27645
294	294	117408
295	295	26945
296	296	27675
297	297	43724
298	298	29691
299	299	26406
300	300	49919
301	301	27422
302	302	31404
303	303	26520
304	304	29790
305	305	42647
306	306	28363
307	307	38777
308	308	26304
309	309	27290
310	310	55901
311	311	66898
312	312	23295
313	313	229558
314	314	34591
315	315	41032
316	316	28372
317	317	29330
318	318	34018
319	319	28536
320	320	28177
321	321	33286
322	322	27434
323	323	45961
324	324	33084
325	325	29352
326	326	94158
327	327	27719
328	328	162210
329	329	47352
330	330	27013
331	331	72131
332	332	169187
333	333	27743
334	334	34908
335	335	32682
336	336	33906
337	337	26742
338	338	154328
339	339	25676
340	340	33711
341	341	48069
342	342	28368
343	343	32113
344	344	279521
345	345	43794
346	346	54520
347	347	27352
348	348	30503
349	349	60378
350	350	41224
351	351	23823
352	352	52984
353	353	48579
354	354	158391
355	355	31052
356	356	95197
357	357	24764
358	358	27431
359	359	35736
360	360	25441
361	361	113321
362	362	28494
363	363	28664
364	364	35954
365	365	48469
366	366	24782
367	367	30353
368	368	27984
369	369	29445
370	370	35494
371	371	28720
372	372	25621
373	373	28626
374	374	40117
375	375	175896
376	376	31287
377	377	32968
378	378	29898
379	379	63637
380	380	30080
381	381	26415
382	382	61360
383	383	50763
384	384	29405
385	385	29370
386	386	47513
387	387	32604
388	388	132041
389	389	74661
390	390	33095
391	391	36326
392	392	31351
393	393	28556
394	394	31942
395	395	30407
396	396	102835
397	397	25013
398	398	28374
399	399	28438
400	400	50110
401	401	29421
402	402	134306
403	403	123533
404	404	30325
405	405	40365
406	406	31527
407	407	86261
408	408	37170
409	409	70479
410	410	58335
411	411	36362
412	412	70233
413	413	55450
414	414	29448
415	415	25264
416	416	33774
417	417	53871
418	418	28966
419	419	29442
420	420	33604
421	421	96557
422	422	30179
423	423	56542
424	424	31089
425	425	30516
426	426	29108
427	427	60264
428	428	31821
429	429	50467
430	430	32742
431	431	31561
432	432	39695
433	433	31713
434	434	30864
435	435	29311
436	436	213953
437	437	26283
438	438	32420
439	439	34882
440	440	35285
441	441	47780
442	442	104232
443	443	32194
444	444	81926
445	445	71517
446	446	27268
447	447	40841
448	448	31209
449	449	34507
450	450	120622
451	451	31331
452	452	31367
453	453	31923
454	454	45588
455	455	33184
456	456	44717
457	457	33082
458	458	61184
459	459	96598
460	460	64533
461	461	27592
462	462	44184
463	463	308003
464	464	31454
465	465	30915
466	466	31341
467	467	35647
468	468	26702
469	469	31921
470	470	31786
471	471	33258
472	472	29970
473	473	33752
474	474	36752
475	475	35179
476	476	33112
477	477	27236
478	478	35642
479	479	32291
480	480	32327
481	481	27767
482	482	44621
483	483	34077
484	484	71933
485	485	35082
486	486	29159
487	487	27536
488	488	253053
489	489	58992
490	490	37120
491	491	33161
492	492	237782
493	493	29700
494	494	82416
495	495	32396
496	496	33200
497	497	33868
498	498	27659
499	499	32676
500	500	51077
501	501	33270
502	502	110532
503	503	33034
504	504	34899
505	505	31071
506	506	29056
507	507	40631
508	508	28284
509	509	33412
510	510	32839
511	511	75294
512	512	88177
513	513	32541
514	514	39353
515	515	31845
516	516	32341
517	517	252502
518	518	33741
519	519	27622
520	520	188299
521	521	32299
522	522	37509
523	523	28429
524	524	52034
525	525	38473
526	526	222300
527	527	189106
528	528	75809
529	529	42752
530	530	66475
531	531	32977
532	532	140900
533	533	33371
534	534	63797
535	535	59923
536	536	34165
537	537	35982
538	538	44606
539	539	45131
540	540	40672
541	541	28940
542	542	32971
543	543	213553
544	544	28909
545	545	34930
546	546	35462
547	547	165343
548	548	193663
549	549	36709
550	550	134507
551	551	200727
552	552	33810
553	553	46644
554	554	32026
555	555	33841
556	556	224794
557	557	38053
558	558	38429
559	559	34146
560	560	34637
561	561	29237
562	562	164153
563	563	34414
564	564	33138
565	565	28349
566	566	41307
567	567	33816
568	568	34800
569	569	34138
570	570	34500
571	571	29058
572	572	32338
573	573	149009
574	574	90181
575	575	37828
576	576	33496
577	577	35155
578	578	36970
579	579	53706
580	580	39333
581	581	35250
582	582	35625
583	583	42348
584	584	33914
585	585	33925
586	586	29813
587	587	35537
588	588	37280
589	589	34513
590	590	47569
591	591	92528
592	592	36153
593	593	166526
594	594	34584
595	595	38937
596	596	36994
597	597	41436
598	598	35173
599	599	172590
600	600	104682
601	601	39099
602	602	36696
603	603	35903
604	604	64160
605	605	35711
606	606	35839
607	607	36569
608	608	36021
609	609	74605
610	610	90870
611	611	36308
612	612	40642
613	613	38115
614	614	40624
615	615	38691
616	616	126658
617	617	38897
618	618	38891
619	619	36267
620	620	36551
621	621	39223
622	622	33177
623	623	39225
624	624	84551
625	625	33037
626	626	42770
627	627	32308
628	628	45701
629	629	77602
630	630	37463
631	631	38943
632	632	36233
633	633	39604
634	634	39138
635	635	40835
636	636	47590
637	637	45879
638	638	41008
639	639	36783
640	640	39616
641	641	41550
642	642	33119
643	643	31704
644	644	31902
645	645	32820
646	646	39695
647	647	193844
648	648	40813
649	649	43105
650	650	39915
651	651	31706
652	652	38146
653	653	43882
654	654	37895
655	655	34703
656	656	33363
657	657	42552
658	658	45153
659	659	39095
660	660	50622
661	661	32270
662	662	39206
663	663	215326
664	664	31441
665	665	44440
666	666	32064
667	667	92066
668	668	41871
669	669	31774
670	670	171076
671	671	135790
672	672	38079
673	673	39656
674	674	38284
675	675	42442
676	676	190661
677	677	31444
678	678	40823
679	679	40335
680	680	33023
681	681	72212
682	682	268498
683	683	39724
684	684	41197
685	685	45043
686	686	53266
687	687	61930
688	688	45357
689	689	43513
690	690	41760
691	691	41060
692	692	39902
693	693	45367
694	694	41739
695	695	37944
696	696	41974
697	697	40291
698	698	41421
699	699	64411
700	700	42548
701	701	48256
702	702	41339
703	703	36162
704	704	32789
705	705	44930
706	706	45188
707	707	41401
708	708	33329
709	709	205392
710	710	43182
711	711	48034
712	712	45230
713	713	36334
714	714	251967
715	715	43714
716	716	107662
717	717	43675
718	718	39347
719	719	114367
720	720	41738
721	721	45671
722	722	48223
723	723	44033
724	724	49348
725	725	136573
726	726	82634
727	727	46094
728	728	157516
729	729	35412
730	730	40305
731	731	50439
732	732	45364
733	733	40300
734	734	161673
735	735	43818
736	736	40221
737	737	147657
738	738	43164
739	739	49806
740	740	36771
741	741	42926
742	742	179775
743	743	35598
744	744	95706
745	745	66255
746	746	82724
747	747	42515
748	748	39017
749	749	43685
750	750	41976
751	751	44620
752	752	226041
753	753	46866
754	754	42055
755	755	41363
756	756	45460
757	757	50934
758	758	34548
759	759	45147
760	760	46945
761	761	37316
762	762	34423
763	763	35977
764	764	36159
765	765	43148
766	766	34428
767	767	44458
768	768	45172
769	769	46893
770	770	42281
771	771	36716
772	772	196626
773	773	43032
774	774	57677
775	775	43960
776	776	46879
777	777	34780
778	778	41756
779	779	34899
780	780	40341
781	781	43440
782	782	43342
783	783	34599
784	784	34749
785	785	44605
786	786	249060
787	787	44583
788	788	43613
789	789	73718
790	790	45613
791	791	45009
792	792	34943
793	793	46993
794	794	50152
795	795	43456
796	796	45017
797	797	47116
798	798	43396
799	799	44472
800	800	38599
801	801	51298
802	802	43988
803	803	43645
804	804	44356
805	805	161419
806	806	40728
807	807	43284
808	808	35250
809	809	48443
810	810	70917
811	811	35120
812	812	53285
813	813	43385
814	814	48163
815	815	45339
816	816	345634
817	817	117488
818	818	108287
819	819	43006
820	820	47340
821	821	293232
822	822	307660
823	823	44464
824	824	43748
825	825	56486
826	826	47297
827	827	52610
828	828	148287
829	829	45532
830	830	48501
831	831	45036
832	832	45670
833	833	47146
834	834	67396
835	835	35613
836	836	187377
837	837	231821
838	838	200080
839	839	50662
840	840	40468
841	841	35944
842	842	286468
843	843	38237
844	844	45248
845	845	48808
846	846	55273
847	847	100895
848	848	51241
849	849	36479
850	850	43257
851	851	44209
852	852	44353
853	853	41177
854	854	82989
855	855	52183
856	856	44745
857	857	44049
858	858	48045
859	859	44731
860	860	62005
861	861	47882
862	862	46054
863	863	36455
864	864	50047
865	865	50317
866	866	47158
867	867	56981
868	868	221760
869	869	39922
870	870	55241
871	871	83481
872	872	39446
873	873	57078
874	874	55441
875	875	39720
876	876	39350
877	877	59432
878	878	53046
879	879	50852
880	880	39610
881	881	53426
882	882	39466
883	883	49572
884	884	52294
885	885	142010
886	886	49192
887	887	53792
888	888	48977
889	889	54875
890	890	51870
891	891	103010
892	892	42509
893	893	40439
894	894	49628
895	895	49162
896	896	58275
897	897	52364
898	898	58915
899	899	41241
900	900	51047
901	901	59511
902	902	61805
903	903	67546
904	904	55468
905	905	67995
906	906	61007
907	907	62510
908	908	52313
909	909	54368
910	910	179457
911	911	54940
912	912	52483
913	913	58955
914	914	48965
915	915	49913
916	916	54450
917	917	50681
918	918	40198
919	919	40052
920	920	50053
921	921	49865
922	922	39993
923	923	40363
924	924	159357
925	925	73340
926	926	335071
927	927	55214
928	928	59552
929	929	55625
930	930	52462
931	931	51569
932	932	59025
933	933	56636
934	934	51111
935	935	107747
936	936	56844
937	937	260813
938	938	52201
939	939	40612
940	940	70485
941	941	63477
942	942	55695
943	943	100548
944	944	321056
945	945	123339
946	946	41182
947	947	114166
948	948	115192
949	949	50590
950	950	83832
951	951	54565
952	952	185572
953	953	52911
954	954	54935
955	955	574995
956	956	108177
957	957	94546
958	958	140742
959	959	56932
960	960	55197
961	961	152195
962	962	69312
963	963	56694
964	964	117131
965	965	53014
966	966	52259
967	967	42977
968	968	45157
969	969	42548
970	970	62029
971	971	60476
972	972	124762
973	973	54929
974	974	43767
975	975	42622
976	976	42424
977	977	52696
978	978	42570
979	979	42979
980	980	60094
981	981	43420
982	982	43260
983	983	55093
984	984	228947
985	985	44034
986	986	72875
987	987	90547
988	988	44936
989	989	44552
990	990	42685
991	991	58075
992	992	42987
993	993	53816
994	994	62040
995	995	43753
996	996	84609
997	997	111522
998	998	155875
999	999	62513
1000	1000	204419
1001	1001	43926
1002	1002	55934
1003	1003	56425
1004	1004	57216
1005	1005	57594
1006	1006	49679
1007	1007	63062
1008	1008	167170
1009	1009	57420
1010	1010	59530
1011	1011	82356
1012	1012	45826
1013	1013	46027
1014	1014	43626
1015	1015	43508
1016	1016	62929
1017	1017	279361
1018	1018	58288
1019	1019	160263
1020	1020	44027
1021	1021	46845
1022	1022	43722
1023	1023	168845
1024	1024	43942
1025	1025	56050
1026	1026	42346
1027	1027	62635
1028	1028	53948
1029	1029	64363
1030	1030	74567
1031	1031	42296
1032	1032	42179
1033	1033	56169
1034	1034	55600
1035	1035	56465
1036	1036	44347
1037	1037	47890
1038	1038	133081
1039	1039	59109
1040	1040	62898
1041	1041	60144
1042	1042	139433
1043	1043	54826
1044	1044	55536
1045	1045	227241
1046	1046	52998
1047	1047	59726
1048	1048	46596
1049	1049	42742
1050	1050	252158
1051	1051	149140
1052	1052	79807
1053	1053	44728
1054	1054	52415
1055	1055	63016
1056	1056	66908
1057	1057	55962
1058	1058	56878
1059	1059	78590
1060	1060	58745
1061	1061	69109
1062	1062	58326
1063	1063	44036
1064	1064	43455
1065	1065	57072
1066	1066	58605
1067	1067	62138
1068	1068	59872
1069	1069	48113
1070	1070	59394
1071	1071	56075
1072	1072	55506
1073	1073	43525
1074	1074	54988
1075	1075	43697
1076	1076	138225
1077	1077	54733
1078	1078	43181
1079	1079	44414
1080	1080	44384
1081	1081	56436
1082	1082	64211
1083	1083	66689
1084	1084	58460
1085	1085	184671
1086	1086	55972
1087	1087	52675
1088	1088	57882
1089	1089	63663
1090	1090	55859
1091	1091	63287
1092	1092	62860
1093	1093	62067
1094	1094	58043
1095	1095	57371
1096	1096	68673
1097	1097	45155
1098	1098	60405
1099	1099	80458
1100	1100	64212
1101	1101	51407
1102	1102	156886
1103	1103	60248
1104	1104	63870
1105	1105	71445
1106	1106	78905
1107	1107	67706
1108	1108	66916
1109	1109	67160
1110	1110	57925
1111	1111	59865
1112	1112	45374
1113	1113	187294
1114	1114	46232
1115	1115	60962
1116	1116	63097
1117	1117	60853
1118	1118	58144
1119	1119	68525
1120	1120	57676
1121	1121	61008
1122	1122	76109
1123	1123	78053
1124	1124	164886
1125	1125	60397
1126	1126	152160
1127	1127	63364
1128	1128	63804
1129	1129	59398
1130	1130	59840
1131	1131	56915
1132	1132	60344
1133	1133	62320
1134	1134	57941
1135	1135	120406
1136	1136	70204
1137	1137	97918
1138	1138	57017
1139	1139	48940
1140	1140	60978
1141	1141	59527
1142	1142	64272
1143	1143	59494
1144	1144	59503
1145	1145	59153
1146	1146	68188
1147	1147	64637
1148	1148	66816
1149	1149	60936
1150	1150	60023
1151	1151	272442
1152	1152	46432
1153	1153	46885
1154	1154	50477
1155	1155	68048
1156	1156	66370
1157	1157	64342
1158	1158	49245
1159	1159	69235
1160	1160	61858
1161	1161	68423
1162	1162	60060
1163	1163	51468
1164	1164	61911
1165	1165	68182
1166	1166	56353
1167	1167	46603
1168	1168	72020
1169	1169	60990
1170	1170	46842
1171	1171	46872
1172	1172	89632
1173	1173	64645
1174	1174	392525
1175	1175	71674
1176	1176	74008
1177	1177	47672
1178	1178	66182
1179	1179	47450
1180	1180	59502
1181	1181	52239
1182	1182	264881
1183	1183	68530
1184	1184	117747
1185	1185	68798
1186	1186	67655
1187	1187	93850
1188	1188	59145
1189	1189	47441
1190	1190	71752
1191	1191	62090
1192	1192	53132
1193	1193	74750
1194	1194	48298
1195	1195	52410
1196	1196	86367
1197	1197	61520
1198	1198	47480
1199	1199	67190
1200	1200	66520
1201	1201	66720
1202	1202	52135
1203	1203	52474
1204	1204	62106
1205	1205	79186
1206	1206	47488
1207	1207	60267
1208	1208	61479
1209	1209	74453
1210	1210	62384
1211	1211	115193
1212	1212	66579
1213	1213	503654
1214	1214	52651
1215	1215	52570
1216	1216	63436
1217	1217	60032
1218	1218	53080
1219	1219	69555
1220	1220	47927
1221	1221	63205
1222	1222	63555
1223	1223	69673
1224	1224	62940
1225	1225	49429
1226	1226	71582
1227	1227	48014
1228	1228	48752
1229	1229	115307
1230	1230	68986
1231	1231	71343
1232	1232	49391
1233	1233	48252
1234	1234	144378
1235	1235	60931
1236	1236	69947
1237	1237	91858
1238	1238	57950
1239	1239	74295
1240	1240	63695
1241	1241	65792
1242	1242	64173
1243	1243	60142
1244	1244	62159
1245	1245	61308
1246	1246	65705
1247	1247	54686
1248	1248	128809
1249	1249	71054
1250	1250	69900
1251	1251	96908
1252	1252	60349
1253	1253	64260
1254	1254	93764
1255	1255	63863
1256	1256	72525
1257	1257	64251
1258	1258	62595
1259	1259	333916
1260	1260	78397
1261	1261	72606
1262	1262	81742
1263	1263	54667
1264	1264	64197
1265	1265	69027
1266	1266	50853
1267	1267	61960
1268	1268	54585
1269	1269	62242
1270	1270	191686
1271	1271	243483
1272	1272	67346
1273	1273	68398
1274	1274	59936
1275	1275	57115
1276	1276	56399
1277	1277	67674
1278	1278	125373
1279	1279	79459
1280	1280	70624
1281	1281	98498
1282	1282	67437
1283	1283	138598
1284	1284	70326
1285	1285	79546
1286	1286	49653
1287	1287	70705
1288	1288	57671
1289	1289	51000
1290	1290	64652
1291	1291	68462
1292	1292	69406
1293	1293	91355
1294	1294	49875
1295	1295	68539
1296	1296	178373
1297	1297	63659
1298	1298	69864
1299	1299	74461
1300	1300	54375
1301	1301	65637
1302	1302	72775
1303	1303	225634
1304	1304	50099
1305	1305	73847
1306	1306	62968
1307	1307	72611
1308	1308	71678
1309	1309	74555
1310	1310	78861
1311	1311	70512
1312	1312	83880
1313	1313	138655
1314	1314	71400
1315	1315	62477
1316	1316	73910
1317	1317	71332
1318	1318	72319
1319	1319	71512
1320	1320	78374
1321	1321	51025
1322	1322	75945
1323	1323	69915
1324	1324	67166
1325	1325	66801
1326	1326	122104
1327	1327	73131
1328	1328	64669
1329	1329	206288
1330	1330	85269
1331	1331	70979
1332	1332	71850
1333	1333	73229
1334	1334	66916
1335	1335	81295
1336	1336	82297
1337	1337	67538
1338	1338	74449
1339	1339	76141
1340	1340	68746
1341	1341	96350
1342	1342	77869
1343	1343	73336
1344	1344	73373
1345	1345	71800
1346	1346	80724
1347	1347	69704
1348	1348	72085
1349	1349	80760
1350	1350	80072
1351	1351	67284
1352	1352	70687
1353	1353	414280
1354	1354	70851
1355	1355	69782
1356	1356	73792
1357	1357	82999
1358	1358	71352
1359	1359	66490
1360	1360	68797
1361	1361	89400
1362	1362	73605
1363	1363	70306
1364	1364	68668
1365	1365	440395
1366	1366	77806
1367	1367	82145
1368	1368	73161
1369	1369	724803
1370	1370	245584
1371	1371	69490
1372	1372	78129
1373	1373	76079
1374	1374	74193
1375	1375	91898
1376	1376	70311
1377	1377	80240
1378	1378	107344
1379	1379	85716
1380	1380	59392
1381	1381	88253
1382	1382	109539
1383	1383	72405
1384	1384	81788
1385	1385	80504
1386	1386	97823
1387	1387	76719
1388	1388	75079
1389	1389	73260
1390	1390	88777
1391	1391	71601
1392	1392	77638
1393	1393	78596
1394	1394	94984
1395	1395	233600
1396	1396	83312
1397	1397	75501
1398	1398	80359
1399	1399	72938
1400	1400	130687
1401	1401	76138
1402	1402	83537
1403	1403	58083
1404	1404	75119
1405	1405	74738
1406	1406	253556
1407	1407	77534
1408	1408	75980
1409	1409	77764
1410	1410	73944
1411	1411	57752
1412	1412	82456
1413	1413	74272
1414	1414	76423
1415	1415	122157
1416	1416	83700
1417	1417	56838
1418	1418	107956
1419	1419	80052
1420	1420	57145
1421	1421	56927
1422	1422	82620
1423	1423	80186
1424	1424	115788
1425	1425	74518
1426	1426	78392
1427	1427	76671
1428	1428	76135
1429	1429	56473
1430	1430	57529
1431	1431	57318
1432	1432	56837
1433	1433	57433
1434	1434	78680
1435	1435	69971
1436	1436	123306
1437	1437	82814
1438	1438	78118
1439	1439	81753
1440	1440	85494
1441	1441	74022
1442	1442	75431
1443	1443	74763
1444	1444	75474
1445	1445	64003
1446	1446	58158
1447	1447	57018
1448	1448	85319
1449	1449	60477
1450	1450	57072
1451	1451	85258
1452	1452	74187
1453	1453	57250
1454	1454	57555
1455	1455	86627
1456	1456	88127
1457	1457	67253
1458	1458	67439
1459	1459	66045
1460	1460	76597
1461	1461	77706
1462	1462	58344
1463	1463	58099
1464	1464	78111
1465	1465	82347
1466	1466	61188
1467	1467	72988
1468	1468	91795
1469	1469	81775
1470	1470	69292
1471	1471	57451
1472	1472	76794
1473	1473	58203
1474	1474	63687
1475	1475	75861
1476	1476	83441
1477	1477	104780
1478	1478	68292
1479	1479	58293
1480	1480	59254
1481	1481	58738
1482	1482	63235
1483	1483	96363
1484	1484	64522
1485	1485	76342
1486	1486	79048
1487	1487	77653
1488	1488	81071
1489	1489	79864
1490	1490	76147
1491	1491	73758
1492	1492	217511
1493	1493	84571
1494	1494	76154
1495	1495	80608
1496	1496	79499
1497	1497	78137
1498	1498	118939
1499	1499	84093
1500	1500	80103
1501	1501	59346
1502	1502	78916
1503	1503	483947
1504	1504	71971
1505	1505	80306
1506	1506	82780
1507	1507	59958
1508	1508	63279
1509	1509	74564
1510	1510	86629
1511	1511	88145
1512	1512	85235
1513	1513	66044
1514	1514	219335
1515	1515	82217
1516	1516	79114
1517	1517	80029
1518	1518	86669
1519	1519	75906
1520	1520	76393
1521	1521	80305
1522	1522	63069
1523	1523	60297
1524	1524	62309
1525	1525	87612
1526	1526	100662
1527	1527	87710
1528	1528	374426
1529	1529	90955
1530	1530	77875
1531	1531	97827
1532	1532	98613
1533	1533	73153
1534	1534	112646
1535	1535	96043
1536	1536	61786
1537	1537	86585
1538	1538	61983
1539	1539	76203
1540	1540	85505
1541	1541	77511
1542	1542	89547
1543	1543	98785
1544	1544	91967
1545	1545	70025
1546	1546	83474
1547	1547	96551
1548	1548	90178
1549	1549	84326
1550	1550	113791
1551	1551	99003
1552	1552	75256
1553	1553	83120
1554	1554	114714
1555	1555	88199
1556	1556	91065
1557	1557	82721
1558	1558	81530
1559	1559	96365
1560	1560	70037
1561	1561	63259
1562	1562	89504
1563	1563	59775
1564	1564	78014
1565	1565	82343
1566	1566	116288
1567	1567	77646
1568	1568	272726
1569	1569	102841
1570	1570	61315
1571	1571	84701
1572	1572	90289
1573	1573	106529
1574	1574	94191
1575	1575	78606
1576	1576	67060
1577	1577	91201
1578	1578	83695
1579	1579	110778
1580	1580	71802
1581	1581	78547
1582	1582	197455
1583	1583	77148
1584	1584	58751
1585	1585	113750
1586	1586	116700
1587	1587	84543
1588	1588	91660
1589	1589	137987
1590	1590	69255
1591	1591	220471
1592	1592	62979
1593	1593	69642
1594	1594	86956
1595	1595	132773
1596	1596	82568
1597	1597	76639
1598	1598	82441
1599	1599	74082
1600	1600	69071
1601	1601	90656
1602	1602	78540
1603	1603	64342
1604	1604	89743
1605	1605	69363
1606	1606	80338
1607	1607	114908
1608	1608	111971
1609	1609	57841
1610	1610	97354
1611	1611	86249
1612	1612	63781
1613	1613	66808
1614	1614	116223
1615	1615	95514
1616	1616	179760
1617	1617	93261
1618	1618	82615
1619	1619	92258
1620	1620	80401
1621	1621	115044
1622	1622	80937
1623	1623	77280
1624	1624	86206
1625	1625	72238
1626	1626	59299
1627	1627	94084
1628	1628	104314
1629	1629	63177
1630	1630	84476
1631	1631	77439
1632	1632	83844
1633	1633	78514
1634	1634	85274
1635	1635	60102
1636	1636	86684
1637	1637	85728
1638	1638	101704
1639	1639	81657
1640	1640	83022
1641	1641	84129
1642	1642	83941
1643	1643	84147
1644	1644	89072
1645	1645	80468
1646	1646	80063
1647	1647	109627
1648	1648	85838
1649	1649	76574
1650	1650	64854
1651	1651	98644
1652	1652	93714
1653	1653	62937
1654	1654	81139
1655	1655	89842
1656	1656	93238
1657	1657	58777
1658	1658	92975
1659	1659	74948
1660	1660	78199
1661	1661	85810
1662	1662	106336
1663	1663	88282
1664	1664	105537
1665	1665	80958
1666	1666	73784
1667	1667	69990
1668	1668	276835
1669	1669	88273
1670	1670	96694
1671	1671	60573
1672	1672	126602
1673	1673	75431
1674	1674	83345
1675	1675	97224
1676	1676	81903
1677	1677	109915
1678	1678	74542
1679	1679	79868
1680	1680	58918
1681	1681	68212
1682	1682	149934
1683	1683	67537
1684	1684	95691
1685	1685	78437
1686	1686	154983
1687	1687	59410
1688	1688	139623
1689	1689	80811
1690	1690	81269
1691	1691	67608
1692	1692	95202
1693	1693	632823
1694	1694	66040
1695	1695	67301
1696	1696	59528
1697	1697	72084
1698	1698	59804
1699	1699	94784
1700	1700	115834
1701	1701	65228
1702	1702	135336
1703	1703	82873
1704	1704	75474
1705	1705	60477
1706	1706	59748
1707	1707	60457
1708	1708	95557
1709	1709	90119
1710	1710	66915
1711	1711	104312
1712	1712	117547
1713	1713	104995
1714	1714	88502
1715	1715	112134
1716	1716	93781
1717	1717	84235
1718	1718	79004
1719	1719	251154
1720	1720	82531
1721	1721	298811
1722	1722	72690
1723	1723	370941
1724	1724	110109
1725	1725	81266
1726	1726	89086
1727	1727	367146
1728	1728	179293
1729	1729	135508
1730	1730	131584
1731	1731	60802
1732	1732	87070
1733	1733	122732
1734	1734	354285
1735	1735	91828
1736	1736	60960
1737	1737	97318
1738	1738	63524
1739	1739	92455
1740	1740	87520
1741	1741	78905
1742	1742	98538
1743	1743	77314
1744	1744	186872
1745	1745	92478
1746	1746	133477
1747	1747	183328
1748	1748	81465
1749	1749	100104
1750	1750	88808
1751	1751	85400
1752	1752	60996
1753	1753	62045
1754	1754	139042
1755	1755	109933
1756	1756	81642
1757	1757	95725
1758	1758	60271
1759	1759	81662
1760	1760	80788
1761	1761	80455
1762	1762	92774
1763	1763	82578
1764	1764	92420
1765	1765	76412
1766	1766	59384
1767	1767	94027
1768	1768	349781
1769	1769	106168
1770	1770	120707
1771	1771	81930
1772	1772	89020
1773	1773	84739
1774	1774	70216
1775	1775	59137
1776	1776	99214
1777	1777	87238
1778	1778	94168
1779	1779	81024
1780	1780	114612
1781	1781	82167
1782	1782	87654
1783	1783	84479
1784	1784	84440
1785	1785	86805
1786	1786	84513
1787	1787	96928
1788	1788	93365
1789	1789	80668
1790	1790	87614
1791	1791	213656
1792	1792	67396
1793	1793	100437
1794	1794	88447
1795	1795	86188
1796	1796	98037
1797	1797	125794
1798	1798	83830
1799	1799	114419
1800	1800	196591
1801	1801	66253
1802	1802	91050
1803	1803	211008
1804	1804	65217
1805	1805	111255
1806	1806	66084
1807	1807	139501
1808	1808	298911
1809	1809	104403
1810	1810	74298
1811	1811	70992
1812	1812	89468
1813	1813	91398
1814	1814	88226
1815	1815	74185
1816	1816	71437
1817	1817	95476
1818	1818	117325
1819	1819	73911
1820	1820	104350
1821	1821	75774
1822	1822	68881
1823	1823	112700
1824	1824	101849
1825	1825	66383
1826	1826	101289
1827	1827	144232
1828	1828	86412
1829	1829	94030
1830	1830	68447
1831	1831	93315
1832	1832	115286
1833	1833	106764
1834	1834	69755
1835	1835	69696
1836	1836	322533
1837	1837	88710
1838	1838	105498
1839	1839	93639
1840	1840	92227
1841	1841	92737
1842	1842	91449
1843	1843	113857
1844	1844	105898
1845	1845	100297
1846	1846	152510
1847	1847	97267
1848	1848	99111
1849	1849	95236
1850	1850	98095
1851	1851	93027
1852	1852	93600
1853	1853	375203
1854	1854	112133
1855	1855	124651
1856	1856	91771
1857	1857	67486
1858	1858	66966
1859	1859	110963
1860	1860	84243
1861	1861	93725
1862	1862	101352
1863	1863	67823
1864	1864	93759
1865	1865	107986
1866	1866	94398
1867	1867	128498
1868	1868	87572
1869	1869	112621
1870	1870	71530
1871	1871	113168
1872	1872	69794
1873	1873	69153
1874	1874	121178
1875	1875	97377
1876	1876	117556
1877	1877	116328
1878	1878	100022
1879	1879	313975
1880	1880	91012
1881	1881	72537
1882	1882	98685
1883	1883	99503
1884	1884	101769
1885	1885	73169
1886	1886	78601
1887	1887	118340
1888	1888	86414
1889	1889	100616
1890	1890	76074
1891	1891	107704
1892	1892	88642
1893	1893	95391
1894	1894	87594
1895	1895	109052
1896	1896	88880
1897	1897	93224
1898	1898	91428
1899	1899	89255
1900	1900	96339
1901	1901	92570
1902	1902	129148
1903	1903	105961
1904	1904	75532
1905	1905	119670
1906	1906	91875
1907	1907	100364
1908	1908	111645
1909	1909	95598
1910	1910	90146
1911	1911	93987
1912	1912	96426
1913	1913	97449
1914	1914	105993
1915	1915	121386
1916	1916	73328
1917	1917	99553
1918	1918	141655
1919	1919	107518
1920	1920	130791
1921	1921	155049
1922	1922	102417
1923	1923	96938
1924	1924	101085
1925	1925	107246
1926	1926	115266
1927	1927	112432
1928	1928	118221
1929	1929	122572
1930	1930	177671
1931	1931	108100
1932	1932	266384
1933	1933	118048
1934	1934	98232
1935	1935	200559
1936	1936	101997
1937	1937	156808
1938	1938	79003
1939	1939	121902
1940	1940	135132
1941	1941	117569
1942	1942	97974
1943	1943	132608
1944	1944	114997
1945	1945	116231
1946	1946	263547
1947	1947	105034
1948	1948	93748
1949	1949	116433
1950	1950	148226
1951	1951	109278
1952	1952	107652
1953	1953	110545
1954	1954	192475
1955	1955	97584
1956	1956	97552
1957	1957	86916
1958	1958	95944
1959	1959	71512
1960	1960	140629
1961	1961	124442
1962	1962	103400
1963	1963	840194
1964	1964	114467
1965	1965	119144
1966	1966	141488
1967	1967	87350
1968	1968	112960
1969	1969	101814
1970	1970	137656
1971	1971	137427
1972	1972	100400
1973	1973	96478
1974	1974	72691
1975	1975	99523
1976	1976	104005
1977	1977	108037
1978	1978	103950
1979	1979	107458
1980	1980	106883
1981	1981	118898
1982	1982	76129
1983	1983	101959
1984	1984	97086
1985	1985	100045
1986	1986	119861
1987	1987	100258
1988	1988	121527
1989	1989	109628
1990	1990	98810
1991	1991	78610
1992	1992	98906
1993	1993	128567
1994	1994	100493
1995	1995	99435
1996	1996	90089
1997	1997	107560
1998	1998	116221
1999	1999	76623
2000	2000	99361
2001	2001	118857
2002	2002	122647
2003	2003	88399
2004	2004	131157
2005	2005	92031
2006	2006	96833
2007	2007	99013
2008	2008	78865
2009	2009	117707
2010	2010	101932
2011	2011	92040
2012	2012	74677
2013	2013	97472
2014	2014	135080
2015	2015	103232
2016	2016	193514
2017	2017	107348
2018	2018	151032
2019	2019	120657
2020	2020	74444
2021	2021	327968
2022	2022	122766
2023	2023	81934
2024	2024	96581
2025	2025	101271
2026	2026	74453
2027	2027	105242
2028	2028	97094
2029	2029	187884
2030	2030	75561
2031	2031	124602
2032	2032	109857
2033	2033	89379
2034	2034	85600
2035	2035	101847
2036	2036	80808
2037	2037	452775
2038	2038	144331
2039	2039	81527
2040	2040	123152
2041	2041	78012
2042	2042	76144
2043	2043	159721
2044	2044	130839
2045	2045	106125
2046	2046	79636
2047	2047	96360
2048	2048	229454
2049	2049	133269
2050	2050	69065
2051	2051	69016
2052	2052	140929
2053	2053	116597
2054	2054	178518
2055	2055	92851
2056	2056	99815
2057	2057	163663
2058	2058	138660
2059	2059	141031
2060	2060	123069
2061	2061	163587
2062	2062	79072
2063	2063	148299
2064	2064	113935
2065	2065	77313
2066	2066	101521
2067	2067	165041
2068	2068	92286
2069	2069	68792
2070	2070	102898
2071	2071	75008
2072	2072	123052
2073	2073	95148
2074	2074	71441
2075	2075	70139
2076	2076	126846
2077	2077	78326
2078	2078	74882
2079	2079	181412
2080	2080	169346
2081	2081	175740
2082	2082	69175
2083	2083	70686
2084	2084	93245
2085	2085	72650
2086	2086	71573
2087	2087	105418
2088	2088	107195
2089	2089	138627
2090	2090	155473
2091	2091	152079
2092	2092	70435
2093	2093	90341
2094	2094	89889
2095	2095	106567
2096	2096	155129
2097	2097	71861
2098	2098	167414
2099	2099	75383
2100	2100	122119
2101	2101	70486
2102	2102	154213
2103	2103	92475
2104	2104	175852
2105	2105	103690
2106	2106	95445
2107	2107	118657
2108	2108	143445
2109	2109	99123
2110	2110	145581
2111	2111	82710
2112	2112	90493
2113	2113	96561
2114	2114	104365
2115	2115	92703
2116	2116	152537
2117	2117	92383
2118	2118	134164
2119	2119	90327
2120	2120	74271
2121	2121	167045
2122	2122	112120
2123	2123	106034
2124	2124	107566
2125	2125	135199
2126	2126	104278
2127	2127	173366
2128	2128	141535
2129	2129	163967
2130	2130	102418
2131	2131	108836
2132	2132	107273
2133	2133	117248
2134	2134	165536
2135	2135	110442
2136	2136	95512
2137	2137	167575
2138	2138	81823
2139	2139	137127
2140	2140	123956
2141	2141	127821
2142	2142	71423
2143	2143	82122
2144	2144	162918
2145	2145	83214
2146	2146	103993
2147	2147	110792
2148	2148	103856
2149	2149	148543
2150	2150	284606
2151	2151	104726
2152	2152	100548
2153	2153	366754
2154	2154	73970
2155	2155	94236
2156	2156	86119
2157	2157	257551
2158	2158	105359
2159	2159	128440
2160	2160	142398
2161	2161	70137
2162	2162	160716
2163	2163	72075
2164	2164	85960
2165	2165	134390
2166	2166	84346
2167	2167	85136
2168	2168	152708
2169	2169	105380
2170	2170	110086
2171	2171	156414
2172	2172	77412
2173	2173	152619
2174	2174	186308
2175	2175	139551
2176	2176	97775
2177	2177	84261
2178	2178	106386
2179	2179	71430
2180	2180	208663
2181	2181	194871
2182	2182	161777
2183	2183	105693
2184	2184	75723
2185	2185	171571
2186	2186	98579
2187	2187	181632
2188	2188	151293
2189	2189	95771
2190	2190	94833
2191	2191	98348
2192	2192	136804
2193	2193	157303
2194	2194	420091
2195	2195	167223
2196	2196	197342
2197	2197	107839
2198	2198	71312
2199	2199	107847
2200	2200	128439
2201	2201	161211
2202	2202	76891
2203	2203	101826
2204	2204	91298
2205	2205	89355
2206	2206	119694
2207	2207	414221
2208	2208	104225
2209	2209	179315
2210	2210	87114
2211	2211	119027
2212	2212	93231
2213	2213	232659
2214	2214	125268
2215	2215	104581
2216	2216	173520
2217	2217	93952
2218	2218	190385
2219	2219	88808
2220	2220	118133
2221	2221	105938
2222	2222	172092
2223	2223	148753
2224	2224	149681
2225	2225	85421
2226	2226	92029
2227	2227	99282
2228	2228	85414
2229	2229	75680
2230	2230	118869
2231	2231	152046
2232	2232	131428
2233	2233	91377
2234	2234	108718
2235	2235	70813
2236	2236	86894
2237	2237	108020
2238	2238	133439
2239	2239	99841
2240	2240	102184
2241	2241	137590
2242	2242	104363
2243	2243	72173
2244	2244	110479
2245	2245	136571
2246	2246	166141
2247	2247	114829
2248	2248	104571
2249	2249	118654
2250	2250	76429
2251	2251	104415
2252	2252	254386
2253	2253	180089
2254	2254	173475
2255	2255	108030
2256	2256	116937
2257	2257	114049
2258	2258	98350
2259	2259	155071
2260	2260	117426
2261	2261	191839
2262	2262	146786
2263	2263	93178
2264	2264	88833
2265	2265	105962
2266	2266	161024
2267	2267	146365
2268	2268	102273
2269	2269	145465
2270	2270	177547
2271	2271	96410
2272	2272	93012
2273	2273	92709
2274	2274	171784
2275	2275	100374
2276	2276	123390
2277	2277	102203
2278	2278	166027
2279	2279	103480
2280	2280	70476
2281	2281	96023
2282	2282	112844
2283	2283	353431
2284	2284	97411
2285	2285	137135
2286	2286	158967
2287	2287	95514
2288	2288	115594
2289	2289	109203
2290	2290	69534
2291	2291	130207
2292	2292	110521
2293	2293	168700
2294	2294	91204
2295	2295	141681
2296	2296	112841
2297	2297	105800
2298	2298	165625
2299	2299	86266
2300	2300	92785
2301	2301	72593
2302	2302	97103
2303	2303	176070
2304	2304	131248
2305	2305	130737
2306	2306	137337
2307	2307	162387
2308	2308	151031
2309	2309	182552
2310	2310	146438
2311	2311	126355
2312	2312	134756
2313	2313	86966
2314	2314	99930
2315	2315	106267
2316	2316	138927
2317	2317	171975
2318	2318	107286
2319	2319	103064
2320	2320	97906
2321	2321	72233
2322	2322	116742
2323	2323	73030
2324	2324	144664
2325	2325	120645
2326	2326	150302
2327	2327	98043
2328	2328	84813
2329	2329	116347
2330	2330	106107
2331	2331	121682
2332	2332	172893
2333	2333	125991
2334	2334	120986
2335	2335	166134
2336	2336	437384
2337	2337	99124
2338	2338	137468
2339	2339	105177
2340	2340	91386
2341	2341	83944
2342	2342	79140
2343	2343	144047
2344	2344	138886
2345	2345	75878
2346	2346	85108
2347	2347	97057
2348	2348	166536
2349	2349	120470
2350	2350	172264
2351	2351	127053
2352	2352	113224
2353	2353	1006089
2354	2354	160327
2355	2355	86622
2356	2356	74290
2357	2357	74262
2358	2358	86140
2359	2359	173557
2360	2360	83618
2361	2361	185986
2362	2362	121293
2363	2363	83214
2364	2364	77037
2365	2365	125952
2366	2366	133743
2367	2367	74019
2368	2368	87535
2369	2369	167731
2370	2370	87324
2371	2371	141271
2372	2372	153397
2373	2373	123718
2374	2374	98480
2375	2375	158969
2376	2376	154049
2377	2377	126355
2378	2378	82139
2379	2379	147320
2380	2380	90941
2381	2381	120341
2382	2382	112268
2383	2383	75532
2384	2384	87099
2385	2385	119933
2386	2386	181578
2387	2387	162359
2388	2388	115989
2389	2389	128929
2390	2390	110299
2391	2391	153413
2392	2392	213225
2393	2393	184291
2394	2394	618721
2395	2395	110040
2396	2396	117334
2397	2397	166962
2398	2398	165929
2399	2399	149930
2400	2400	174610
2401	2401	92394
2402	2402	120145
2403	2403	179428
2404	2404	117666
2405	2405	84667
2406	2406	181193
2407	2407	146042
2408	2408	89861
2409	2409	121948
2410	2410	85201
2411	2411	110261
2412	2412	140574
2413	2413	145992
2414	2414	171779
2415	2415	141444
2416	2416	152876
2417	2417	200196
2418	2418	88034
2419	2419	123646
2420	2420	116907
2421	2421	177173
2422	2422	144088
2423	2423	112127
2424	2424	115224
2425	2425	215928
2426	2426	179493
2427	2427	86432
2428	2428	174294
2429	2429	119919
2430	2430	83419
2431	2431	178010
2432	2432	139460
2433	2433	95319
2434	2434	87024
2435	2435	84666
2436	2436	90968
2437	2437	83579
2438	2438	140607
2439	2439	98939
2440	2440	171761
2441	2441	177249
2442	2442	159716
2443	2443	88235
2444	2444	203680
2445	2445	84183
2446	2446	85981
2447	2447	114460
2448	2448	159646
2449	2449	178135
2450	2450	116051
2451	2451	192829
2452	2452	122570
2453	2453	195499
2454	2454	106850
2455	2455	89035
2456	2456	86479
2457	2457	87457
2458	2458	89959
2459	2459	88675
2460	2460	162821
2461	2461	86238
2462	2462	152608
2463	2463	104711
2464	2464	83939
2465	2465	109304
2466	2466	119452
2467	2467	88882
2468	2468	168252
2469	2469	139382
2470	2470	133596
2471	2471	112461
2472	2472	88048
2473	2473	130687
2474	2474	183052
2475	2475	114396
2476	2476	87952
2477	2477	91971
2478	2478	91201
2479	2479	167904
2480	2480	87022
2481	2481	79844
2482	2482	86584
2483	2483	85855
2484	2484	84634
2485	2485	81932
2486	2486	87067
2487	2487	83759
2488	2488	83440
2489	2489	81062
2490	2490	80725
2491	2491	79899
2492	2492	79941
2493	2493	80011
2494	2494	80542
2495	2495	80364
2496	2496	80830
2497	2497	109467
2498	2498	79513
2499	2499	82701
2500	2500	81082
