100	100	81175
101	101	36513
102	102	94689
103	103	61049
104	104	59098
105	105	84648
106	106	62829
107	107	64537
108	108	65313
109	109	105637
110	110	64247
111	111	70892
112	112	77078
113	113	68614
114	114	90114
115	115	6890296
116	116	293637
117	117	662974
118	118	47737
119	119	434464
120	120	82101
121	121	311359
122	122	63537
123	123	491095
124	124	70936
125	125	80967
126	126	177014
127	127	481832
128	128	89165
129	129	386972
130	130	70345
131	131	77102
132	132	59585
133	133	873105
134	134	348105
135	135	1022794
136	136	93005
137	137	130346
138	138	662104
139	139	387324
140	140	145025
141	141	95083
142	142	643546
143	143	706124
144	144	716385
145	145	140646
146	146	567396
147	147	619297
148	148	794621
149	149	629864
150	150	639788
151	151	338925
152	152	776813
153	153	119794
154	154	270904
155	155	671286
156	156	631958
157	157	615454
158	158	233216
159	159	122785
160	160	718084
161	161	1319067
162	162	351363
163	163	202054
164	164	333477
165	165	336073
166	166	294875
167	167	94567
168	168	708307
169	169	212590
170	170	610815
171	171	606940
172	172	574812
173	173	311166
174	174	116099
175	175	115521
176	176	158289
177	177	624095
178	178	687199
179	179	402567
180	180	1871217
181	181	429443
182	182	782459
183	183	1009960
184	184	735072
185	185	462726
186	186	800890
187	187	841394
188	188	756402
189	189	453600
190	190	961002
191	191	800340
192	192	985484
193	193	969214
194	194	619410
195	195	762310
196	196	703815
197	197	971879
198	198	833858
199	199	637389
200	200	990560
201	201	849218
202	202	747660
203	203	918532
204	204	663515
205	205	1336388
206	206	1079513
207	207	724378
208	208	749763
209	209	1248277
210	210	731737
211	211	897896
212	212	707986
213	213	1202331
214	214	1199175
215	215	570252
216	216	841996
217	217	1269868
218	218	295409
219	219	750331
220	220	1521509
221	221	1463848
222	222	887203
223	223	823388
224	224	1099972
225	225	824960
226	226	1213917
227	227	916472
228	228	1218295
229	229	951294
230	230	1454485
231	231	1436369
232	232	1036248
233	233	1507421
234	234	806319
235	235	1138350
236	236	1301880
237	237	636280
238	238	1242642
239	239	1237591
240	240	935505
241	241	1215255
242	242	828975
243	243	1191776
244	244	902605
245	245	598154
246	246	1172623
247	247	1267349
248	248	1206983
249	249	1701385
250	250	1377655
251	251	1035137
252	252	1027073
253	253	1086938
254	254	1898382
255	255	1305605
256	256	1628809
257	257	1155283
258	258	1064052
259	259	1046003
260	260	1085408
261	261	983631
262	262	1265463
263	263	1516383
264	264	1300030
265	265	1469047
266	266	1527849
267	267	1258638
268	268	2116635
269	269	1744773
270	270	1060814
271	271	1453549
272	272	1024573
273	273	1417949
274	274	1816017
275	275	1621823
276	276	1598026
277	277	1620415
278	278	1480242
279	279	1277789
280	280	1659763
281	281	1723667
282	282	1566766
283	283	1166931
284	284	1626094
285	285	1279306
286	286	1050434
287	287	1285052
288	288	1360618
289	289	1526293
290	290	1213444
291	291	1361593
292	292	1071457
293	293	1189762
294	294	1276616
295	295	1634085
296	296	1528595
297	297	1463631
298	298	1514927
299	299	1669808
300	300	1652543
301	301	1063931
302	302	1097500
303	303	1404689
304	304	1683633
305	305	1560160
306	306	1486842
307	307	1409198
308	308	1643388
309	309	1152339
310	310	1411454
311	311	1291755
312	312	929035
313	313	1798224
314	314	1412596
315	315	1117825
316	316	1047278
317	317	1103723
318	318	939742
319	319	1480173
320	320	1937197
321	321	1661781
322	322	385551
323	323	1053118
324	324	974072
325	325	2118543
326	326	1273536
327	327	1658313
328	328	1371199
329	329	1559901
330	330	1421389
331	331	1654644
332	332	1682165
333	333	1440880
334	334	1794651
335	335	2064949
336	336	1473492
337	337	1681630
338	338	1734255
339	339	1243185
340	340	1574785
341	341	1066628
342	342	2289410
343	343	2014077
344	344	1552077
345	345	2197194
346	346	1403770
347	347	1652971
348	348	1406191
349	349	1729424
350	350	1088956
351	351	1905846
352	352	1420085
353	353	1964494
354	354	1598801
355	355	1519798
356	356	1026689
357	357	1469240
358	358	1915539
359	359	1270036
360	360	1364551
361	361	2336043
362	362	2385670
363	363	1843512
364	364	1425335
365	365	1286379
366	366	1620104
367	367	1383603
368	368	2394313
369	369	1244346
370	370	2034124
371	371	1854737
372	372	2016848
373	373	1527097
374	374	1277450
375	375	752915
376	376	1479249
377	377	2208079
378	378	2150736
379	379	1100612
380	380	2463831
381	381	1398027
382	382	1491468
383	383	1594965
384	384	2033655
385	385	1852813
386	386	2216236
387	387	2186468
388	388	2335396
389	389	2009472
390	390	2573421
391	391	2151723
392	392	1905133
393	393	2072529
394	394	1908906
395	395	1907185
396	396	1949935
397	397	2549225
398	398	2225517
399	399	2207072
400	400	1377933
401	401	1759355
402	402	1751291
403	403	1854098
404	404	3214023
405	405	2558680
406	406	2185269
407	407	1451305
408	408	2205612
409	409	2249216
410	410	1792856
411	411	2420475
412	412	1800413
413	413	2080577
414	414	2366075
415	415	2452092
416	416	2275893
417	417	2256548
418	418	2765891
419	419	2993465
420	420	2734575
421	421	1945734
422	422	2004004
423	423	2000707
424	424	1922999
425	425	2189025
426	426	1608730
427	427	2260764
428	428	950788
429	429	2235134
430	430	1639584
431	431	2482826
432	432	1752399
433	433	2411607
434	434	1986991
435	435	2690817
436	436	1705947
437	437	2190434
438	438	2704366
439	439	2511500
440	440	2796841
441	441	1898274
442	442	1432671
443	443	2553906
444	444	2268843
445	445	2333975
446	446	2352702
447	447	1990881
448	448	2466615
449	449	2751572
450	450	2882691
451	451	1904730
452	452	2655992
453	453	2576166
454	454	2617796
455	455	2943633
456	456	1840117
457	457	2692592
458	458	2023623
459	459	2848007
460	460	2492524
461	461	2787438
462	462	2868407
463	463	3064684
464	464	2671531
465	465	2508129
466	466	2078772
467	467	2646662
468	468	2450777
469	469	2431426
470	470	2918580
471	471	3241527
472	472	1991374
473	473	2673876
474	474	2733213
475	475	2676496
476	476	2528996
477	477	2410947
478	478	3522887
479	479	3157612
480	480	3309238
481	481	2809029
482	482	2419338
483	483	2561718
484	484	2010016
485	485	2884241
486	486	2746430
487	487	2736546
488	488	3312802
489	489	1797186
490	490	2892470
491	491	2473376
492	492	2609869
493	493	2552199
494	494	3047123
495	495	2576180
496	496	3095810
497	497	2916216
498	498	2600016
499	499	2925956
500	500	3181513
501	501	3451117
502	502	2918764
503	503	2284234
504	504	3146565
505	505	3132579
506	506	3140046
507	507	2627789
508	508	3141186
509	509	3104072
510	510	2645677
511	511	2884661
512	512	3391309
513	513	3116912
514	514	2418898
515	515	2826344
516	516	2773388
517	517	2985115
518	518	3162275
519	519	3001579
520	520	3498082
521	521	3073484
522	522	3539810
523	523	2870293
524	524	2663033
525	525	2755428
526	526	3104101
527	527	2325596
528	528	3121880
529	529	3119645
530	530	2480627
531	531	2863993
532	532	3148861
533	533	2701089
534	534	2304126
535	535	2444512
536	536	3277164
537	537	3157196
538	538	3187292
539	539	2759434
540	540	3620518
541	541	2364057
542	542	2895933
543	543	3648010
544	544	2898543
545	545	2978074
546	546	2687594
547	547	3281194
548	548	3073781
549	549	3780653
550	550	3082031
551	551	3560898
552	552	4132861
553	553	2992846
554	554	2997067
555	555	3300180
556	556	2232735
557	557	3685085
558	558	4144875
559	559	3108368
560	560	3086729
561	561	3814512
562	562	2846827
563	563	2842544
564	564	3393537
565	565	3306897
566	566	3864642
567	567	3384276
568	568	3289937
569	569	2337404
570	570	3221558
571	571	3304091
572	572	3592221
573	573	4229543
574	574	2345112
575	575	2094868
576	576	3159171
577	577	3109191
578	578	2842374
579	579	3331695
580	580	3746547
581	581	3771834
582	582	3224070
583	583	3371669
584	584	3106013
585	585	2557833
586	586	3235991
587	587	3248552
588	588	3274794
589	589	2255533
590	590	3661650
591	591	3920984
592	592	4498310
593	593	3442889
594	594	2905985
595	595	2304919
596	596	3677852
597	597	4057523
598	598	2807930
599	599	3576629
600	600	3356542
601	601	3771941
602	602	3215260
603	603	3294118
604	604	3862013
605	605	2963789
606	606	4173034
607	607	5168396
608	608	3114285
609	609	4174441
610	610	4165107
611	611	3943038
612	612	3097913
613	613	3776127
614	614	3112107
615	615	4221079
616	616	2551860
617	617	4952880
618	618	5429464
619	619	4746781
620	620	3544374
621	621	2977950
622	622	5653035
623	623	4613720
624	624	5385450
625	625	4547931
626	626	4298635
627	627	4142931
628	628	5680883
629	629	2600766
630	630	5287528
631	631	3911247
632	632	4625444
633	633	3228606
634	634	4112305
635	635	4440690
636	636	4731876
637	637	4626012
638	638	4682311
639	639	3843222
640	640	6441345
641	641	7382654
642	642	4472399
643	643	4779414
644	644	4576608
645	645	4179506
646	646	5489048
647	647	9633935
648	648	8577895
649	649	3962908
650	650	4245894
651	651	3277751
652	652	9144220
653	653	6877748
654	654	10169991
655	655	8692535
656	656	5559468
657	657	3959298
658	658	6974775
659	659	3515842
660	660	4034849
661	661	4566870
662	662	8981409
663	663	3644494
664	664	3972314
665	665	2728060
666	666	3296927
667	667	4170148
668	668	4514881
669	669	3817730
670	670	4286637
671	671	3382461
672	672	5227418
673	673	5076478
674	674	4884852
675	675	4604533
676	676	5028207
677	677	4755628
678	678	3198437
679	679	5099365
680	680	5909409
681	681	6111522
682	682	3440685
683	683	4086201
684	684	4004478
685	685	3619789
686	686	5085691
687	687	4773278
688	688	5447796
689	689	5576052
690	690	5528178
691	691	5396994
692	692	5022503
693	693	4458565
694	694	5803028
695	695	5441934
696	696	4531425
697	697	5990419
698	698	4140711
699	699	4745154
700	700	5036133
701	701	5082010
702	702	4590321
703	703	5172849
704	704	5351817
705	705	5017901
706	706	4477801
707	707	4601938
708	708	4559922
709	709	4293330
710	710	4335715
711	711	4883978
712	712	5237096
713	713	4953161
714	714	4899760
715	715	4416271
716	716	4783859
717	717	6038139
718	718	5885710
719	719	4681665
720	720	4731467
721	721	4815252
722	722	5616947
723	723	4201751
724	724	5016111
725	725	5624365
726	726	5771645
727	727	6470686
728	728	4398105
729	729	5256050
730	730	6270675
731	731	4721500
732	732	5119943
733	733	5123603
734	734	4516275
735	735	5664671
736	736	4634380
737	737	5371505
738	738	6419981
739	739	5724982
740	740	6611481
741	741	5243967
742	742	5892742
743	743	6226270
744	744	6076040
745	745	4684903
746	746	6163060
747	747	4540278
748	748	10076250
749	749	5338075
750	750	4999751
751	751	4786597
752	752	5661477
753	753	5544185
754	754	5199910
755	755	4984865
756	756	5604961
757	757	3713141
758	758	5677018
759	759	4541227
760	760	5406455
761	761	5985712
762	762	5820039
763	763	5225477
764	764	6698748
765	765	6050720
766	766	5099474
767	767	5094550
768	768	4831748
769	769	5239560
770	770	5374860
771	771	4677681
772	772	5778654
773	773	4848078
774	774	4351052
775	775	4476973
776	776	5880517
777	777	5082346
778	778	4761368
779	779	4567427
780	780	5350776
781	781	5245625
782	782	5205398
783	783	6008253
784	784	5810355
785	785	4407855
786	786	4724493
787	787	5440691
788	788	5271162
789	789	4975261
790	790	6199605
791	791	4968068
792	792	4608386
793	793	5925970
794	794	5338621
795	795	5226505
796	796	5302645
797	797	5199801
798	798	6925162
799	799	4156808
800	800	5219266
801	801	6525286
802	802	5581135
803	803	4967516
804	804	5893128
805	805	6760306
806	806	5910661
807	807	5581774
808	808	6471203
809	809	6806705
810	810	5454977
811	811	5702782
812	812	5942377
813	813	5218092
814	814	6076124
815	815	5320244
816	816	4619566
817	817	6766440
818	818	6653169
819	819	3843997
820	820	5942668
821	821	4899123
822	822	5290259
823	823	5733861
824	824	4606573
825	825	4921546
826	826	5675095
827	827	4784386
828	828	4781351
829	829	5291119
830	830	4547064
831	831	5168605
832	832	5437921
833	833	4655793
834	834	7841641
835	835	7138228
836	836	7347294
837	837	5928450
838	838	5173411
839	839	5354858
840	840	4664284
841	841	5937277
842	842	8581324
843	843	5768335
844	844	7950352
845	845	5622155
846	846	8646468
847	847	5734757
848	848	8582910
849	849	6601050
850	850	5830687
851	851	8770045
852	852	6360366
853	853	12745188
854	854	6495311
855	855	6208150
856	856	6350795
857	857	6173799
858	858	6168327
859	859	7042463
860	860	6651620
861	861	6710599
862	862	5781669
863	863	5682141
864	864	6395007
865	865	9012033
866	866	8148341
867	867	7206465
868	868	9940733
869	869	8126547
870	870	8881571
871	871	8637136
872	872	8613772
873	873	9280703
874	874	8517095
875	875	6960735
876	876	7800617
877	877	8051139
878	878	8546131
879	879	8604582
880	880	9075314
881	881	9889716
882	882	6810020
883	883	6785788
884	884	9041421
885	885	9661500
886	886	13721776
887	887	13333774
888	888	14384514
889	889	14866653
890	890	7796860
891	891	12643436
892	892	9433478
893	893	10418998
894	894	11404965
895	895	12229897
896	896	11106326
897	897	6700801
898	898	7532145
899	899	7448177
900	900	8915949
901	901	7925535
902	902	7050038
903	903	8431932
904	904	8747329
905	905	7128186
906	906	7483744
907	907	9363215
908	908	7520811
909	909	5610856
910	910	7931952
911	911	8812650
912	912	6603152
913	913	9867142
914	914	6282180
915	915	6788067
916	916	5085721
917	917	5504550
918	918	7607111
919	919	8361768
920	920	10799455
921	921	9891811
922	922	7419702
923	923	7888625
924	924	8173132
925	925	8974174
926	926	7331913
927	927	7612257
928	928	8468249
929	929	8122529
930	930	9447196
931	931	8380334
932	932	7672366
933	933	8346551
934	934	9457033
935	935	8107777
936	936	10329646
937	937	10879866
938	938	12181159
939	939	8287568
940	940	9902729
941	941	8776538
942	942	7524009
943	943	6769225
944	944	8126104
945	945	7091597
946	946	9708514
947	947	8653114
948	948	8932025
949	949	9224742
950	950	9408149
951	951	8464474
952	952	10450098
953	953	10519605
954	954	9951049
955	955	10052271
956	956	11166494
957	957	8104717
958	958	7629422
959	959	7711630
960	960	10878298
961	961	6248834
962	962	9210470
963	963	8056010
964	964	7372021
965	965	9252518
966	966	10098069
967	967	9065338
968	968	11978412
969	969	10478739
970	970	9944346
971	971	10294759
972	972	9965096
973	973	10774427
974	974	10607614
975	975	15603796
976	976	10101493
977	977	8849188
978	978	9465215
979	979	9661035
980	980	9976974
981	981	11198792
982	982	9021377
983	983	9610872
984	984	9307453
985	985	11921971
986	986	11000394
987	987	11693194
988	988	10496303
989	989	11675915
990	990	12337559
991	991	7365109
992	992	13683275
993	993	11261184
994	994	9983092
995	995	9223038
996	996	9319867
997	997	10904145
998	998	10728424
999	999	10326135
1000	1000	12832659
1001	1001	10597484
1002	1002	11225935
1003	1003	13429732
1004	1004	10183187
1005	1005	11896680
1006	1006	8517185
1007	1007	9500388
1008	1008	10264544
1009	1009	9531477
1010	1010	9025469
1011	1011	9396514
1012	1012	10535431
1013	1013	10401998
1014	1014	9452022
1015	1015	9156023
1016	1016	9514773
1017	1017	12032007
1018	1018	10405671
1019	1019	7662812
1020	1020	10295315
1021	1021	7349841
1022	1022	11601089
1023	1023	10464281
1024	1024	9263286
1025	1025	9420569
1026	1026	8975782
1027	1027	9359115
1028	1028	8136582
1029	1029	7489936
1030	1030	7013742
1031	1031	8416518
1032	1032	9887242
1033	1033	7978551
1034	1034	7964531
1035	1035	9285267
1036	1036	8865689
1037	1037	8251399
1038	1038	7791014
1039	1039	9753084
1040	1040	10707824
1041	1041	9693304
1042	1042	8344394
1043	1043	10095799
1044	1044	9224232
1045	1045	9230063
1046	1046	7872024
1047	1047	9504966
1048	1048	9999686
1049	1049	10041084
1050	1050	7446114
1051	1051	9343500
1052	1052	9238277
1053	1053	8513675
1054	1054	9313486
1055	1055	10971962
1056	1056	9023324
1057	1057	10025317
1058	1058	7264176
1059	1059	8731413
1060	1060	11018284
1061	1061	10164219
1062	1062	8818247
1063	1063	8741820
1064	1064	9221262
1065	1065	9709016
1066	1066	10610821
1067	1067	7587345
1068	1068	10096180
1069	1069	10578892
1070	1070	9465552
1071	1071	7721203
1072	1072	8870426
1073	1073	9776949
1074	1074	9626195
1075	1075	12190619
1076	1076	9131804
1077	1077	11049931
1078	1078	10541964
1079	1079	9557742
1080	1080	10899028
1081	1081	10373403
1082	1082	12363293
1083	1083	10368134
1084	1084	11512227
1085	1085	10789174
1086	1086	11269848
1087	1087	10580744
1088	1088	11116659
1089	1089	11630744
1090	1090	10397303
1091	1091	10107159
1092	1092	12810079
1093	1093	10740687
1094	1094	11892426
1095	1095	12411291
1096	1096	10078341
1097	1097	10890654
1098	1098	11115877
1099	1099	11586614
1100	1100	11220138
1101	1101	13051370
1102	1102	12235716
1103	1103	10070743
1104	1104	11481345
1105	1105	11474636
1106	1106	11079109
1107	1107	8216914
1108	1108	13682301
1109	1109	8111025
1110	1110	11360616
1111	1111	12645069
1112	1112	11401525
1113	1113	9978470
1114	1114	12089311
1115	1115	10066258
1116	1116	11800870
1117	1117	10297055
1118	1118	11181093
1119	1119	12653823
1120	1120	12217278
1121	1121	17905062
1122	1122	13580222
1123	1123	36184099
1124	1124	40466856
1125	1125	10287208
1126	1126	12959339
1127	1127	11285329
1128	1128	16896068
1129	1129	12141525
1130	1130	6464427
1131	1131	8449550
1132	1132	14267574
1133	1133	7318418
1134	1134	12826107
1135	1135	8980126
1136	1136	9134334
1137	1137	9835555
1138	1138	9434883
1139	1139	9276846
1140	1140	12501698
1141	1141	7016510
1142	1142	9194592
1143	1143	9978386
1144	1144	8611360
1145	1145	9442470
1146	1146	10209356
1147	1147	10600670
1148	1148	7849960
1149	1149	11161534
1150	1150	10705189
1151	1151	9136358
1152	1152	11479829
1153	1153	9965323
1154	1154	7272947
1155	1155	8268596
1156	1156	8151774
1157	1157	10018288
1158	1158	9075138
1159	1159	10072371
1160	1160	8512677
1161	1161	9603331
1162	1162	10704367
1163	1163	10344722
1164	1164	7563562
1165	1165	9484050
1166	1166	9657702
1167	1167	10765696
1168	1168	9074853
1169	1169	10195359
1170	1170	10369864
1171	1171	10895299
1172	1172	8233424
1173	1173	9164007
1174	1174	8330865
1175	1175	12331321
1176	1176	11791536
1177	1177	10123222
1178	1178	9504088
1179	1179	8424755
1180	1180	9569811
1181	1181	9864989
1182	1182	8966308
1183	1183	10674670
1184	1184	11834964
1185	1185	9592977
1186	1186	8481017
1187	1187	9833121
1188	1188	10754886
1189	1189	9420554
1190	1190	9572293
1191	1191	9813602
1192	1192	11745403
1193	1193	10144592
1194	1194	9031568
1195	1195	9471918
1196	1196	8781239
1197	1197	10600143
1198	1198	10862466
1199	1199	10871552
1200	1200	11146121
1201	1201	8601838
1202	1202	8728675
1203	1203	9368766
1204	1204	10980313
1205	1205	9376264
1206	1206	11539091
1207	1207	9049802
1208	1208	9078893
1209	1209	9285915
1210	1210	11098461
1211	1211	9996137
1212	1212	9817927
1213	1213	10744269
1214	1214	10057732
1215	1215	10708196
1216	1216	11169549
1217	1217	12232968
1218	1218	14037788
1219	1219	9653201
1220	1220	9913668
1221	1221	12054452
1222	1222	10414939
1223	1223	10458444
1224	1224	13270035
1225	1225	11908624
1226	1226	12513880
1227	1227	10771654
1228	1228	10425533
1229	1229	14091665
1230	1230	9307159
1231	1231	9906206
1232	1232	11045310
1233	1233	12345108
1234	1234	15781749
1235	1235	10743745
1236	1236	11850424
1237	1237	11590972
1238	1238	10185109
1239	1239	12741778
1240	1240	13065878
1241	1241	12954081
1242	1242	10990087
1243	1243	10536891
1244	1244	11307775
1245	1245	13143590
1246	1246	10914151
1247	1247	11312342
1248	1248	11704212
1249	1249	10589173
1250	1250	10418502
1251	1251	9967110
1252	1252	11727765
1253	1253	11647177
1254	1254	11932888
1255	1255	12943939
1256	1256	12809505
1257	1257	13538377
1258	1258	12254184
1259	1259	12943437
1260	1260	12164580
1261	1261	13893498
1262	1262	13494130
1263	1263	14268320
1264	1264	12610961
1265	1265	14387852
1266	1266	9865776
1267	1267	12609072
1268	1268	12001910
1269	1269	13364626
1270	1270	13913181
1271	1271	14142354
1272	1272	13818359
1273	1273	11566947
1274	1274	12076753
1275	1275	12369232
1276	1276	14011521
1277	1277	13651598
1278	1278	14071387
1279	1279	12014625
1280	1280	15532011
1281	1281	14492923
1282	1282	15542228
1283	1283	13468952
1284	1284	12098413
1285	1285	15500699
1286	1286	16322971
1287	1287	16333250
1288	1288	13346656
1289	1289	20203691
1290	1290	14374548
1291	1291	19740051
1292	1292	14650432
1293	1293	12990718
1294	1294	16558921
1295	1295	22171127
1296	1296	13584291
1297	1297	12406362
1298	1298	13297401
1299	1299	12307521
1300	1300	14945425
1301	1301	14992290
1302	1302	14509426
1303	1303	13789617
1304	1304	15371482
1305	1305	14848682
1306	1306	15048814
1307	1307	11192699
1308	1308	10749303
1309	1309	12997633
1310	1310	13075101
1311	1311	14221644
1312	1312	13274859
1313	1313	17490551
1314	1314	14790831
1315	1315	12845332
1316	1316	12410537
1317	1317	10616696
1318	1318	14293562
1319	1319	15912752
1320	1320	13020441
1321	1321	13228665
1322	1322	14423216
1323	1323	14092290
1324	1324	14492704
1325	1325	17212331
1326	1326	13711159
1327	1327	11292127
1328	1328	16292562
1329	1329	13320179
1330	1330	11666718
1331	1331	13320539
1332	1332	12297439
1333	1333	14574544
1334	1334	16460765
1335	1335	14203795
1336	1336	13688849
1337	1337	15366651
1338	1338	14067485
1339	1339	16725938
1340	1340	13817627
1341	1341	15182207
1342	1342	14652545
1343	1343	14614122
1344	1344	14094336
1345	1345	14930902
1346	1346	14572775
1347	1347	15191695
1348	1348	13038192
1349	1349	13287906
1350	1350	14552807
1351	1351	18401634
1352	1352	17033526
1353	1353	17186002
1354	1354	16895645
1355	1355	19195350
1356	1356	15501825
1357	1357	20366335
1358	1358	14922359
1359	1359	16343536
1360	1360	20983148
1361	1361	22421486
1362	1362	18986265
1363	1363	20611847
1364	1364	16084799
1365	1365	19158995
1366	1366	18582311
1367	1367	18181429
1368	1368	23146480
1369	1369	21469056
1370	1370	19393201
1371	1371	19303540
1372	1372	20115031
1373	1373	22909650
1374	1374	24454609
1375	1375	20698438
1376	1376	18443726
1377	1377	16573272
1378	1378	21071047
1379	1379	17196983
1380	1380	21769976
1381	1381	19573782
1382	1382	20314662
1383	1383	15973668
1384	1384	22022842
1385	1385	19329319
1386	1386	16930190
1387	1387	18654480
1388	1388	19340682
1389	1389	18524802
1390	1390	18020515
1391	1391	16383479
1392	1392	22427063
1393	1393	20773692
1394	1394	21988065
1395	1395	19876419
1396	1396	21570915
1397	1397	19160633
1398	1398	22305675
1399	1399	19101997
1400	1400	24389997
1401	1401	23158376
1402	1402	22756751
1403	1403	16098108
1404	1404	20593655
1405	1405	22053263
1406	1406	21178379
1407	1407	15179111
1408	1408	21171752
1409	1409	19849942
1410	1410	26367305
1411	1411	22799105
1412	1412	21210515
1413	1413	19864978
1414	1414	19157250
1415	1415	15276406
1416	1416	13282087
1417	1417	18657418
1418	1418	19486366
1419	1419	23862993
1420	1420	17226423
1421	1421	20644917
1422	1422	25816495
1423	1423	22710748
1424	1424	21473058
1425	1425	18783648
1426	1426	21556122
1427	1427	17834759
1428	1428	21836615
1429	1429	17843661
1430	1430	23747997
1431	1431	17862726
1432	1432	18067190
1433	1433	20199182
1434	1434	22567125
1435	1435	17365776
1436	1436	23741324
1437	1437	22526722
1438	1438	17086881
1439	1439	21469460
1440	1440	20076196
1441	1441	23571291
1442	1442	21051944
1443	1443	22085710
1444	1444	22073044
1445	1445	24065039
1446	1446	20996992
1447	1447	22668422
1448	1448	23560884
1449	1449	16238194
1450	1450	26550865
1451	1451	24930262
1452	1452	20176029
1453	1453	21333737
1454	1454	19772106
1455	1455	21349133
1456	1456	26450573
1457	1457	24695843
1458	1458	24417053
1459	1459	26080273
1460	1460	23860507
1461	1461	22260466
1462	1462	20367504
1463	1463	23196664
1464	1464	18408287
1465	1465	23309780
1466	1466	23197863
1467	1467	22374698
1468	1468	23046206
1469	1469	28923094
1470	1470	21973686
1471	1471	19361066
1472	1472	22592028
1473	1473	25815164
1474	1474	27739843
1475	1475	24644626
1476	1476	29149616
1477	1477	22591240
1478	1478	27906225
1479	1479	23828006
1480	1480	28485780
1481	1481	18554747
1482	1482	27707340
1483	1483	27287604
1484	1484	24175792
1485	1485	27037033
1486	1486	15597785
1487	1487	24346927
1488	1488	21983516
1489	1489	21795171
1490	1490	27038406
1491	1491	23766815
1492	1492	25113139
1493	1493	27308970
1494	1494	21003528
1495	1495	25472973
1496	1496	26791801
1497	1497	22800924
1498	1498	25883698
1499	1499	22189266
1500	1500	24224855
1501	1501	21487097
1502	1502	25313499
1503	1503	25813725
1504	1504	25258391
1505	1505	22066667
1506	1506	20942036
1507	1507	20908887
1508	1508	20869424
1509	1509	20711514
1510	1510	19465281
1511	1511	24536073
1512	1512	22482726
1513	1513	25746730
1514	1514	16799992
1515	1515	24690440
1516	1516	23791933
1517	1517	22720864
1518	1518	19290120
1519	1519	25959479
1520	1520	28407267
1521	1521	28254200
1522	1522	17108444
1523	1523	16860695
1524	1524	19880251
1525	1525	22247373
1526	1526	22511465
1527	1527	19582050
1528	1528	23554789
1529	1529	18624925
1530	1530	21278321
1531	1531	24082921
1532	1532	21394455
1533	1533	27443956
1534	1534	26818049
1535	1535	27139776
1536	1536	27728711
1537	1537	29909220
1538	1538	23195333
1539	1539	22750987
1540	1540	23357454
1541	1541	22002775
1542	1542	22842594
1543	1543	20542908
1544	1544	25089704
1545	1545	23326335
1546	1546	21948448
1547	1547	22308759
1548	1548	18171211
1549	1549	19993510
1550	1550	22303531
1551	1551	25805266
1552	1552	22916968
1553	1553	22733705
1554	1554	18865243
1555	1555	23594005
1556	1556	21633519
1557	1557	24029498
1558	1558	22524781
1559	1559	20915555
1560	1560	24689392
1561	1561	18299701
1562	1562	24904930
1563	1563	24927127
1564	1564	18988318
1565	1565	24309528
1566	1566	24353421
1567	1567	27462984
1568	1568	24342679
1569	1569	26236446
1570	1570	21113181
1571	1571	21825911
1572	1572	26498863
1573	1573	19979227
1574	1574	25773581
1575	1575	21558141
1576	1576	22202750
1577	1577	24037810
1578	1578	19122416
1579	1579	19963499
1580	1580	22823243
1581	1581	25535157
1582	1582	27561118
1583	1583	23272853
1584	1584	23508427
1585	1585	22120160
1586	1586	22498910
1587	1587	27690302
1588	1588	17307593
1589	1589	15013848
1590	1590	15005187
1591	1591	13098532
1592	1592	11121983
1593	1593	10958706
1594	1594	10582042
1595	1595	10235161
1596	1596	11396878
1597	1597	10717420
1598	1598	10103607
1599	1599	10079032
1600	1600	9227083
1601	1601	9283232
1602	1602	9853304
1603	1603	8862921
1604	1604	8868053
1605	1605	9176952
1606	1606	9142722
1607	1607	9782702
1608	1608	10105220
1609	1609	9168783
1610	1610	9258697
1611	1611	9667102
1612	1612	9271500
1613	1613	10154648
1614	1614	8854699
1615	1615	9455604
1616	1616	9859926
1617	1617	10067041
1618	1618	10130885
1619	1619	10895873
1620	1620	8990705
1621	1621	9231224
1622	1622	10375210
1623	1623	9092990
1624	1624	9176721
1625	1625	9562225
1626	1626	9475538
1627	1627	10092055
1628	1628	10193059
1629	1629	10583849
1630	1630	10577151
1631	1631	9204890
1632	1632	9758851
1633	1633	10409310
1634	1634	11113135
1635	1635	10567545
1636	1636	9301709
1637	1637	9530923
1638	1638	9707246
1639	1639	10455158
1640	1640	10278974
1641	1641	9902780
1642	1642	9318690
1643	1643	10322124
1644	1644	10565165
1645	1645	10358496
1646	1646	10929470
1647	1647	10268278
1648	1648	10599756
1649	1649	10076358
1650	1650	9321976
1651	1651	10168704
1652	1652	10864938
1653	1653	9425235
1654	1654	9654654
1655	1655	11252168
1656	1656	10335447
1657	1657	11330748
1658	1658	10206776
1659	1659	9274991
1660	1660	9381611
1661	1661	9502001
1662	1662	9553425
1663	1663	10320781
1664	1664	9608652
1665	1665	10386063
1666	1666	10112770
1667	1667	9457209
1668	1668	9950024
1669	1669	10755986
1670	1670	11894072
1671	1671	10450960
1672	1672	10253439
1673	1673	10725504
1674	1674	10048364
1675	1675	10488974
1676	1676	9464370
1677	1677	10808006
1678	1678	10702441
1679	1679	10011891
1680	1680	10429242
1681	1681	9571698
1682	1682	10225758
1683	1683	9739195
1684	1684	10372113
1685	1685	9397255
1686	1686	10480664
1687	1687	10156420
1688	1688	9696589
1689	1689	9554130
1690	1690	9581130
1691	1691	9490953
1692	1692	9246360
1693	1693	10394199
1694	1694	9513986
1695	1695	9724978
1696	1696	9838341
1697	1697	9670449
1698	1698	9866703
1699	1699	10487648
1700	1700	10058911
1701	1701	10722709
1702	1702	10521714
1703	1703	9959298
1704	1704	10251088
1705	1705	9777293
1706	1706	9506360
1707	1707	9766728
1708	1708	10370989
1709	1709	9334083
1710	1710	9352455
1711	1711	9925948
1712	1712	9607239
1713	1713	10102167
1714	1714	10175061
1715	1715	9474533
1716	1716	9644987
1717	1717	10343444
1718	1718	9225475
1719	1719	10026732
1720	1720	10150720
1721	1721	9245023
1722	1722	9688664
1723	1723	10267660
1724	1724	9784277
1725	1725	9727030
1726	1726	9917832
1727	1727	10341600
1728	1728	10711212
1729	1729	9221784
1730	1730	9567069
1731	1731	9537467
1732	1732	9709386
1733	1733	9451222
1734	1734	9490508
1735	1735	9025280
1736	1736	9300160
1737	1737	10218588
1738	1738	10437685
1739	1739	10362988
1740	1740	10790761
1741	1741	10219625
1742	1742	10176692
1743	1743	10190946
1744	1744	10154499
1745	1745	10141697
1746	1746	10068383
1747	1747	9617237
1748	1748	9733123
1749	1749	9531024
1750	1750	10515398
1751	1751	10455804
1752	1752	10679148
1753	1753	10568459
1754	1754	9887645
1755	1755	9945074
1756	1756	9868696
1757	1757	9546764
1758	1758	10783996
1759	1759	9625232
1760	1760	10075346
1761	1761	9830685
1762	1762	9508132
1763	1763	10682356
1764	1764	10832244
1765	1765	10643246
1766	1766	10276260
1767	1767	10419382
1768	1768	10263798
1769	1769	10482838
1770	1770	10562221
1771	1771	10802424
1772	1772	11041287
1773	1773	10470745
1774	1774	10243350
1775	1775	12302583
1776	1776	9892808
1777	1777	11131708
1778	1778	10205105
1779	1779	10208409
1780	1780	10460104
1781	1781	10515463
1782	1782	10624092
1783	1783	10631229
1784	1784	10089009
1785	1785	10116909
1786	1786	10590762
1787	1787	10268778
1788	1788	9540080
1789	1789	10896636
1790	1790	10066033
1791	1791	9851041
1792	1792	10391615
1793	1793	12469108
1794	1794	11784760
1795	1795	12381132
1796	1796	12001966
1797	1797	11314698
1798	1798	12159806
1799	1799	11384246
1800	1800	11324095
1801	1801	12053546
1802	1802	11673241
1803	1803	11574853
1804	1804	12043200
1805	1805	12867614
1806	1806	12636240
1807	1807	14120650
1808	1808	11595072
1809	1809	11896329
1810	1810	11530915
1811	1811	11574175
1812	1812	11661999
1813	1813	12303265
1814	1814	12749238
1815	1815	12848439
1816	1816	12893448
1817	1817	12321253
1818	1818	12881841
1819	1819	13144052
1820	1820	12993990
1821	1821	14553431
1822	1822	13343574
1823	1823	13164593
1824	1824	12747115
1825	1825	11844417
1826	1826	12550336
1827	1827	12514905
1828	1828	11915974
1829	1829	12113103
1830	1830	12158199
1831	1831	12148614
1832	1832	11952649
1833	1833	12309096
1834	1834	13798530
1835	1835	12317700
1836	1836	12281245
1837	1837	11909373
1838	1838	12338428
1839	1839	12253692
1840	1840	13535540
1841	1841	14068620
1842	1842	13237911
1843	1843	13189622
1844	1844	12200548
1845	1845	13226759
1846	1846	11902958
1847	1847	12951916
1848	1848	13077594
1849	1849	12634994
1850	1850	14534220
1851	1851	13825353
1852	1852	13718360
1853	1853	12413315
1854	1854	13654616
1855	1855	13579044
1856	1856	14011925
1857	1857	12317805
1858	1858	13033213
1859	1859	13200608
1860	1860	13583661
1861	1861	14526551
1862	1862	12843510
1863	1863	13987090
1864	1864	12960923
1865	1865	13031624
1866	1866	13032041
1867	1867	13103717
1868	1868	12707548
1869	1869	12627724
1870	1870	13524627
1871	1871	12837650
1872	1872	12307324
1873	1873	12512624
1874	1874	13229743
1875	1875	13185369
1876	1876	14135227
1877	1877	13229642
1878	1878	13052390
1879	1879	13670237
1880	1880	13539705
1881	1881	15318956
1882	1882	13889316
1883	1883	12566449
1884	1884	12480280
1885	1885	13792935
1886	1886	13895730
1887	1887	12454234
1888	1888	12537730
1889	1889	12351740
1890	1890	12853065
1891	1891	12698015
1892	1892	13594540
1893	1893	13662661
1894	1894	12700646
1895	1895	12363131
1896	1896	13905974
1897	1897	14148419
1898	1898	13928765
1899	1899	15038627
1900	1900	13044458
1901	1901	14421497
1902	1902	13907467
1903	1903	15282777
1904	1904	15452920
1905	1905	17262152
1906	1906	15138193
1907	1907	14182779
1908	1908	13648243
1909	1909	14449815
1910	1910	13571869
1911	1911	14156599
1912	1912	15131170
1913	1913	14121644
1914	1914	13437329
1915	1915	13242295
1916	1916	13425821
1917	1917	13442272
1918	1918	14132779
1919	1919	12711640
1920	1920	13876358
1921	1921	13583617
1922	1922	13222749
1923	1923	13241809
1924	1924	13050428
1925	1925	13213731
1926	1926	14165140
1927	1927	13178975
1928	1928	13226841
1929	1929	14508801
1930	1930	13165347
1931	1931	13787383
1932	1932	13487102
1933	1933	13099053
1934	1934	13874426
1935	1935	14289454
1936	1936	13836605
1937	1937	12782882
1938	1938	13230077
1939	1939	12696175
1940	1940	12862961
1941	1941	13310796
1942	1942	13217503
1943	1943	13022063
1944	1944	13586879
1945	1945	14937475
1946	1946	13486584
1947	1947	13200900
1948	1948	14390405
1949	1949	13694016
1950	1950	13546409
1951	1951	14988103
1952	1952	15835085
1953	1953	15694296
1954	1954	17127293
1955	1955	14525346
1956	1956	15751310
1957	1957	17313742
1958	1958	16635202
1959	1959	16737366
1960	1960	13878147
1961	1961	14189000
1962	1962	14890273
1963	1963	15278285
1964	1964	15431495
1965	1965	14440078
1966	1966	14670369
1967	1967	14202451
1968	1968	16034848
1969	1969	14754007
1970	1970	15451268
1971	1971	15746102
1972	1972	15098613
1973	1973	16334372
1974	1974	14640877
1975	1975	13970750
1976	1976	14401067
1977	1977	15595027
1978	1978	14835134
1979	1979	14883970
1980	1980	18277670
1981	1981	15836662
1982	1982	14082514
1983	1983	14088565
1984	1984	14808008
1985	1985	14213325
1986	1986	15124714
1987	1987	16179144
1988	1988	16686927
1989	1989	16140652
1990	1990	20392249
1991	1991	18574900
1992	1992	15901515
1993	1993	13958797
1994	1994	14718723
1995	1995	16918410
1996	1996	15627177
1997	1997	17332709
1998	1998	14508139
1999	1999	15379719
2000	2000	16084027
2001	2001	14302557
2002	2002	14311027
2003	2003	15956313
2004	2004	16336693
2005	2005	15056501
2006	2006	15363010
2007	2007	14891031
2008	2008	14022857
2009	2009	16810021
2010	2010	14876533
2011	2011	15750560
2012	2012	14587987
2013	2013	15179783
2014	2014	15789633
2015	2015	15578338
2016	2016	15131758
2017	2017	17491281
2018	2018	18913719
2019	2019	15541021
2020	2020	15105740
2021	2021	14880867
2022	2022	15351930
2023	2023	16062634
2024	2024	15164965
2025	2025	15960315
2026	2026	14777151
2027	2027	18246285
2028	2028	16760864
2029	2029	15028290
2030	2030	18281923
2031	2031	14626767
2032	2032	15459451
2033	2033	17364365
2034	2034	15155460
2035	2035	16034975
2036	2036	14371748
2037	2037	15452826
2038	2038	15289758
2039	2039	17593845
2040	2040	16464798
2041	2041	15650782
2042	2042	14890197
2043	2043	14198863
2044	2044	16018949
2045	2045	15309633
2046	2046	16232240
2047	2047	15344100
2048	2048	16632192
2049	2049	14259025
2050	2050	13793747
2051	2051	13861146
2052	2052	13515726
2053	2053	13108168
2054	2054	13993458
2055	2055	14131148
2056	2056	14653683
2057	2057	14600913
2058	2058	13597537
2059	2059	13911998
2060	2060	14387280
2061	2061	14513394
2062	2062	14950622
2063	2063	14661550
2064	2064	14336603
2065	2065	13498533
2066	2066	15129401
2067	2067	13864496
2068	2068	14523689
2069	2069	15445233
2070	2070	13510188
2071	2071	14367604
2072	2072	15257275
2073	2073	14893156
2074	2074	14982206
2075	2075	15952085
2076	2076	14681710
2077	2077	15067545
2078	2078	15534211
2079	2079	13445737
2080	2080	14766591
2081	2081	13987007
2082	2082	13663489
2083	2083	13756590
2084	2084	14284389
2085	2085	14248530
2086	2086	14015593
2087	2087	14954069
2088	2088	18286427
2089	2089	16850704
2090	2090	15701478
2091	2091	15399285
2092	2092	14336088
2093	2093	14736943
2094	2094	15505727
2095	2095	15199969
2096	2096	13704468
2097	2097	16245823
2098	2098	14149915
2099	2099	14400489
2100	2100	14821185
2101	2101	17160930
2102	2102	15298376
2103	2103	14643137
2104	2104	15168915
2105	2105	15463247
2106	2106	15483336
2107	2107	14719375
2108	2108	15296166
2109	2109	14898635
2110	2110	14809052
2111	2111	14163977
2112	2112	14484608
2113	2113	15712834
2114	2114	15664689
2115	2115	15669336
2116	2116	15691603
2117	2117	14986112
2118	2118	14846512
2119	2119	14862180
2120	2120	15029393
2121	2121	15242305
2122	2122	15080125
2123	2123	15969182
2124	2124	15890821
2125	2125	16141971
2126	2126	15495618
2127	2127	15541069
2128	2128	14939584
2129	2129	15701800
2130	2130	15070696
2131	2131	14455433
2132	2132	14277068
2133	2133	15075310
2134	2134	15269655
2135	2135	15421649
2136	2136	13748524
2137	2137	14595633
2138	2138	14377927
2139	2139	14883672
2140	2140	14850616
2141	2141	14218485
2142	2142	15601088
2143	2143	15719037
2144	2144	14763965
2145	2145	15076919
2146	2146	15983665
2147	2147	16677451
2148	2148	15842773
2149	2149	15728760
2150	2150	15101089
2151	2151	15715485
2152	2152	16373537
2153	2153	16075013
2154	2154	15728791
2155	2155	15841994
2156	2156	16515905
2157	2157	15066193
2158	2158	14750567
2159	2159	14641921
2160	2160	15505743
2161	2161	16548144
2162	2162	17172058
2163	2163	15288614
2164	2164	15373143
2165	2165	14747899
2166	2166	15085135
2167	2167	14582484
2168	2168	14901777
2169	2169	16339838
2170	2170	15522959
2171	2171	18046749
2172	2172	16973650
2173	2173	16588990
2174	2174	18798238
2175	2175	15715759
2176	2176	15444102
2177	2177	20152000
2178	2178	17834903
2179	2179	16356433
2180	2180	15333902
2181	2181	15494557
2182	2182	15357557
2183	2183	14800501
2184	2184	15033460
2185	2185	16108394
2186	2186	16854875
2187	2187	17161870
2188	2188	16890147
2189	2189	17307870
2190	2190	18039815
2191	2191	16540296
2192	2192	17571524
2193	2193	15773750
2194	2194	16809999
2195	2195	18240556
2196	2196	17133033
2197	2197	18083135
2198	2198	16719581
2199	2199	16972940
2200	2200	17844308
2201	2201	15153782
2202	2202	17405310
2203	2203	15809506
2204	2204	16177808
2205	2205	16751855
2206	2206	17725506
2207	2207	17119423
2208	2208	16873041
2209	2209	16852054
2210	2210	17446128
2211	2211	18162748
2212	2212	16713010
2213	2213	15778157
2214	2214	15510535
2215	2215	17904803
2216	2216	17315744
2217	2217	15778187
2218	2218	15942265
2219	2219	16095133
2220	2220	16759401
2221	2221	17314280
2222	2222	17013945
2223	2223	16130620
2224	2224	16343236
2225	2225	17207617
2226	2226	17958998
2227	2227	16827966
2228	2228	16353439
2229	2229	16652057
2230	2230	17727459
2231	2231	17541069
2232	2232	16664159
2233	2233	17331358
2234	2234	17652509
2235	2235	17890113
2236	2236	16564421
2237	2237	16051460
2238	2238	15337078
2239	2239	15815821
2240	2240	15389886
2241	2241	17264489
2242	2242	16203426
2243	2243	16705794
2244	2244	17460550
2245	2245	16679057
2246	2246	19204253
2247	2247	16376178
2248	2248	17185037
2249	2249	18110791
2250	2250	17877669
2251	2251	16453487
2252	2252	18829773
2253	2253	17591458
2254	2254	17697541
2255	2255	15898504
2256	2256	16268024
2257	2257	16200858
2258	2258	17716711
2259	2259	15747088
2260	2260	15714546
2261	2261	16868386
2262	2262	17006470
2263	2263	16603521
2264	2264	17838297
2265	2265	18703913
2266	2266	16507902
2267	2267	16419165
2268	2268	16115995
2269	2269	16725868
2270	2270	17185571
2271	2271	17286336
2272	2272	17965004
2273	2273	16807273
2274	2274	16495782
2275	2275	17545501
2276	2276	17279332
2277	2277	18054320
2278	2278	17568376
2279	2279	15537493
2280	2280	16187941
2281	2281	18126946
2282	2282	16517447
2283	2283	16499940
2284	2284	16009728
2285	2285	17706891
2286	2286	18334813
2287	2287	16537846
2288	2288	18992100
2289	2289	18388580
2290	2290	17248639
2291	2291	17455442
2292	2292	17290163
2293	2293	17367435
2294	2294	17240675
2295	2295	17921259
2296	2296	17985924
2297	2297	17472630
2298	2298	18925810
2299	2299	17156350
2300	2300	16856102
2301	2301	17748042
2302	2302	16773454
2303	2303	16054443
2304	2304	16952102
2305	2305	19088893
2306	2306	18895035
2307	2307	18242731
2308	2308	17182873
2309	2309	18302740
2310	2310	19649726
2311	2311	18298463
2312	2312	16457964
2313	2313	17999706
2314	2314	18599529
2315	2315	18909383
2316	2316	17873046
2317	2317	17406285
2318	2318	17306884
2319	2319	18582143
2320	2320	18663071
2321	2321	19015701
2322	2322	18928000
2323	2323	18523040
2324	2324	17916909
2325	2325	18979351
2326	2326	18503095
2327	2327	17047798
2328	2328	17705710
2329	2329	18913548
2330	2330	19142675
2331	2331	18678836
2332	2332	17183774
2333	2333	18614449
2334	2334	19380941
2335	2335	19308739
2336	2336	17973040
2337	2337	18665989
2338	2338	18370776
2339	2339	18401630
2340	2340	17452152
2341	2341	18636950
2342	2342	19002752
2343	2343	19004111
2344	2344	18839715
2345	2345	18205594
2346	2346	18924534
2347	2347	17900373
2348	2348	17346411
2349	2349	21263378
2350	2350	18475294
2351	2351	19433159
2352	2352	19567211
2353	2353	18886023
2354	2354	19190389
2355	2355	19513045
2356	2356	18200431
2357	2357	19185553
2358	2358	18268171
2359	2359	19408565
2360	2360	18628810
2361	2361	18161145
2362	2362	19760449
2363	2363	19800291
2364	2364	19384623
2365	2365	18863086
2366	2366	18601983
2367	2367	17813538
2368	2368	17688432
2369	2369	19946470
2370	2370	20033354
2371	2371	19274876
2372	2372	19124484
2373	2373	18752112
2374	2374	19328841
2375	2375	20262924
2376	2376	17853069
2377	2377	19541258
2378	2378	18881062
2379	2379	18279381
2380	2380	19793010
2381	2381	18791337
2382	2382	18763803
2383	2383	19845058
2384	2384	17786843
2385	2385	19609467
2386	2386	18811287
2387	2387	19357305
2388	2388	20057036
2389	2389	20800840
2390	2390	19137212
2391	2391	20562541
2392	2392	19129411
2393	2393	19294554
2394	2394	19794559
2395	2395	20437377
2396	2396	21117688
2397	2397	19932340
2398	2398	20956982
2399	2399	20071932
2400	2400	19377422
2401	2401	20733399
2402	2402	19746543
2403	2403	22844195
2404	2404	23085167
2405	2405	22010749
2406	2406	20915734
2407	2407	21449161
2408	2408	19104844
2409	2409	20325818
2410	2410	21119815
2411	2411	19832393
2412	2412	20198175
2413	2413	20335472
2414	2414	22287996
2415	2415	21407989
2416	2416	21121585
2417	2417	20815098
2418	2418	20957280
2419	2419	20792531
2420	2420	22947471
2421	2421	19568823
2422	2422	21647044
2423	2423	20164084
2424	2424	25553211
2425	2425	23575406
2426	2426	21698917
2427	2427	20316189
2428	2428	20561689
2429	2429	19876395
2430	2430	20187303
2431	2431	21776175
2432	2432	20565758
2433	2433	19938920
2434	2434	21405354
2435	2435	19187319
2436	2436	20004600
2437	2437	20801347
2438	2438	20622753
2439	2439	19906962
2440	2440	20929976
2441	2441	20039753
2442	2442	21419312
2443	2443	20247585
2444	2444	19817831
2445	2445	20661888
2446	2446	20498915
2447	2447	21371832
2448	2448	20467436
2449	2449	21202962
2450	2450	21837986
2451	2451	22426223
2452	2452	20623883
2453	2453	20263402
2454	2454	21055424
2455	2455	21708659
2456	2456	19935035
2457	2457	20921624
2458	2458	26582163
2459	2459	22137704
2460	2460	25717771
2461	2461	23420665
2462	2462	21075727
2463	2463	22515595
2464	2464	21544759
2465	2465	20193059
2466	2466	19990690
2467	2467	20869438
2468	2468	20801304
2469	2469	22039017
2470	2470	21040037
2471	2471	22051144
2472	2472	21461259
2473	2473	22409827
2474	2474	21761733
2475	2475	22372531
2476	2476	21069532
2477	2477	21288656
2478	2478	22680474
2479	2479	23692332
2480	2480	21311454
2481	2481	20988279
2482	2482	21473403
2483	2483	21393145
2484	2484	22037092
2485	2485	21096781
2486	2486	21536867
2487	2487	20748744
2488	2488	21392961
2489	2489	20557638
2490	2490	20471610
2491	2491	21788659
2492	2492	22174726
2493	2493	22623130
2494	2494	23151846
2495	2495	21836265
2496	2496	21339878
2497	2497	20713794
2498	2498	22315542
2499	2499	22195424
2500	2500	21096959
