100	100	705
101	101	676
102	102	745
103	103	619
104	104	422
105	105	592
106	106	615
107	107	529
108	108	580
109	109	526
110	110	718
111	111	577
112	112	563
113	113	724
114	114	555
115	115	2315
116	116	667
117	117	640
118	118	952
119	119	723
120	120	549
121	121	655
122	122	1277
123	123	498
124	124	796
125	125	722
126	126	1360
127	127	807
128	128	906
129	129	833
130	130	169650
131	131	3872
132	132	1990
133	133	706
134	134	10006
135	135	471
136	136	498
137	137	660
138	138	767
139	139	1338
140	140	1735
141	141	823
142	142	721
143	143	1831
144	144	1983
145	145	802
146	146	893
147	147	958
148	148	915
149	149	1055
150	150	596
151	151	881
152	152	990
153	153	904
154	154	776
155	155	1600
156	156	640
157	157	773
158	158	165684
159	159	555
160	160	1996
161	161	915
162	162	567
163	163	644
164	164	1160
165	165	807
166	166	2946
167	167	1051
168	168	1179
169	169	884
170	170	2164
171	171	963
172	172	627
173	173	1293
174	174	911
175	175	653
176	176	1070
177	177	976
178	178	788
179	179	1061
180	180	1374
181	181	1945
182	182	906
183	183	944
184	184	1159
185	185	1965
186	186	1046
187	187	2852
188	188	878
189	189	2683
190	190	528418
191	191	1991
192	192	1020
193	193	663
194	194	4816
195	195	1335
196	196	1411
197	197	1068
198	198	855
199	199	21941
200	200	1198
201	201	1314
202	202	1475
203	203	1205
204	204	984
205	205	1125
206	206	1026
207	207	1306
208	208	864
209	209	1603
210	210	1400
211	211	1305
212	212	843
213	213	1478
214	214	962
215	215	705
216	216	1019
217	217	1695
218	218	2623
219	219	1250
220	220	658
221	221	1011
222	222	1027
223	223	14568
224	224	1094
225	225	9450
226	226	1268
227	227	3103
228	228	1032
229	229	2822
230	230	856
231	231	1933
232	232	1364
233	233	2295
234	234	1684
235	235	2470
236	236	1393
237	237	1270
238	238	1312
239	239	1599
240	240	2155
241	241	2418
242	242	1833
243	243	982
244	244	21918
245	245	9940
246	246	900
247	247	12076
248	248	10374
249	249	1437
250	250	827
251	251	1328
252	252	5087
253	253	1409
254	254	2670
255	255	2615
256	256	1153
257	257	2914
258	258	1592
259	259	137352
260	260	890
261	261	1997
262	262	29664
263	263	4371
264	264	3012
265	265	1425
266	266	1072
267	267	1347
268	268	3456
269	269	1512
270	270	1026
271	271	12989
272	272	1577
273	273	868
274	274	1730
275	275	1178
276	276	29791
277	277	1559
278	278	10450
279	279	3695
280	280	1592
281	281	24796
282	282	6129
283	283	1067
284	284	22594
285	285	25570
286	286	12339
287	287	2824
288	288	960
289	289	2785
290	290	1749
291	291	925
292	292	2693
293	293	27920
294	294	29455
295	295	2452
296	296	1778
297	297	2412
298	298	1918
299	299	1291
300	300	1645
301	301	2678
302	302	1444
303	303	2191
304	304	1497
305	305	1339
306	306	1756
307	307	1920
308	308	2535
309	309	4240
310	310	1154
311	311	72825
312	312	2090
313	313	2798
314	314	2194
315	315	2411
316	316	1885
317	317	2822
318	318	2599
319	319	2302
320	320	1554
321	321	2423
322	322	5007
323	323	43182
324	324	19496
325	325	2542
326	326	1726
327	327	1231
328	328	3254
329	329	2975
330	330	3872
331	331	2311
332	332	2770
333	333	4579
334	334	2077
335	335	2849
336	336	1933
337	337	3085
338	338	2258
339	339	1264
340	340	9367
341	341	2471
342	342	8266
343	343	8849
344	344	1808
345	345	2282
346	346	5712
347	347	1809
348	348	3840
349	349	2454
350	350	7748
351	351	4740
352	352	2449
353	353	2075
354	354	1895
355	355	1390
356	356	2348
357	357	3425
358	358	5226
359	359	20750
360	360	1867
361	361	4523
362	362	2958
363	363	7312
364	364	2596
365	365	73840
366	366	1985
367	367	2160
368	368	1953
369	369	2077
370	370	12227
371	371	2341
372	372	98305
373	373	2320
374	374	1906
375	375	1915
376	376	2956
377	377	1322
378	378	3107
379	379	9765
380	380	2795
381	381	3208
382	382	2622
383	383	1496
384	384	1732
385	385	2011
386	386	2067
387	387	3976
388	388	1448
389	389	1996
390	390	1906
391	391	2132
392	392	6056
393	393	148414
394	394	5657
395	395	1950
396	396	2075
397	397	1834
398	398	1482
399	399	1454
400	400	1328
401	401	23074
402	402	2499
403	403	1877
404	404	1631
405	405	1904
406	406	8930
407	407	5386
408	408	2317
409	409	3155
410	410	22349
411	411	25478
412	412	2991
413	413	4293
414	414	3620
415	415	8996
416	416	2934
417	417	8825
418	418	3029
419	419	10739
420	420	5988
421	421	4346
422	422	2228
423	423	2868
424	424	2416
425	425	2636
426	426	4642
427	427	2715
428	428	131479
429	429	2308
430	430	2115
431	431	8794
432	432	2681
433	433	1622
434	434	4316
435	435	2431
436	436	3143
437	437	1786
438	438	2214
439	439	13247
440	440	2626
441	441	3645
442	442	3166
443	443	1618
444	444	190224
445	445	2322
446	446	4641
447	447	3195
448	448	1824
449	449	2710
450	450	3308
451	451	168356
452	452	2336
453	453	2370
454	454	6034
455	455	2528
456	456	7442
457	457	3750
458	458	1762
459	459	3878
460	460	2337
461	461	3722
462	462	3369
463	463	2969
464	464	21023
465	465	1769
466	466	3486
467	467	2209
468	468	2855
469	469	2917
470	470	3014
471	471	1773
472	472	47488
473	473	43270
474	474	1750
475	475	2344
476	476	3298
477	477	26896
478	478	2512
479	479	3100
480	480	3615
481	481	2593
482	482	3458
483	483	6356
484	484	2796
485	485	13723
486	486	3769
487	487	5470
488	488	3944
489	489	2191
490	490	161485
491	491	4942
492	492	4723
493	493	3096
494	494	3527
495	495	3536
496	496	2498
497	497	2116
498	498	2060
499	499	2743
500	500	6000
501	501	1862
502	502	3448
503	503	2627
504	504	2521
505	505	3823
506	506	7193
507	507	3822
508	508	50739
509	509	2883
510	510	2281
511	511	3138
512	512	2829
513	513	6086
514	514	1746
515	515	4886
516	516	8319
517	517	2583
518	518	1930
519	519	1875
520	520	1883
521	521	2428
522	522	3033
523	523	5167
524	524	9577
525	525	2190
526	526	3135
527	527	4305
528	528	5775
529	529	11263
530	530	3664
531	531	37734
532	532	3913
533	533	3400
534	534	7291
535	535	2803
536	536	2422
537	537	1822
538	538	5776
539	539	11394
540	540	1783
541	541	1828
542	542	7829
543	543	51159
544	544	3765
545	545	5754
546	546	2355
547	547	2450
548	548	2090
549	549	1988
550	550	3562
551	551	2278
552	552	10054
553	553	26783
554	554	6330
555	555	1881
556	556	3801
557	557	8117
558	558	3021
559	559	2845
560	560	124179
561	561	4636
562	562	6420
563	563	11536
564	564	3255
565	565	3023
566	566	2880
567	567	4392
568	568	3009
569	569	2920
570	570	2989
571	571	8487
572	572	7250
573	573	1998
574	574	6191
575	575	2856
576	576	2121
577	577	16307
578	578	6619
579	579	3050
580	580	2358
581	581	2735
582	582	3115
583	583	3337
584	584	6709
585	585	3186
586	586	3078
587	587	7495
588	588	10214
589	589	7692
590	590	2346
591	591	3669
592	592	2160
593	593	3477
594	594	2842
595	595	2801
596	596	2741
597	597	24072
598	598	4454
599	599	8185
600	600	2758
601	601	7424
602	602	3552
603	603	2873
604	604	4120
605	605	3737
606	606	40923
607	607	3050
608	608	17191
609	609	5711
610	610	7778
611	611	8371
612	612	2790
613	613	16159
614	614	72230
615	615	3885
616	616	3475
617	617	2877
618	618	7653
619	619	4735
620	620	2270
621	621	30620
622	622	3438
623	623	16563
624	624	6862
625	625	5720
626	626	6963
627	627	7907
628	628	2399
629	629	3904
630	630	4290
631	631	5599
632	632	3016
633	633	4921
634	634	2445
635	635	3858
636	636	3522
637	637	3491
638	638	3207
639	639	2600
640	640	32564
641	641	5776
642	642	4225
643	643	4259
644	644	4174
645	645	5108
646	646	3058
647	647	3231
648	648	212389
649	649	4597
650	650	5279
651	651	3496
652	652	2557
653	653	2725
654	654	3781
655	655	4195
656	656	4325
657	657	3917
658	658	3731
659	659	5256
660	660	5428
661	661	2601
662	662	3693
663	663	5297
664	664	4464
665	665	2526
666	666	4611
667	667	2599
668	668	7041
669	669	3555
670	670	6682
671	671	6161
672	672	3686
673	673	12289
674	674	5939
675	675	2652
676	676	4065
677	677	3588
678	678	4223
679	679	3227
680	680	4089
681	681	3614
682	682	8278
683	683	3991
684	684	4450
685	685	3380
686	686	3279
687	687	2440
688	688	6246
689	689	3744
690	690	3783
691	691	2953
692	692	3658
693	693	3567
694	694	4312
695	695	15014
696	696	4399
697	697	193099
698	698	3649
699	699	4105
700	700	6588
701	701	14115
702	702	8752
703	703	2676
704	704	2632
705	705	2908
706	706	6437
707	707	3783
708	708	5492
709	709	3416
710	710	7403
711	711	4358
712	712	5619
713	713	3570
714	714	6369
715	715	5300
716	716	3812
717	717	4626
718	718	3885
719	719	2799
720	720	4052
721	721	5533
722	722	5089
723	723	7137
724	724	4876
725	725	21129
726	726	4050
727	727	4141
728	728	5339
729	729	17243
730	730	2702
731	731	3495
732	732	2662
733	733	3788
734	734	6145
735	735	4831
736	736	4439
737	737	3949
738	738	4181
739	739	24585
740	740	4754
741	741	2972
742	742	3992
743	743	3012
744	744	2785
745	745	4014
746	746	9726
747	747	7477
748	748	178229
749	749	46737
750	750	4097
751	751	2817
752	752	3248
753	753	3921
754	754	3739
755	755	6686
756	756	4669
757	757	4443
758	758	4636
759	759	4047
760	760	5783
761	761	4381
762	762	5228
763	763	7440
764	764	6602
765	765	5801
766	766	2864
767	767	4237
768	768	4809
769	769	4374
770	770	5662
771	771	4417
772	772	3022
773	773	5060
774	774	3904
775	775	7687
776	776	13297
777	777	4987
778	778	45264
779	779	5877
780	780	3117
781	781	5548
782	782	4112
783	783	2929
784	784	24316
785	785	3622
786	786	5458
787	787	4495
788	788	8846
789	789	16607
790	790	3898
791	791	5363
792	792	3942
793	793	26435
794	794	312690
795	795	3231
796	796	4426
797	797	7610
798	798	4745
799	799	4455
800	800	40940
801	801	3259
802	802	3070
803	803	8325
804	804	4984
805	805	9700
806	806	3178
807	807	5872
808	808	3478
809	809	4384
810	810	4247
811	811	6813
812	812	4041
813	813	4910
814	814	5215
815	815	3268
816	816	3072
817	817	5840
818	818	3323
819	819	6321
820	820	4778
821	821	58900
822	822	3898
823	823	4480
824	824	10752
825	825	4133
826	826	4496
827	827	4624
828	828	3155
829	829	5190
830	830	4917
831	831	7570
832	832	3773
833	833	7024
834	834	4458
835	835	4335
836	836	4113
837	837	3248
838	838	4368
839	839	36044
840	840	5035
841	841	5439
842	842	3292
843	843	4284
844	844	5558
845	845	6277
846	846	5053
847	847	52205
848	848	7349
849	849	3359
850	850	4819
851	851	9482
852	852	5362
853	853	6858
854	854	4630
855	855	5564
856	856	17771
857	857	6244
858	858	3812
859	859	5167
860	860	3437
861	861	4579
862	862	4158
863	863	5825
864	864	30507
865	865	7785
866	866	5076
867	867	7018
868	868	5797
869	869	6817
870	870	6397
871	871	6098
872	872	4500
873	873	4485
874	874	6238
875	875	7557
876	876	5634
877	877	12446
878	878	32682
879	879	6180
880	880	5973
881	881	46609
882	882	29777
883	883	35661
884	884	36159
885	885	7359
886	886	7301
887	887	17425
888	888	13243
889	889	4564
890	890	7570
891	891	4892
892	892	6790
893	893	4742
894	894	6272
895	895	42728
896	896	4875
897	897	7050
898	898	4523
899	899	16915
900	900	6382
901	901	8156
902	902	5761
903	903	6035
904	904	16289
905	905	10218
906	906	17961
907	907	7496
908	908	4984
909	909	6213
910	910	4429
911	911	9753
912	912	4496
913	913	7118
914	914	9532
915	915	35168
916	916	5586
917	917	7947
918	918	4830
919	919	4979
920	920	5849
921	921	8176
922	922	6718
923	923	263957
924	924	34129
925	925	4914
926	926	7475
927	927	7200
928	928	8403
929	929	4467
930	930	8448
931	931	4586
932	932	6373
933	933	8348
934	934	6348
935	935	6905
936	936	21555
937	937	5687
938	938	7560
939	939	27946
940	940	24392
941	941	7070
942	942	6595
943	943	7992
944	944	5195
945	945	4955
946	946	7879
947	947	83921
948	948	6312
949	949	6706
950	950	7532
951	951	32608
952	952	6957
953	953	8136
954	954	40410
955	955	10473
956	956	8216
957	957	8774
958	958	7752
959	959	7130
960	960	7269
961	961	11580
962	962	22813
963	963	6885
964	964	17971
965	965	6528
966	966	8451
967	967	10318
968	968	8579
969	969	862972
970	970	6866
971	971	6227
972	972	8794
973	973	25460
974	974	12918
975	975	26140
976	976	5600
977	977	6997
978	978	5557
979	979	33847
980	980	5375
981	981	7046
982	982	6709
983	983	5148
984	984	7150
985	985	5154
986	986	6591
987	987	8799
988	988	5092
989	989	4885
990	990	7463
991	991	6588
992	992	10944
993	993	1661660
994	994	6816
995	995	9952
996	996	5367
997	997	5088
998	998	12096
999	999	7650
1000	1000	5264
1001	1001	5254
1002	1002	22978
1003	1003	12564
1004	1004	6670
1005	1005	6664
1006	1006	49224
1007	1007	53575
1008	1008	7454
1009	1009	8109
1010	1010	8149
1011	1011	5493
1012	1012	8481
1013	1013	7149
1014	1014	5075
1015	1015	5542
1016	1016	8160
1017	1017	8343
1018	1018	5466
1019	1019	7855
1020	1020	9415
1021	1021	5300
1022	1022	9455
1023	1023	8089
1024	1024	5119
1025	1025	6429
1026	1026	6601
1027	1027	14744
1028	1028	7920
1029	1029	12147
1030	1030	16722
1031	1031	25243
1032	1032	5613
1033	1033	14104
1034	1034	5744
1035	1035	4120
1036	1036	6702
1037	1037	4316
1038	1038	4773
1039	1039	9877
1040	1040	5972
1041	1041	5651
1042	1042	8214
1043	1043	4023
1044	1044	5622
1045	1045	47355
1046	1046	6398
1047	1047	19493
1048	1048	5812
1049	1049	4246
1050	1050	7866
1051	1051	6686
1052	1052	6516
1053	1053	6394
1054	1054	9059
1055	1055	10313
1056	1056	6431
1057	1057	5898
1058	1058	9193
1059	1059	13732
1060	1060	5604
1061	1061	7420
1062	1062	4427
1063	1063	5928
1064	1064	4284
1065	1065	6863
1066	1066	4448
1067	1067	4401
1068	1068	12606
1069	1069	6143
1070	1070	9920
1071	1071	6209
1072	1072	4116
1073	1073	5982
1074	1074	4440
1075	1075	11233
1076	1076	5417
1077	1077	9207
1078	1078	4632
1079	1079	7328
1080	1080	10079
1081	1081	10974
1082	1082	59134
1083	1083	6518
1084	1084	6984
1085	1085	17044
1086	1086	12262
1087	1087	6459
1088	1088	6911
1089	1089	8440
1090	1090	6806
1091	1091	5848
1092	1092	14235
1093	1093	15180
1094	1094	11394
1095	1095	7070
1096	1096	9617
1097	1097	5300
1098	1098	7455
1099	1099	4566
1100	1100	5056
1101	1101	5333
1102	1102	7644
1103	1103	12775
1104	1104	7876
1105	1105	4595
1106	1106	5600
1107	1107	8343
1108	1108	13124
1109	1109	10941
1110	1110	5780
1111	1111	7919
1112	1112	4718
1113	1113	6473
1114	1114	6921
1115	1115	12781
1116	1116	7053
1117	1117	5025
1118	1118	6453
1119	1119	44398
1120	1120	5536
1121	1121	9543
1122	1122	104240
1123	1123	11353
1124	1124	11126
1125	1125	4497
1126	1126	4512
1127	1127	6761
1128	1128	4751
1129	1129	5009
1130	1130	10226
1131	1131	44557
1132	1132	4580
1133	1133	6938
1134	1134	9223
1135	1135	11370
1136	1136	5614
1137	1137	12443
1138	1138	11649
1139	1139	9323
1140	1140	8822
1141	1141	8296
1142	1142	7512
1143	1143	9207
1144	1144	10582
1145	1145	11715
1146	1146	7866
1147	1147	6852
1148	1148	4960
1149	1149	8639
1150	1150	6891
1151	1151	8735
1152	1152	7021
1153	1153	6521
1154	1154	7267
1155	1155	6899
1156	1156	7782
1157	1157	7606
1158	1158	13810
1159	1159	8538
1160	1160	38534
1161	1161	16917
1162	1162	7489
1163	1163	7186
1164	1164	4959
1165	1165	7260
1166	1166	6589
1167	1167	48612
1168	1168	7155
1169	1169	5171
1170	1170	12170
1171	1171	6309
1172	1172	6612
1173	1173	7145
1174	1174	7360
1175	1175	6910
1176	1176	7148
1177	1177	8029
1178	1178	6976
1179	1179	4902
1180	1180	9311
1181	1181	6602
1182	1182	7236
1183	1183	6462
1184	1184	5060
1185	1185	4996
1186	1186	6697
1187	1187	7205
1188	1188	223209
1189	1189	103142
1190	1190	5330
1191	1191	8288
1192	1192	33911
1193	1193	5805
1194	1194	8043
1195	1195	15245
1196	1196	5724
1197	1197	4960
1198	1198	10199
1199	1199	12784
1200	1200	5458
1201	1201	7850
1202	1202	12594
1203	1203	5947
1204	1204	7084
1205	1205	12197
1206	1206	7525
1207	1207	11628
1208	1208	8313
1209	1209	5090
1210	1210	6860
1211	1211	10835
1212	1212	5182
1213	1213	13431
1214	1214	4931
1215	1215	11917
1216	1216	6926
1217	1217	9010
1218	1218	13347
1219	1219	9156
1220	1220	13015
1221	1221	7803
1222	1222	5923
1223	1223	7974
1224	1224	4977
1225	1225	5568
1226	1226	5920
1227	1227	5390
1228	1228	28023
1229	1229	15292
1230	1230	7175
1231	1231	9548
1232	1232	5187
1233	1233	7091
1234	1234	6101
1235	1235	7227
1236	1236	18521
1237	1237	10117
1238	1238	276782
1239	1239	8275
1240	1240	7066
1241	1241	5126
1242	1242	5196
1243	1243	71920
1244	1244	5879
1245	1245	14730
1246	1246	6057
1247	1247	5991
1248	1248	7499
1249	1249	5323
1250	1250	5350
1251	1251	9527
1252	1252	8057
1253	1253	8616
1254	1254	6844
1255	1255	10129
1256	1256	5134
1257	1257	6926
1258	1258	15208
1259	1259	6891
1260	1260	7230
1261	1261	11772
1262	1262	12083
1263	1263	11063
1264	1264	9703
1265	1265	13297
1266	1266	7107
1267	1267	12094
1268	1268	7166
1269	1269	11161
1270	1270	11559
1271	1271	13585
1272	1272	8977
1273	1273	5895
1274	1274	13583
1275	1275	145850
1276	1276	9442
1277	1277	19365
1278	1278	28507
1279	1279	19843
1280	1280	15180
1281	1281	7465
1282	1282	9286
1283	1283	28797
1284	1284	20304
1285	1285	135682
1286	1286	7487
1287	1287	8857
1288	1288	8247
1289	1289	6800
1290	1290	61415
1291	1291	11883
1292	1292	5365
1293	1293	7617
1294	1294	9175
1295	1295	10950
1296	1296	8813
1297	1297	8565
1298	1298	7561
1299	1299	6299
1300	1300	5339
1301	1301	10448
1302	1302	213408
1303	1303	12060
1304	1304	57033
1305	1305	5534
1306	1306	5309
1307	1307	12809
1308	1308	143548
1309	1309	5533
1310	1310	7913
1311	1311	7874
1312	1312	5689
1313	1313	203086
1314	1314	8623
1315	1315	14675
1316	1316	14222
1317	1317	14033
1318	1318	7630
1319	1319	7386
1320	1320	15789
1321	1321	11498
1322	1322	13642
1323	1323	12824
1324	1324	7734
1325	1325	406267
1326	1326	8791
1327	1327	11363
1328	1328	8634
1329	1329	7209
1330	1330	9974
1331	1331	8616
1332	1332	8122
1333	1333	9925
1334	1334	7993
1335	1335	10213
1336	1336	14075
1337	1337	14689
1338	1338	11520
1339	1339	31157
1340	1340	7851
1341	1341	7672
1342	1342	22173
1343	1343	26193
1344	1344	7843
1345	1345	7951
1346	1346	7892
1347	1347	173917
1348	1348	8081
1349	1349	9470
1350	1350	16375
1351	1351	13276
1352	1352	9934
1353	1353	8632
1354	1354	8925
1355	1355	8198
1356	1356	10731
1357	1357	8781
1358	1358	10775
1359	1359	39171
1360	1360	35386
1361	1361	15143
1362	1362	29875
1363	1363	14630
1364	1364	8250
1365	1365	11981
1366	1366	25095
1367	1367	9352
1368	1368	12057
1369	1369	8317
1370	1370	14364
1371	1371	20544
1372	1372	8169
1373	1373	13073
1374	1374	11637
1375	1375	21448
1376	1376	13049
1377	1377	9733
1378	1378	9827
1379	1379	8970
1380	1380	21465
1381	1381	33146
1382	1382	9071
1383	1383	9389
1384	1384	8631
1385	1385	10751
1386	1386	8245
1387	1387	8384
1388	1388	8896
1389	1389	6102
1390	1390	9248
1391	1391	10982
1392	1392	5699
1393	1393	8455
1394	1394	12286
1395	1395	12070
1396	1396	13475
1397	1397	45558
1398	1398	10907
1399	1399	13936
1400	1400	10435
1401	1401	10273
1402	1402	9731
1403	1403	19906
1404	1404	22720
1405	1405	17786
1406	1406	15451
1407	1407	17495
1408	1408	250748
1409	1409	164411
1410	1410	18294
1411	1411	9433
1412	1412	15116
1413	1413	9423
1414	1414	16076
1415	1415	9176
1416	1416	19442
1417	1417	16602
1418	1418	11472
1419	1419	8450
1420	1420	13376
1421	1421	7243
1422	1422	10302
1423	1423	22294
1424	1424	12651
1425	1425	14368
1426	1426	8858
1427	1427	8506
1428	1428	9321
1429	1429	13381
1430	1430	13324
1431	1431	10253
1432	1432	9619
1433	1433	15084
1434	1434	6247
1435	1435	7143
1436	1436	6344
1437	1437	12358
1438	1438	7200
1439	1439	15230
1440	1440	12707
1441	1441	10590
1442	1442	7395
1443	1443	7198
1444	1444	7869
1445	1445	8729
1446	1446	6196
1447	1447	9202
1448	1448	10530
1449	1449	9027
1450	1450	7768
1451	1451	9096
1452	1452	6306
1453	1453	34957
1454	1454	45603
1455	1455	22875
1456	1456	7009
1457	1457	7150
1458	1458	7133
1459	1459	6316
1460	1460	10264
1461	1461	10659
1462	1462	6227
1463	1463	9985
1464	1464	14917
1465	1465	34918
1466	1466	37820
1467	1467	10527
1468	1468	12767
1469	1469	7199
1470	1470	22074
1471	1471	8530
1472	1472	10102
1473	1473	14186
1474	1474	15998
1475	1475	11462
1476	1476	8969
1477	1477	14751
1478	1478	9358
1479	1479	12395
1480	1480	10239
1481	1481	6728
1482	1482	18698
1483	1483	15550
1484	1484	7483
1485	1485	6506
1486	1486	11125
1487	1487	9596
1488	1488	15735
1489	1489	10715
1490	1490	20839
1491	1491	10314
1492	1492	86308
1493	1493	17228
1494	1494	12819
1495	1495	67851
1496	1496	8284
1497	1497	8131
1498	1498	11651
1499	1499	10215
1500	1500	11401
1501	1501	15616
1502	1502	10303
1503	1503	13107
1504	1504	18590
1505	1505	8830
1506	1506	12684
1507	1507	23190
1508	1508	10632
1509	1509	8892
1510	1510	9304
1511	1511	18155
1512	1512	66331
1513	1513	9901
1514	1514	17020
1515	1515	11406
1516	1516	13148
1517	1517	10740
1518	1518	10888
1519	1519	10294
1520	1520	12575
1521	1521	17258
1522	1522	12495
1523	1523	27778
1524	1524	12810
1525	1525	10382
1526	1526	17932
1527	1527	10715
1528	1528	19462
1529	1529	16356
1530	1530	98251
1531	1531	12922
1532	1532	12811
1533	1533	12366
1534	1534	20664
1535	1535	13796
1536	1536	23199
1537	1537	21872
1538	1538	9544
1539	1539	12584
1540	1540	13433
1541	1541	13445
1542	1542	12465
1543	1543	8002
1544	1544	9544
1545	1545	38830
1546	1546	36958
1547	1547	9184
1548	1548	11167
1549	1549	11336
1550	1550	18722
1551	1551	17341
1552	1552	10180
1553	1553	11717
1554	1554	12846
1555	1555	11907
1556	1556	11119
1557	1557	11794
1558	1558	11337
1559	1559	8191
1560	1560	7866
1561	1561	30079
1562	1562	8373
1563	1563	244906
1564	1564	10960
1565	1565	13958
1566	1566	9315
1567	1567	16634
1568	1568	9908
1569	1569	12885
1570	1570	23036
1571	1571	11720
1572	1572	27220
1573	1573	10358
1574	1574	10291
1575	1575	9306
1576	1576	15406
1577	1577	9615
1578	1578	14870
1579	1579	10520
1580	1580	18363
1581	1581	9772
1582	1582	7690
1583	1583	13864
1584	1584	7939
1585	1585	10468
1586	1586	16724
1587	1587	8347
1588	1588	10075
1589	1589	20032
1590	1590	15122
1591	1591	11437
1592	1592	10775
1593	1593	7657
1594	1594	8045
1595	1595	20926
1596	1596	7557
1597	1597	32245
1598	1598	7067
1599	1599	13830
1600	1600	13398
1601	1601	13823
1602	1602	11707
1603	1603	26796
1604	1604	6683
1605	1605	10262
1606	1606	7279
1607	1607	11090
1608	1608	8537
1609	1609	7299
1610	1610	12637
1611	1611	15073
1612	1612	8289
1613	1613	7045
1614	1614	7020
1615	1615	6994
1616	1616	12781
1617	1617	12207
1618	1618	10685
1619	1619	29698
1620	1620	11686
1621	1621	28821
1622	1622	15886
1623	1623	6946
1624	1624	17111
1625	1625	25537
1626	1626	6912
1627	1627	11509
1628	1628	8731
1629	1629	31645
1630	1630	36483
1631	1631	13598
1632	1632	26771
1633	1633	10632
1634	1634	15963
1635	1635	19380
1636	1636	12316
1637	1637	13665
1638	1638	11059
1639	1639	30913
1640	1640	8767
1641	1641	9721
1642	1642	8858
1643	1643	10552
1644	1644	12195
1645	1645	10477
1646	1646	15715
1647	1647	10643
1648	1648	22090
1649	1649	29461
1650	1650	24362
1651	1651	12147
1652	1652	14151
1653	1653	14335
1654	1654	13686
1655	1655	11366
1656	1656	28815
1657	1657	12914
1658	1658	7354
1659	1659	8772
1660	1660	32775
1661	1661	9903
1662	1662	39404
1663	1663	23320
1664	1664	12002
1665	1665	10818
1666	1666	13282
1667	1667	7357
1668	1668	19548
1669	1669	11152
1670	1670	11660
1671	1671	13580
1672	1672	42815
1673	1673	12702
1674	1674	9817
1675	1675	7143
1676	1676	16206
1677	1677	24014
1678	1678	15614
1679	1679	22644
1680	1680	10922
1681	1681	7230
1682	1682	12868
1683	1683	7751
1684	1684	31108
1685	1685	15615
1686	1686	18566
1687	1687	16967
1688	1688	8031
1689	1689	14992
1690	1690	12129
1691	1691	10013
1692	1692	19608
1693	1693	16452
1694	1694	9959
1695	1695	16825
1696	1696	7332
1697	1697	23793
1698	1698	11094
1699	1699	10267
1700	1700	9055
1701	1701	19710
1702	1702	11430
1703	1703	32227
1704	1704	18811
1705	1705	9906
1706	1706	51506
1707	1707	12180
1708	1708	19119
1709	1709	23040
1710	1710	21382
1711	1711	7113
1712	1712	23729
1713	1713	14636
1714	1714	10220
1715	1715	56073
1716	1716	10304
1717	1717	21737
1718	1718	7566
1719	1719	29681
1720	1720	19379
1721	1721	21677
1722	1722	21052
1723	1723	18151
1724	1724	29039
1725	1725	38281
1726	1726	10666
1727	1727	10954
1728	1728	7452
1729	1729	12775
1730	1730	14459
1731	1731	8991
1732	1732	16504
1733	1733	30821
1734	1734	10579
1735	1735	9699
1736	1736	42739
1737	1737	16492
1738	1738	15808
1739	1739	63872
1740	1740	28163
1741	1741	8121
1742	1742	22042
1743	1743	20264
1744	1744	18853
1745	1745	45300
1746	1746	34946
1747	1747	10371
1748	1748	25803
1749	1749	32951
1750	1750	12156
1751	1751	70140
1752	1752	25133
1753	1753	12573
1754	1754	38237
1755	1755	14390
1756	1756	10206
1757	1757	26369
1758	1758	13395
1759	1759	13262
1760	1760	34917
1761	1761	40560
1762	1762	29162
1763	1763	12186
1764	1764	29310
1765	1765	31400
1766	1766	14511
1767	1767	10195
1768	1768	27255
1769	1769	11991
1770	1770	18273
1771	1771	7792
1772	1772	10644
1773	1773	21287
1774	1774	18458
1775	1775	10993
1776	1776	26035
1777	1777	215616
1778	1778	21580
1779	1779	11922
1780	1780	12296
1781	1781	12425
1782	1782	22391
1783	1783	7386
1784	1784	17560
1785	1785	30437
1786	1786	26239
1787	1787	13745
1788	1788	7605
1789	1789	7570
1790	1790	9645
1791	1791	12505
1792	1792	11257
1793	1793	22088
1794	1794	12749
1795	1795	104241
1796	1796	14377
1797	1797	12520
1798	1798	33113
1799	1799	20287
1800	1800	14347
1801	1801	24804
1802	1802	13957
1803	1803	14260
1804	1804	12089
1805	1805	16448
1806	1806	11715
1807	1807	11333
1808	1808	25879
1809	1809	11305
1810	1810	13612
1811	1811	9436
1812	1812	10587
1813	1813	22419
1814	1814	14762
1815	1815	11780
1816	1816	20203
1817	1817	9615
1818	1818	15187
1819	1819	23682
1820	1820	13993
1821	1821	10400
1822	1822	17417
1823	1823	14126
1824	1824	15174
1825	1825	13635
1826	1826	13284
1827	1827	61565
1828	1828	16647
1829	1829	59430
1830	1830	11165
1831	1831	28049
1832	1832	13162
1833	1833	10565
1834	1834	11085
1835	1835	11852
1836	1836	14315
1837	1837	51961
1838	1838	25618
1839	1839	13774
1840	1840	34673
1841	1841	23745
1842	1842	22070
1843	1843	17143
1844	1844	13673
1845	1845	21230
1846	1846	16102
1847	1847	11196
1848	1848	13010
1849	1849	18650
1850	1850	18540
1851	1851	12071
1852	1852	11148
1853	1853	56519
1854	1854	16983
1855	1855	12088
1856	1856	19565
1857	1857	36975
1858	1858	13254
1859	1859	15615
1860	1860	21709
1861	1861	11623
1862	1862	14247
1863	1863	9706
1864	1864	14472
1865	1865	17470
1866	1866	22657
1867	1867	16748
1868	1868	11272
1869	1869	20870
1870	1870	43614
1871	1871	14863
1872	1872	14258
1873	1873	16996
1874	1874	266372
1875	1875	12783
1876	1876	17696
1877	1877	25815
1878	1878	16184
1879	1879	12906
1880	1880	23620
1881	1881	11719
1882	1882	21151
1883	1883	16065
1884	1884	14447
1885	1885	32094
1886	1886	13841
1887	1887	20931
1888	1888	12366
1889	1889	18858
1890	1890	26160
1891	1891	19430
1892	1892	13861
1893	1893	13139
1894	1894	17934
1895	1895	10378
1896	1896	17653
1897	1897	21299
1898	1898	22434
1899	1899	13624
1900	1900	12277
1901	1901	61661
1902	1902	29034
1903	1903	18594
1904	1904	16449
1905	1905	32788
1906	1906	80200
1907	1907	15512
1908	1908	17250
1909	1909	13930
1910	1910	17669
1911	1911	17715
1912	1912	15430
1913	1913	18799
1914	1914	16426
1915	1915	19752
1916	1916	14035
1917	1917	21086
1918	1918	11848
1919	1919	15736
1920	1920	20629
1921	1921	22166
1922	1922	17304
1923	1923	26795
1924	1924	14099
1925	1925	24704
1926	1926	13306
1927	1927	38985
1928	1928	16121
1929	1929	17534
1930	1930	11290
1931	1931	20814
1932	1932	38059
1933	1933	22271
1934	1934	19196
1935	1935	13041
1936	1936	32096
1937	1937	17449
1938	1938	19387
1939	1939	16138
1940	1940	16659
1941	1941	19220
1942	1942	16104
1943	1943	26197
1944	1944	30338
1945	1945	25439
1946	1946	17564
1947	1947	16378
1948	1948	17303
1949	1949	21501
1950	1950	35493
1951	1951	22162
1952	1952	11231
1953	1953	55040
1954	1954	16406
1955	1955	16778
1956	1956	20593
1957	1957	24822
1958	1958	15598
1959	1959	19978
1960	1960	15682
1961	1961	25812
1962	1962	14528
1963	1963	14346
1964	1964	13024
1965	1965	49163
1966	1966	22700
1967	1967	24808
1968	1968	21291
1969	1969	15420
1970	1970	20181
1971	1971	16705
1972	1972	13734
1973	1973	15838
1974	1974	15256
1975	1975	49479
1976	1976	23586
1977	1977	16210
1978	1978	10806
1979	1979	22117
1980	1980	15361
1981	1981	39583
1982	1982	12342
1983	1983	18557
1984	1984	11951
1985	1985	18400
1986	1986	17919
1987	1987	14822
1988	1988	18556
1989	1989	14171
1990	1990	14890
1991	1991	17367
1992	1992	13124
1993	1993	13037
1994	1994	15203
1995	1995	21371
1996	1996	23693
1997	1997	48367
1998	1998	218479
1999	1999	18265
2000	2000	16899
2001	2001	16222
2002	2002	41201
2003	2003	25415
2004	2004	21946
2005	2005	14557
2006	2006	19749
2007	2007	16514
2008	2008	16700
2009	2009	15677
2010	2010	17581
2011	2011	16148
2012	2012	16861
2013	2013	11663
2014	2014	33644
2015	2015	15008
2016	2016	11536
2017	2017	38500
2018	2018	57624
2019	2019	32452
2020	2020	21421
2021	2021	78116
2022	2022	18651
2023	2023	22502
2024	2024	40543
2025	2025	19391
2026	2026	17198
2027	2027	25990
2028	2028	40890
2029	2029	14183
2030	2030	17057
2031	2031	89087
2032	2032	23335
2033	2033	21485
2034	2034	20201
2035	2035	16627
2036	2036	18447
2037	2037	15537
2038	2038	15844
2039	2039	23199
2040	2040	14919
2041	2041	24038
2042	2042	14983
2043	2043	32167
2044	2044	23498
2045	2045	11054
2046	2046	15187
2047	2047	29223
2048	2048	11765
2049	2049	9011
2050	2050	19991
2051	2051	12713
2052	2052	65557
2053	2053	15468
2054	2054	16670
2055	2055	9104
2056	2056	22531
2057	2057	23158
2058	2058	13719
2059	2059	8918
2060	2060	15551
2061	2061	25174
2062	2062	26270
2063	2063	75543
2064	2064	15115
2065	2065	22185
2066	2066	67276
2067	2067	13323
2068	2068	11888
2069	2069	31386
2070	2070	16185
2071	2071	16137
2072	2072	12575
2073	2073	21551
2074	2074	12365
2075	2075	13338
2076	2076	42562
2077	2077	9127
2078	2078	27714
2079	2079	15509
2080	2080	60413
2081	2081	30307
2082	2082	9536
2083	2083	27047
2084	2084	48592
2085	2085	38212
2086	2086	79033
2087	2087	53391
2088	2088	26534
2089	2089	25903
2090	2090	20942
2091	2091	34220
2092	2092	9710
2093	2093	9459
2094	2094	29867
2095	2095	9925
2096	2096	40916
2097	2097	9402
2098	2098	17451
2099	2099	14005
2100	2100	20463
2101	2101	10140
2102	2102	17591
2103	2103	50619
2104	2104	9844
2105	2105	9636
2106	2106	16196
2107	2107	15187
2108	2108	21736
2109	2109	12511
2110	2110	16400
2111	2111	13636
2112	2112	37346
2113	2113	41702
2114	2114	9318
2115	2115	16922
2116	2116	14137
2117	2117	26729
2118	2118	12383
2119	2119	36463
2120	2120	32081
2121	2121	9392
2122	2122	14435
2123	2123	26767
2124	2124	19818
2125	2125	16105
2126	2126	15124
2127	2127	70076
2128	2128	17492
2129	2129	22156
2130	2130	9217
2131	2131	17290
2132	2132	9584
2133	2133	36985
2134	2134	9542
2135	2135	17372
2136	2136	9642
2137	2137	75285
2138	2138	17199
2139	2139	29635
2140	2140	19739
2141	2141	11593
2142	2142	28800
2143	2143	14781
2144	2144	47264
2145	2145	9553
2146	2146	25350
2147	2147	12782
2148	2148	9824
2149	2149	14132
2150	2150	54197
2151	2151	40167
2152	2152	25977
2153	2153	27902
2154	2154	14804
2155	2155	59077
2156	2156	20237
2157	2157	63469
2158	2158	41596
2159	2159	21044
2160	2160	14422
2161	2161	32021
2162	2162	9412
2163	2163	20188
2164	2164	18826
2165	2165	209471
2166	2166	68060
2167	2167	11939
2168	2168	20699
2169	2169	45636
2170	2170	20786
2171	2171	16649
2172	2172	15238
2173	2173	39725
2174	2174	10551
2175	2175	90393
2176	2176	9506
2177	2177	32788
2178	2178	18452
2179	2179	14886
2180	2180	9407
2181	2181	13416
2182	2182	14291
2183	2183	9451
2184	2184	9696
2185	2185	13901
2186	2186	9535
2187	2187	37225
2188	2188	10326
2189	2189	17012
2190	2190	9872
2191	2191	10077
2192	2192	15782
2193	2193	24428
2194	2194	22121
2195	2195	28031
2196	2196	12451
2197	2197	22603
2198	2198	17074
2199	2199	10117
2200	2200	80949
2201	2201	31356
2202	2202	21157
2203	2203	41007
2204	2204	85665
2205	2205	26956
2206	2206	29586
2207	2207	20182
2208	2208	11811
2209	2209	28700
2210	2210	171086
2211	2211	20447
2212	2212	10970
2213	2213	26077
2214	2214	9416
2215	2215	68222
2216	2216	15957
2217	2217	27510
2218	2218	93997
2219	2219	17606
2220	2220	9436
2221	2221	43369
2222	2222	15617
2223	2223	54997
2224	2224	59257
2225	2225	34031
2226	2226	30296
2227	2227	15917
2228	2228	23375
2229	2229	44783
2230	2230	52431
2231	2231	58201
2232	2232	33060
2233	2233	37575
2234	2234	38710
2235	2235	13318
2236	2236	19933
2237	2237	22376
2238	2238	10451
2239	2239	9728
2240	2240	12607
2241	2241	13728
2242	2242	15011
2243	2243	29411
2244	2244	44241
2245	2245	9845
2246	2246	14063
2247	2247	32642
2248	2248	14481
2249	2249	9840
2250	2250	51574
2251	2251	33922
2252	2252	58220
2253	2253	15653
2254	2254	30446
2255	2255	31091
2256	2256	40980
2257	2257	9830
2258	2258	30730
2259	2259	26462
2260	2260	54900
2261	2261	65180
2262	2262	40199
2263	2263	38803
2264	2264	9840
2265	2265	13786
2266	2266	33763
2267	2267	20154
2268	2268	21251
2269	2269	33574
2270	2270	27258
2271	2271	28169
2272	2272	13901
2273	2273	31675
2274	2274	12327
2275	2275	12306
2276	2276	45978
2277	2277	10335
2278	2278	50037
2279	2279	38262
2280	2280	14340
2281	2281	24039
2282	2282	34676
2283	2283	44511
2284	2284	51596
2285	2285	30505
2286	2286	41666
2287	2287	36376
2288	2288	28159
2289	2289	18052
2290	2290	10642
2291	2291	32611
2292	2292	32242
2293	2293	10057
2294	2294	15614
2295	2295	13424
2296	2296	19460
2297	2297	41019
2298	2298	53628
2299	2299	63338
2300	2300	33373
2301	2301	44805
2302	2302	49961
2303	2303	21265
2304	2304	19403
2305	2305	25474
2306	2306	13822
2307	2307	25829
2308	2308	18472
2309	2309	17393
2310	2310	47255
2311	2311	15499
2312	2312	24617
2313	2313	176925
2314	2314	17046
2315	2315	25871
2316	2316	56129
2317	2317	15789
2318	2318	17985
2319	2319	24696
2320	2320	18169
2321	2321	22524
2322	2322	69124
2323	2323	16639
2324	2324	26758
2325	2325	143588
2326	2326	25690
2327	2327	32218
2328	2328	29309
2329	2329	50849
2330	2330	18712
2331	2331	19438
2332	2332	19845
2333	2333	30525
2334	2334	30913
2335	2335	17445
2336	2336	33415
2337	2337	10439
2338	2338	61110
2339	2339	23325
2340	2340	28920
2341	2341	23887
2342	2342	90081
2343	2343	20163
2344	2344	17768
2345	2345	101599
2346	2346	78405
2347	2347	14756
2348	2348	12869
2349	2349	65641
2350	2350	19665
2351	2351	38193
2352	2352	17120
2353	2353	12822
2354	2354	28224
2355	2355	74149
2356	2356	10984
2357	2357	16236
2358	2358	11095
2359	2359	52213
2360	2360	47614
2361	2361	11725
2362	2362	10972
2363	2363	15346
2364	2364	13414
2365	2365	25486
2366	2366	10776
2367	2367	29119
2368	2368	26899
2369	2369	16963
2370	2370	43585
2371	2371	52052
2372	2372	73901
2373	2373	57264
2374	2374	18699
2375	2375	22109
2376	2376	95234
2377	2377	13775
2378	2378	61659
2379	2379	35348
2380	2380	24804
2381	2381	11089
2382	2382	13229
2383	2383	36956
2384	2384	19155
2385	2385	59242
2386	2386	26184
2387	2387	40118
2388	2388	22514
2389	2389	24901
2390	2390	41666
2391	2391	22879
2392	2392	14503
2393	2393	10460
2394	2394	25173
2395	2395	39352
2396	2396	26942
2397	2397	19344
2398	2398	35301
2399	2399	20273
2400	2400	28585
2401	2401	10238
2402	2402	18852
2403	2403	29809
2404	2404	24664
2405	2405	15665
2406	2406	11068
2407	2407	21883
2408	2408	23469
2409	2409	33214
2410	2410	10776
2411	2411	28210
2412	2412	21848
2413	2413	46214
2414	2414	20716
2415	2415	25586
2416	2416	72226
2417	2417	15394
2418	2418	27786
2419	2419	22461
2420	2420	25284
2421	2421	60910
2422	2422	20511
2423	2423	29278
2424	2424	18968
2425	2425	56241
2426	2426	25568
2427	2427	58563
2428	2428	34579
2429	2429	20904
2430	2430	49262
2431	2431	10239
2432	2432	10590
2433	2433	11794
2434	2434	47917
2435	2435	13538
2436	2436	26810
2437	2437	184548
2438	2438	63719
2439	2439	10906
2440	2440	20147
2441	2441	21331
2442	2442	11286
2443	2443	17223
2444	2444	17213
2445	2445	47316
2446	2446	23238
2447	2447	15358
2448	2448	34949
2449	2449	23749
2450	2450	54510
2451	2451	17992
2452	2452	31941
2453	2453	15396
2454	2454	22242
2455	2455	21264
2456	2456	18184
2457	2457	65025
2458	2458	48992
2459	2459	25272
2460	2460	60302
2461	2461	24262
2462	2462	22940
2463	2463	20562
2464	2464	78353
2465	2465	10975
2466	2466	53771
2467	2467	31572
2468	2468	49685
2469	2469	11091
2470	2470	25175
2471	2471	26063
2472	2472	27448
2473	2473	28247
2474	2474	10978
2475	2475	16477
2476	2476	48659
2477	2477	13802
2478	2478	18685
2479	2479	36577
2480	2480	22763
2481	2481	21598
2482	2482	37688
2483	2483	21663
2484	2484	24307
2485	2485	15999
2486	2486	131814
2487	2487	23250
2488	2488	21845
2489	2489	19074
2490	2490	22432
2491	2491	28116
2492	2492	25093
2493	2493	46219
2494	2494	65572
2495	2495	38055
2496	2496	17285
2497	2497	51580
2498	2498	23976
2499	2499	22190
2500	2500	15806
