100	99	267
101	101	315
102	103	327
103	105	287
104	107	397
105	109	269
106	111	269
107	113	276
108	115	20176
109	117	363
110	119	258
111	122	333
112	124	191
113	126	317
114	128	305
115	131	344
116	133	369
117	135	241
118	138	353
119	140	254
120	142	1613
121	145	230
122	147	289
123	150	281
124	152	283
125	155	333
126	157	288
127	160	285
128	162	966
129	165	271
130	167	241
131	170	247
132	172	368
133	175	6607
134	178	369
135	180	568
136	183	310
137	186	269
138	189	8348
139	191	362
140	194	1329
141	197	286
142	200	8561
143	203	397
144	205	315
145	208	418
146	211	475
147	214	886
148	217	959
149	220	1508
150	223	19255
151	226	620
152	229	800
153	232	20774
154	235	7424
155	238	8320
156	241	461
157	244	423
158	248	697
159	251	439
160	254	632
161	257	589
162	260	482
163	264	7637
164	267	427
165	270	494
166	273	378
167	277	439
168	280	522
169	283	729
170	287	405
171	290	461
172	294	466
173	297	387
174	301	409
175	304	399
176	308	458
177	311	6475
178	315	403
179	318	341
180	322	1521
181	325	549
182	329	451
183	333	337
184	336	535
185	340	278
186	344	608
187	347	308
188	351	584
189	355	493
190	359	1971
191	362	324
192	366	367
193	370	8433
194	374	371
195	378	370
196	382	368
197	386	536
198	390	486
199	394	433
200	398	623
201	402	654
202	406	468
203	410	647
204	414	292
205	418	374
206	422	385
207	426	3174
208	430	445
209	434	374
210	438	563
211	443	403
212	447	405
213	451	321
214	455	1556
215	460	675
216	464	594
217	468	319
218	473	540
219	477	22392
220	481	478
221	486	431
222	490	298
223	495	319
224	499	461
225	504	526
226	508	454
227	513	622
228	517	6230
229	522	2155
230	526	751
231	531	541
232	535	525
233	540	682
234	545	613
235	549	1096
236	554	6175
237	559	6460
238	564	876
239	568	495
240	573	22340
241	578	770
242	583	462
243	588	534
244	592	6108
245	597	1413
246	602	648
247	607	808
248	612	661
249	617	689
250	622	979
251	627	562
252	632	379
253	637	513
254	642	2514
255	647	496
256	652	641
257	657	734
258	663	538
259	668	749
260	673	21158
261	678	881
262	683	536
263	689	4132
264	694	7661
265	699	1157
266	704	509
267	710	17499
268	715	318
269	720	495
270	726	665
271	731	581
272	737	654
273	742	592
274	748	2173
275	753	566
276	759	770
277	764	1346
278	770	501
279	775	539
280	781	474
281	786	369
282	792	540
283	798	789
284	803	5880
285	809	828
286	815	935
287	820	598
288	826	5173
289	832	759
290	838	1193
291	843	788
292	849	29561
293	855	631
294	861	719
295	867	7919
296	873	825
297	879	745
298	885	707
299	891	1825
300	897	751
301	903	864
302	909	835
303	915	788
304	921	725
305	927	660
306	933	589
307	939	1422
308	945	627
309	951	1053
310	957	867
311	964	826
312	970	2854
313	976	24792
314	982	931
315	989	675
316	995	759
317	1001	6673
318	1008	843
319	1014	767
320	1020	1680
321	1027	1582
322	1033	865
323	1040	40844
324	1046	1790
325	1053	1034
326	1059	789
327	1066	915
328	1072	1573
329	1079	819
330	1085	1385
331	1092	889
332	1098	995
333	1105	1590
334	1112	1385
335	1118	5186
336	1125	7109
337	1132	2237
338	1139	2989
339	1145	580
340	1152	573
341	1159	2752
342	1166	905
343	1173	727
344	1179	552
345	1186	604
346	1193	637
347	1200	495
348	1207	2173
349	1214	2757
350	1221	5987
351	1228	2351
352	1235	527
353	1242	664
354	1249	718
355	1256	766
356	1263	684
357	1270	2548
358	1278	676
359	1285	2560
360	1292	661
361	1299	4855
362	1306	611
363	1314	656
364	1321	3303
365	1328	528
366	1335	763
367	1343	509
368	1350	473
369	1357	543
370	1365	2117
371	1372	848
372	1380	625
373	1387	583
374	1395	2876
375	1402	136040
376	1410	626
377	1417	1392
378	1425	801
379	1432	681
380	1440	706
381	1447	2906
382	1455	717
383	1463	1013
384	1470	4438
385	1478	718
386	1486	899
387	1493	685
388	1501	863
389	1509	744
390	1517	929
391	1524	982
392	1532	767
393	1540	650
394	1548	917
395	1556	761
396	1564	802
397	1572	2407
398	1580	886
399	1588	931
400	1596	2095
401	1604	1080
402	1612	2517
403	1620	820
404	1628	812
405	1636	656
406	1644	1082
407	1652	1141
408	1660	2995
409	1668	800
410	1676	636
411	1685	680
412	1693	961
413	1701	931
414	1709	957
415	1718	1151
416	1726	667
417	1734	564
418	1743	965
419	1751	2378
420	1759	973
421	1768	2531
422	1776	995
423	1785	935
424	1793	862
425	1802	725
426	1810	901
427	1819	751
428	1827	772
429	1836	2517
430	1844	2980
431	1853	1110
432	1861	719
433	1870	883
434	1879	32934
435	1887	1645
436	1896	28976
437	1905	2198
438	1914	946
439	1922	1596
440	1931	31792
441	1940	1405
442	1949	576
443	1958	965
444	1966	1664
445	1975	29278
446	1984	1415
447	1993	1816
448	2002	25775
449	2011	1090
450	2020	9290
451	2029	652
452	2038	1362
453	2047	2317
454	2056	942
455	2065	635
456	2074	1755
457	2083	1794
458	2093	620
459	2102	1495
460	2111	627
461	2120	904
462	2129	1687
463	2139	10447
464	2148	592
465	2157	719
466	2166	1031
467	2176	1194
468	2185	1564
469	2194	2071
470	2204	761
471	2213	641
472	2223	18781
473	2232	1639
474	2242	788
475	2251	1000
476	2261	1275
477	2270	795
478	2280	782
479	2289	1651
480	2299	687
481	2308	1219
482	2318	6770
483	2328	942
484	2337	1648
485	2347	700
486	2357	1426
487	2366	1032
488	2376	1247
489	2386	29660
490	2396	1087
491	2405	1637
492	2415	1075
493	2425	1879
494	2435	1330
495	2445	1814
496	2455	633
497	2465	1747
498	2475	828
499	2485	1038
500	2495	1285
501	2505	929
502	2515	835
503	2525	33796
504	2535	29685
505	2545	37402
506	2555	13574
507	2565	21594
508	2575	1154
509	2585	985
510	2595	19515
511	2606	31265
512	2616	1805
513	2626	1192
514	2636	816
515	2647	2520
516	2657	3051
517	2667	1195
518	2678	2402
519	2688	763
520	2698	719
521	2709	2354
522	2719	2777
523	2730	3620
524	2740	2741
525	2751	705
526	2761	991
527	2772	2239
528	2782	1042
529	2793	787
530	2803	917
531	2814	835
532	2824	1123
533	2835	1103
534	2846	2763
535	2856	1124
536	2867	1267
537	2878	747
538	2889	824
539	2899	874
540	2910	2651
541	2921	2190
542	2932	2898
543	2943	1123
544	2953	3372
545	2964	1319
546	2975	1022
547	2986	877
548	2997	2671
549	3008	799
550	3019	1219
551	3030	782
552	3041	1261
553	3052	2809
554	3063	941
555	3074	2362
556	3085	4515
557	3096	926
558	3108	1133
559	3119	993
560	3130	2681
561	3141	2324
562	3152	799
563	3164	800
564	3175	2813
565	3186	1160
566	3197	2266
567	3209	750
568	3220	1072
569	3231	2774
570	3243	880
571	3254	1521
572	3266	993
573	3277	1350
574	3289	989
575	3300	920
576	3312	2519
577	3323	2663
578	3335	2489
579	3346	798
580	3358	2443
581	3369	2798
582	3381	956
583	3393	879
584	3404	943
585	3416	2755
586	3428	2800
587	3439	2881
588	3451	1010
589	3463	1029
590	3475	1032
591	3486	1487
592	3498	1308
593	3510	2799
594	3522	1285
595	3534	1019
596	3546	1002
597	3558	852
598	3570	1686
599	3582	1252
600	3594	1121
601	3606	1716
602	3618	2794
603	3630	1069
604	3642	1268
605	3654	2548
606	3666	1048
607	3678	2419
608	3690	1072
609	3702	1260
610	3714	951
611	3727	905
612	3739	1129
613	3751	1039
614	3763	2344
615	3776	1032
616	3788	1211
617	3800	1798
618	3813	1387
619	3825	1112
620	3837	987
621	3850	2429
622	3862	1128
623	3875	749
624	3887	1121
625	3900	4851
626	3912	1109
627	3925	1338
628	3937	1133
629	3950	1174
630	3962	1496
631	3975	1140
632	3987	2539
633	4000	1131
634	4013	1035
635	4025	20097
636	4038	116924
637	4051	2399
638	4064	1096
639	4076	1283
640	4089	1103
641	4102	2801
642	4115	2010
643	4128	762
644	4140	4538
645	4153	2656
646	4166	1280
647	4179	1187
648	4192	1602
649	4205	2095
650	4218	1151
651	4231	33765
652	4244	1396
653	4257	1406
654	4270	856
655	4283	5010
656	4296	1295
657	4309	3432
658	4323	901
659	4336	4242
660	4349	1302
661	4362	1123
662	4375	8417
663	4389	1914
664	4402	900
665	4415	1479
666	4428	2740
667	4442	2130
668	4455	1406
669	4468	1288
670	4482	1421
671	4495	807
672	4509	2875
673	4522	3092
674	4536	2614
675	4549	973
676	4563	2390
677	4576	1227
678	4590	1105
679	4603	877
680	4617	5030
681	4630	1080
682	4644	1030
683	4658	891
684	4671	951
685	4685	1025
686	4699	3300
687	4712	956
688	4726	1316
689	4740	885
690	4754	968
691	4767	921
692	4781	876
693	4795	1438
694	4809	1279
695	4823	1110
696	4837	2820
697	4851	1067
698	4865	960
699	4879	1318
700	4893	922
701	4907	2737
702	4921	1225
703	4935	1326
704	4949	2771
705	4963	2742
706	4977	3186
707	4991	918
708	5005	2471
709	5019	1133
710	5033	888
711	5048	2584
712	5062	983
713	5076	973
714	5090	1749
715	5105	962
716	5119	1406
717	5133	2634
718	5148	1245
719	5162	3201
720	5176	2092
721	5191	1491
722	5205	2253
723	5220	923
724	5234	3541
725	5249	1100
726	5263	4379
727	5278	1418
728	5292	1372
729	5307	2565
730	5321	1092
731	5336	1415
732	5350	1072
733	5365	960
734	5380	1063
735	5394	1653
736	5409	1355
737	5424	1046
738	5439	2467
739	5453	2831
740	5468	1346
741	5483	1256
742	5498	6034
743	5513	1048
744	5527	3958
745	5542	2551
746	5557	1763
747	5572	1273
748	5587	966
749	5602	1110
750	5617	997
751	5632	1392
752	5647	1919
753	5662	1041
754	5677	1345
755	5692	1215
756	5707	1626
757	5722	1307
758	5738	1454
759	5753	1706
760	5768	1689
761	5783	1797
762	5798	3454
763	5814	1745
764	5829	952
765	5844	3042
766	5859	1526
767	5875	1095
768	5890	1240
769	5905	1123
770	5921	3351
771	5936	3495
772	5952	3365
773	5967	3085
774	5983	3584
775	5998	3633
776	6014	1489
777	6029	1486
778	6045	3000
779	6060	1049
780	6076	1518
781	6091	3922
782	6107	3588
783	6123	3313
784	6138	3392
785	6154	1108
786	6170	3702
787	6185	1276
788	6201	1417
789	6217	1180
790	6233	1278
791	6248	1384
792	6264	3431
793	6280	1356
794	6296	3886
795	6312	1528
796	6328	3267
797	6344	1235
798	6360	3525
799	6376	1142
800	6392	3923
801	6408	951
802	6424	1317
803	6440	1743
804	6456	1298
805	6472	3679
806	6488	14309
807	6504	1301
808	6520	1864
809	6536	1557
810	6552	4010
811	6569	1140
812	6585	1277
813	6601	1011
814	6617	3160
815	6634	1512
816	6650	1329
817	6666	3991
818	6683	1314
819	6699	1128
820	6715	4133
821	6732	976
822	6748	1089
823	6765	1357
824	6781	1344
825	6798	4155
826	6814	1489
827	6831	6934
828	6847	2530
829	6864	5410
830	6880	3768
831	6897	1511
832	6913	1345
833	6930	1542
834	6947	1175
835	6963	4613
836	6980	1506
837	6997	4539
838	7014	3566
839	7030	1346
840	7047	4049
841	7064	2069
842	7081	3865
843	7098	1888
844	7114	1511
845	7131	4223
846	7148	1045
847	7165	3822
848	7182	1414
849	7199	4057
850	7216	1729
851	7233	4308
852	7250	1149
853	7267	1103
854	7284	3920
855	7301	1150
856	7318	1215
857	7335	1526
858	7353	4438
859	7370	1246
860	7387	1180
861	7404	1232
862	7421	1220
863	7439	4561
864	7456	1095
865	7473	29912
866	7490	39504
867	7508	34855
868	7525	2518
869	7542	1712
870	7560	1876
871	7577	1736
872	7595	2396
873	7612	24630
874	7630	2962
875	7647	2426
876	7665	2526
877	7682	32753
878	7700	1846
879	7717	1965
880	7735	1998
881	7752	1695
882	7770	36589
883	7788	28906
884	7805	1805
885	7823	1986
886	7841	26164
887	7858	1997
888	7876	2559
889	7894	31053
890	7912	2238
891	7929	1918
892	7947	2010
893	7965	42682
894	7983	36726
895	8001	2263
896	8019	38482
897	8037	38483
898	8055	2372
899	8073	1847
900	8091	14334
901	8109	2450
902	8127	2568
903	8145	38007
904	8163	1878
905	8181	1865
906	8199	1873
907	8217	68854
908	8235	1891
909	8253	44428
910	8271	35411
911	8290	1978
912	8308	24818
913	8326	2547
914	8344	2147
915	8363	2647
916	8381	21010
917	8399	25529
918	8418	1998
919	8436	1944
920	8454	37077
921	8473	39402
922	8491	27474
923	8510	44157
924	8528	36370
925	8547	2201
926	8565	2570
927	8584	2493
928	8602	34214
929	8621	1899
930	8639	23786
931	8658	2086
932	8676	2622
933	8695	2580
934	8714	2141
935	8732	2577
936	8751	2045
937	8770	2453
938	8789	2070
939	8807	2668
940	8826	1921
941	8845	7614
942	8864	1756
943	8883	37658
944	8901	1994
945	8920	39605
946	8939	41976
947	8958	1964
948	8977	2746
949	8996	38353
950	9015	1894
951	9034	1975
952	9053	1866
953	9072	1965
954	9091	1996
955	9110	1916
956	9129	2625
957	9148	1969
958	9168	2473
959	9187	37031
960	9206	2375
961	9225	3163
962	9244	42508
963	9264	36855
964	9283	36552
965	9302	37625
966	9321	3050
967	9341	38251
968	9360	2157
969	9379	2703
970	9399	2709
971	9418	34785
972	9438	2757
973	9457	2049
974	9477	3975
975	9496	2182
976	9516	3161
977	9535	31697
978	9555	35518
979	9574	2756
980	9594	1856
981	9613	3148
982	9633	1978
983	9653	22783
984	9672	30881
985	9692	41724
986	9712	31681
987	9731	42879
988	9751	6672
989	9771	28056
990	9791	32453
991	9810	2500
992	9830	37400
993	9850	1981
994	9870	2757
995	9890	1810
996	9910	4010
997	9930	39075
998	9950	40103
999	9970	5777
1000	9990	2668
1001	10010	25747
1002	10030	7923
1003	10050	2034
1004	10070	29944
1005	10090	2211
1006	10110	40919
1007	10130	2147
1008	10150	2141
1009	10170	2508
1010	10190	1922
1011	10211	38300
1012	10231	2038
1013	10251	2056
1014	10271	30554
1015	10292	33000
1016	10312	45933
1017	10332	29192
1018	10353	39832
1019	10373	2699
1020	10393	2119
1021	10414	41295
1022	10434	1995
1023	10455	26666
1024	10475	2205
1025	10496	1216
1026	10516	6096
1027	10537	14022
1028	10557	1742
1029	10578	1302
1030	10598	2010
1031	10619	6953
1032	10639	1383
1033	10660	1306
1034	10681	6477
1035	10701	1270
1036	10722	5148
1037	10743	1427
1038	10764	1237
1039	10784	12400
1040	10805	5742
1041	10826	4924
1042	10847	1219
1043	10868	1755
1044	10888	1367
1045	10909	1600
1046	10930	1415
1047	10951	1208
1048	10972	1642
1049	10993	5465
1050	11014	1370
1051	11035	1237
1052	11056	1962
1053	11077	6061
1054	11098	1534
1055	11119	1690
1056	11140	1397
1057	11161	1331
1058	11183	1236
1059	11204	1376
1060	11225	1349
1061	11246	1782
1062	11267	1243
1063	11289	1373
1064	11310	1517
1065	11331	35051
1066	11352	2995
1067	11374	1965
1068	11395	26600
1069	11416	9611
1070	11438	1397
1071	11459	1513
1072	11481	1475
1073	11502	1460
1074	11524	3145
1075	11545	2125
1076	11567	6024
1077	11588	5727
1078	11610	1271
1079	11631	1473
1080	11653	1766
1081	11674	1848
1082	11696	1708
1083	11718	1240
1084	11739	1905
1085	11761	1304
1086	11783	1806
1087	11804	1500
1088	11826	1219
1089	11848	1331
1090	11870	1243
1091	11891	1485
1092	11913	1705
1093	11935	1729
1094	11957	1133
1095	11979	2535
1096	12001	6149
1097	12023	1671
1098	12045	1271
1099	12067	1390
1100	12089	5533
1101	12111	8045
1102	12133	1456
1103	12155	1841
1104	12177	1954
1105	12199	6886
1106	12221	1458
1107	12243	5054
1108	12265	1214
1109	12287	1480
1110	12309	1333
1111	12332	1276
1112	12354	6565
1113	12376	1709
1114	12398	7978
1115	12421	2382
1116	12443	1518
1117	12465	13050
1118	12488	1816
1119	12510	1895
1120	12532	1413
1121	12555	1733
1122	12577	7686
1123	12600	6305
1124	12622	1724
1125	12645	8119
1126	12667	1413
1127	12690	1365
1128	12712	1367
1129	12735	5851
1130	12757	1240
1131	12780	1541
1132	12802	6769
1133	12825	7265
1134	12848	1171
1135	12870	1453
1136	12893	1445
1137	12916	1409
1138	12939	1562
1139	12961	1261
1140	12984	5455
1141	13007	1663
1142	13030	1504
1143	13053	1656
1144	13075	1191
1145	13098	2540
1146	13121	12020
1147	13144	2567
1148	13167	1477
1149	13190	1352
1150	13213	2776
1151	13236	7034
1152	13259	7713
1153	13282	1366
1154	13305	9084
1155	13328	5628
1156	13351	1225
1157	13374	2023
1158	13398	5679
1159	13421	2040
1160	13444	6577
1161	13467	1708
1162	13490	1480
1163	13514	1310
1164	13537	1608
1165	13560	1822
1166	13583	6361
1167	13607	1781
1168	13630	1634
1169	13653	2170
1170	13677	1412
1171	13700	1336
1172	13724	1437
1173	13747	2126
1174	13771	1696
1175	13794	6662
1176	13818	8335
1177	13841	1835
1178	13865	8084
1179	13888	1565
1180	13912	1666
1181	13935	2233
1182	13959	1303
1183	13983	1501
1184	14006	7516
1185	14030	1306
1186	14054	1276
1187	14077	1789
1188	14101	1689
1189	14125	6440
1190	14149	6231
1191	14172	1302
1192	14196	1604
1193	14220	1337
1194	14244	1282
1195	14268	1491
1196	14292	1612
1197	14316	1662
1198	14340	5437
1199	14364	5320
1200	14388	1344
1201	14412	5277
1202	14436	6998
1203	14460	1331
1204	14484	1355
1205	14508	1648
1206	14532	1620
1207	14556	1461
1208	14580	7668
1209	14604	1311
1210	14628	5941
1211	14653	2053
1212	14677	1981
1213	14701	1559
1214	14725	4710
1215	14750	1485
1216	14774	1757
1217	14798	5909
1218	14823	2579
1219	14847	1748
1220	14871	1997
1221	14896	2374
1222	14920	1680
1223	14945	4527
1224	14969	1501
1225	14994	1629
1226	15018	1727
1227	15043	1383
1228	15067	1477
1229	15092	4848
1230	15116	5428
1231	15141	2340
1232	15165	1702
1233	15190	1525
1234	15215	1903
1235	15239	1783
1236	15264	2036
1237	15289	2028
1238	15314	7347
1239	15338	2813
1240	15363	1497
1241	15388	7862
1242	15413	2420
1243	15438	1633
1244	15462	2592
1245	15487	1783
1246	15512	5623
1247	15537	2430
1248	15562	1823
1249	15587	5544
1250	15612	1385
1251	15637	2030
1252	15662	1730
1253	15687	3364
1254	15712	5224
1255	15737	5033
1256	15762	2032
1257	15787	2657
1258	15813	5888
1259	15838	1863
1260	15863	1718
1261	15888	8042
1262	15913	1625
1263	15939	5552
1264	15964	4980
1265	15989	2756
1266	16014	2076
1267	16040	1664
1268	16065	1630
1269	16090	17227
1270	16116	4025
1271	16141	4630
1272	16167	1630
1273	16192	2117
1274	16218	2552
1275	16243	7311
1276	16269	2135
1277	16294	2154
1278	16320	3068
1279	16345	3515
1280	16371	5228
1281	16396	1514
1282	16422	5730
1283	16448	4986
1284	16473	1835
1285	16499	4239
1286	16525	2239
1287	16550	5889
1288	16576	1570
1289	16602	1602
1290	16628	1462
1291	16653	2144
1292	16679	4511
1293	16705	5751
1294	16731	1487
1295	16757	1815
1296	16783	1952
1297	16809	1686
1298	16835	6295
1299	16861	1522
1300	16887	5454
1301	16913	1956
1302	16939	1821
1303	16965	5139
1304	16991	2496
1305	17017	5363
1306	17043	1765
1307	17069	5657
1308	17095	1595
1309	17121	4594
1310	17147	4931
1311	17174	6044
1312	17200	1933
1313	17226	1992
1314	17252	2249
1315	17279	2517
1316	17305	2111
1317	17331	4235
1318	17358	6295
1319	17384	5989
1320	17410	1780
1321	17437	1452
1322	17463	5309
1323	17490	1378
1324	17516	1558
1325	17543	4082
1326	17569	2106
1327	17596	1428
1328	17622	1942
1329	17649	1742
1330	17675	1667
1331	17702	6134
1332	17728	4408
1333	17755	1633
1334	17782	2194
1335	17808	1875
1336	17835	1654
1337	17862	1856
1338	17889	2279
1339	17915	2374
1340	17942	1796
1341	17969	8103
1342	17996	2119
1343	18023	2483
1344	18049	6301
1345	18076	2488
1346	18103	1779
1347	18130	3342
1348	18157	6502
1349	18184	2440
1350	18211	7993
1351	18238	4620
1352	18265	31105
1353	18292	2374
1354	18319	4933
1355	18346	1548
1356	18373	1826
1357	18400	4487
1358	18428	2115
1359	18455	5693
1360	18482	6822
1361	18509	5560
1362	18536	2130
1363	18564	5451
1364	18591	4518
1365	18618	1903
1366	18645	7455
1367	18673	2123
1368	18700	1530
1369	18727	1719
1370	18755	4873
1371	18782	1653
1372	18810	4030
1373	18837	2459
1374	18865	4653
1375	18892	1877
1376	18920	1787
1377	18947	7309
1378	18975	4832
1379	19002	4277
1380	19030	4465
1381	19057	1531
1382	19085	20381
1383	19113	1872
1384	19140	4942
1385	19168	3557
1386	19196	4520
1387	19223	8556
1388	19251	1646
1389	19279	5092
1390	19307	5190
1391	19334	1758
1392	19362	1565
1393	19390	4580
1394	19418	6570
1395	19446	5503
1396	19474	2166
1397	19502	1890
1398	19530	36518
1399	19558	4404
1400	19586	4742
1401	19614	2366
1402	19642	4149
1403	19670	3340
1404	19698	4314
1405	19726	4720
1406	19754	2689
1407	19782	1642
1408	19810	2618
1409	19838	3738
1410	19866	4722
1411	19895	2014
1412	19923	5639
1413	19951	5332
1414	19979	5205
1415	20008	1829
1416	20036	5894
1417	20064	3889
1418	20093	4293
1419	20121	3228
1420	20149	6631
1421	20178	2892
1422	20206	3951
1423	20235	6553
1424	20263	2841
1425	20292	9295
1426	20320	4344
1427	20349	4933
1428	20377	7364
1429	20406	5925
1430	20434	2138
1431	20463	6511
1432	20491	44795
1433	20520	3877
1434	20549	1847
1435	20577	5419
1436	20606	6676
1437	20635	3511
1438	20664	2123
1439	20692	1935
1440	20721	5903
1441	20750	1973
1442	20779	7670
1443	20808	4377
1444	20836	1638
1445	20865	3049
1446	20894	1771
1447	20923	2390
1448	20952	4328
1449	20981	4164
1450	21010	5072
1451	21039	2515
1452	21068	1886
1453	21097	6546
1454	21126	1565
1455	21155	6186
1456	21184	4773
1457	21213	4261
1458	21243	3743
1459	21272	2192
1460	21301	2086
1461	21330	1816
1462	21359	4629
1463	21389	5867
1464	21418	8797
1465	21447	1841
1466	21476	5655
1467	21506	2582
1468	21535	5736
1469	21564	7747
1470	21594	6996
1471	21623	6120
1472	21653	5318
1473	21682	4300
1474	21712	2792
1475	21741	1864
1476	21771	8252
1477	21800	1560
1478	21830	1979
1479	21859	2018
1480	21889	3996
1481	21918	2184
1482	21948	2869
1483	21978	6718
1484	22007	7466
1485	22037	4831
1486	22067	6254
1487	22096	2343
1488	22126	2312
1489	22156	6295
1490	22186	2236
1491	22215	6037
1492	22245	8287
1493	22275	5488
1494	22305	1750
1495	22335	8022
1496	22365	1738
1497	22395	7190
1498	22425	2697
1499	22455	7919
1500	22485	2472
1501	22515	5728
1502	22545	2154
1503	22575	10414
1504	22605	3140
1505	22635	4146
1506	22665	2577
1507	22695	4323
1508	22725	10266
1509	22755	2889
1510	22785	4304
1511	22816	3031
1512	22846	4444
1513	22876	13244
1514	22906	5123
1515	22937	2800
1516	22967	5538
1517	22997	4145
1518	23028	8046
1519	23058	5696
1520	23088	7128
1521	23119	8489
1522	23149	2440
1523	23180	3736
1524	23210	1665
1525	23241	3130
1526	23271	2156
1527	23302	9251
1528	23332	4499
1529	23363	4447
1530	23393	2145
1531	23424	2057
1532	23454	9973
1533	23485	7315
1534	23516	5699
1535	23546	9010
1536	23577	3361
1537	23608	12178
1538	23639	2001
1539	23669	2000
1540	23700	13155
1541	23731	6680
1542	23762	10034
1543	23793	18802
1544	23823	3438
1545	23854	8374
1546	23885	10018
1547	23916	5084
1548	23947	8404
1549	23978	2239
1550	24009	3034
1551	24040	2241
1552	24071	14651
1553	24102	2190
1554	24133	1827
1555	24164	2870
1556	24195	2716
1557	24226	2376
1558	24258	2547
1559	24289	9677
1560	24320	2937
1561	24351	2113
1562	24382	12434
1563	24414	2156
1564	24445	1795
1565	24476	3101
1566	24507	10163
1567	24539	2963
1568	24570	2290
1569	24601	6806
1570	24633	1817
1571	24664	13280
1572	24696	11992
1573	24727	3684
1574	24759	8261
1575	24790	7802
1576	24822	2450
1577	24853	2748
1578	24885	2158
1579	24916	3383
1580	24948	2032
1581	24979	2435
1582	25011	7330
1583	25043	2216
1584	25074	13628
1585	25106	2151
1586	25138	10866
1587	25169	2636
1588	25201	4327
1589	25233	2620
1590	25265	2343
1591	25296	2461
1592	25328	5509
1593	25360	3053
1594	25392	3435
1595	25424	2161
1596	25456	2319
1597	25488	2770
1598	25520	2745
1599	25552	2028
1600	25584	2904
1601	25616	3442
1602	25648	10260
1603	25680	3058
1604	25712	3725
1605	25744	3277
1606	25776	2097
1607	25808	2220
1608	25840	9400
1609	25872	2258
1610	25904	4093
1611	25937	8778
1612	25969	12681
1613	26001	2795
1614	26033	2086
1615	26066	3966
1616	26098	6685
1617	26130	12197
1618	26163	2641
1619	26195	3919
1620	26227	6748
1621	26260	17472
1622	26292	3722
1623	26325	3482
1624	26357	2752
1625	26390	13027
1626	26422	2632
1627	26455	2285
1628	26487	2973
1629	26520	3374
1630	26552	2019
1631	26585	1743
1632	26617	2967
1633	26650	11053
1634	26683	13593
1635	26715	7704
1636	26748	2074
1637	26781	4358
1638	26814	4035
1639	26846	17819
1640	26879	3652
1641	26912	3584
1642	26945	2004
1643	26978	4712
1644	27010	11733
1645	27043	4162
1646	27076	9465
1647	27109	12708
1648	27142	16306
1649	27175	2696
1650	27208	3439
1651	27241	2377
1652	27274	3268
1653	27307	4532
1654	27340	2167
1655	27373	3822
1656	27406	2806
1657	27439	1855
1658	27473	12680
1659	27506	9530
1660	27539	3937
1661	27572	9021
1662	27605	29527
1663	27639	2143
1664	27672	2633
1665	27705	3143
1666	27738	3571
1667	27772	2330
1668	27805	2980
1669	27838	2893
1670	27872	4860
1671	27905	4421
1672	27939	7368
1673	27972	2315
1674	28006	2411
1675	28039	13305
1676	28073	2766
1677	28106	29345
1678	28140	2286
1679	28173	2743
1680	28207	2230
1681	28240	2196
1682	28274	12939
1683	28308	16421
1684	28341	10455
1685	28375	4696
1686	28409	2717
1687	28442	15039
1688	28476	12693
1689	28510	5094
1690	28544	2828
1691	28577	7914
1692	28611	4438
1693	28645	3127
1694	28679	11851
1695	28713	2692
1696	28747	3551
1697	28781	13991
1698	28815	4217
1699	28849	5115
1700	28883	3610
1701	28917	3434
1702	28951	3151
1703	28985	27651
1704	29019	2545
1705	29053	4286
1706	29087	6873
1707	29121	12815
1708	29155	3085
1709	29189	3241
1710	29223	2683
1711	29258	2194
1712	29292	3186
1713	29326	2815
1714	29360	3394
1715	29395	2703
1716	29429	5552
1717	29463	109313
1718	29498	2976
1719	29532	22720
1720	29566	19592
1721	29601	18052
1722	29635	12142
1723	29670	2757
1724	29704	3649
1725	29739	2282
1726	29773	2212
1727	29808	20936
1728	29842	2703
1729	29877	4014
1730	29911	2042
1731	29946	2386
1732	29980	14612
1733	30015	2217
1734	30050	2980
1735	30084	3648
1736	30119	2107
1737	30154	1974
1738	30189	2763
1739	30223	2109
1740	30258	2327
1741	30293	2669
1742	30328	3022
1743	30363	10355
1744	30397	3256
1745	30432	14780
1746	30467	3020
1747	30502	2171
1748	30537	4923
1749	30572	20546
1750	30607	17555
1751	30642	29511
1752	30677	3014
1753	30712	14653
1754	30747	17555
1755	30782	4659
1756	30817	3783
1757	30852	21015
1758	30888	11072
1759	30923	3790
1760	30958	3068
1761	30993	3570
1762	31028	14434
1763	31064	2850
1764	31099	3643
1765	31134	7832
1766	31169	2895
1767	31205	15589
1768	31240	3858
1769	31275	3223
1770	31311	17475
1771	31346	2930
1772	31382	5708
1773	31417	3608
1774	31453	10135
1775	31488	18342
1776	31524	2468
1777	31559	2941
1778	31595	18219
1779	31630	9121
1780	31666	2973
1781	31701	3570
1782	31737	3535
1783	31773	3319
1784	31808	2920
1785	31844	6068
1786	31880	3174
1787	31915	2407
1788	31951	3339
1789	31987	2983
1790	32023	2972
1791	32058	2185
1792	32094	19015
1793	32130	31344
1794	32166	10198
1795	32202	11019
1796	32238	8401
1797	32274	7425
1798	32310	7908
1799	32346	7937
1800	32382	10539
1801	32418	6997
1802	32454	8375
1803	32490	6124
1804	32526	5861
1805	32562	8251
1806	32598	7125
1807	32634	8336
1808	32670	11645
1809	32706	7261
1810	32742	9208
1811	32779	6600
1812	32815	37941
1813	32851	6276
1814	32887	11314
1815	32924	6120
1816	32960	14482
1817	32996	7848
1818	33033	8790
1819	33069	5687
1820	33105	7638
1821	33142	5905
1822	33178	5077
1823	33215	5244
1824	33251	7902
1825	33288	10228
1826	33324	6964
1827	33361	6607
1828	33397	5774
1829	33434	11543
1830	33470	6177
1831	33507	6667
1832	33543	5421
1833	33580	7283
1834	33617	12437
1835	33653	9147
1836	33690	25736
1837	33727	6978
1838	33764	8367
1839	33800	5475
1840	33837	5632
1841	33874	9577
1842	33911	8010
1843	33948	12567
1844	33984	3842
1845	34021	37627
1846	34058	4831
1847	34095	8443
1848	34132	8396
1849	34169	4196
1850	34206	3788
1851	34243	9517
1852	34280	7013
1853	34317	25301
1854	34354	3998
1855	34391	4750
1856	34428	4544
1857	34465	7350
1858	34503	55302
1859	34540	4747
1860	34577	10310
1861	34614	6055
1862	34651	4169
1863	34689	8039
1864	34726	6499
1865	34763	10464
1866	34800	10488
1867	34838	8410
1868	34875	4507
1869	34912	45449
1870	34950	5679
1871	34987	10371
1872	35025	10546
1873	35062	9915
1874	35100	4829
1875	35137	11964
1876	35175	9951
1877	35212	3904
1878	35250	8871
1879	35287	11701
1880	35325	5726
1881	35362	9104
1882	35400	6213
1883	35438	11467
1884	35475	8744
1885	35513	7446
1886	35551	65719
1887	35588	6242
1888	35626	5604
1889	35664	8371
1890	35702	16510
1891	35739	7447
1892	35777	3969
1893	35815	8741
1894	35853	7047
1895	35891	9214
1896	35929	10484
1897	35967	7287
1898	36005	6134
1899	36043	3985
1900	36081	6936
1901	36119	19624
1902	36157	8803
1903	36195	10369
1904	36233	7817
1905	36271	4750
1906	36309	4132
1907	36347	4303
1908	36385	10941
1909	36423	6155
1910	36461	3859
1911	36500	6694
1912	36538	4230
1913	36576	5608
1914	36614	22957
1915	36653	9156
1916	36691	30374
1917	36729	10924
1918	36768	7439
1919	36806	43627
1920	36844	4926
1921	36883	8013
1922	36921	10248
1923	36960	8418
1924	36998	4122
1925	37037	9660
1926	37075	4750
1927	37114	4284
1928	37152	54327
1929	37191	6133
1930	37229	4110
1931	37268	11395
1932	37306	5041
1933	37345	5554
1934	37384	4623
1935	37422	12835
1936	37461	12535
1937	37500	35707
1938	37539	5146
1939	37577	10395
1940	37616	5983
1941	37655	3865
1942	37694	8510
1943	37733	6694
1944	37771	6655
1945	37810	14877
1946	37849	7555
1947	37888	6774
1948	37927	7590
1949	37966	12908
1950	38005	4143
1951	38044	9256
1952	38083	4469
1953	38122	4472
1954	38161	11286
1955	38200	45831
1956	38239	6699
1957	38278	5152
1958	38318	8030
1959	38357	10051
1960	38396	3966
1961	38435	11795
1962	38474	38073
1963	38514	7897
1964	38553	4760
1965	38592	7764
1966	38631	6351
1967	38671	12246
1968	38710	35163
1969	38749	6905
1970	38789	5370
1971	38828	3587
1972	38868	6426
1973	38907	50822
1974	38947	4284
1975	38986	6538
1976	39026	11787
1977	39065	17906
1978	39105	6801
1979	39144	5647
1980	39184	37762
1981	39223	6409
1982	39263	6829
1983	39303	5318
1984	39342	7474
1985	39382	6512
1986	39422	6065
1987	39461	39542
1988	39501	43315
1989	39541	8608
1990	39581	6219
1991	39620	52945
1992	39660	6370
1993	39700	4430
1994	39740	5927
1995	39780	19160
1996	39820	5707
1997	39860	6988
1998	39900	7552
1999	39940	34972
2000	39980	7541
2001	40020	6113
2002	40060	44845
2003	40100	21348
2004	40140	6447
2005	40180	8334
2006	40220	4203
2007	40260	8622
2008	40300	6606
2009	40340	7994
2010	40380	10174
2011	40421	6926
2012	40461	4542
2013	40501	5861
2014	40541	11565
2015	40582	8726
2016	40622	4277
2017	40662	8627
2018	40703	37240
2019	40743	4799
2020	40783	39408
2021	40824	48334
2022	40864	9319
2023	40905	6444
2024	40945	10412
2025	40986	5299
2026	41026	4945
2027	41067	7392
2028	41107	22487
2029	41148	4373
2030	41188	8128
2031	41229	5053
2032	41269	7903
2033	41310	6911
2034	41351	37161
2035	41391	4805
2036	41432	3945
2037	41473	7118
2038	41514	4271
2039	41554	4320
2040	41595	4210
2041	41636	7820
2042	41677	4451
2043	41718	5869
2044	41758	9685
2045	41799	34032
2046	41840	5481
2047	41881	6133
2048	41922	5434
2049	41963	6684
2050	42004	3178
2051	42045	26543
2052	42086	3193
2053	42127	11638
2054	42168	3143
2055	42209	24385
2056	42250	4861
2057	42291	2883
2058	42333	5749
2059	42374	3300
2060	42415	5426
2061	42456	8365
2062	42497	20813
2063	42539	4051
2064	42580	5108
2065	42621	6323
2066	42662	22419
2067	42704	6837
2068	42745	5402
2069	42786	7302
2070	42828	22057
2071	42869	3327
2072	42911	3223
2073	42952	32370
2074	42994	4179
2075	43035	3813
2076	43077	3058
2077	43118	5073
2078	43160	28989
2079	43201	24522
2080	43243	4324
2081	43284	4720
2082	43326	3220
2083	43368	3706
2084	43409	12250
2085	43451	26799
2086	43493	23709
2087	43534	19174
2088	43576	5268
2089	43618	3931
2090	43660	3280
2091	43701	7604
2092	43743	12697
2093	43785	12873
2094	43827	18143
2095	43869	5344
2096	43911	4555
2097	43953	6616
2098	43995	6802
2099	44037	7157
2100	44079	18033
2101	44121	36332
2102	44163	2816
2103	44205	24807
2104	44247	3271
2105	44289	4036
2106	44331	15884
2107	44373	3526
2108	44415	5567
2109	44457	3130
2110	44499	14283
2111	44542	6535
2112	44584	2650
2113	44626	3638
2114	44668	3539
2115	44711	3605
2116	44753	4612
2117	44795	3624
2118	44838	25456
2119	44880	33552
2120	44922	27945
2121	44965	10398
2122	45007	4521
2123	45050	29169
2124	45092	18382
2125	45135	3040
2126	45177	3950
2127	45220	6249
2128	45262	16561
2129	45305	2867
2130	45347	20833
2131	45390	28358
2132	45432	5913
2133	45475	6420
2134	45518	9483
2135	45560	8645
2136	45603	8392
2137	45646	16521
2138	45689	3576
2139	45731	5083
2140	45774	4580
2141	45817	3464
2142	45860	30643
2143	45903	25815
2144	45945	33017
2145	45988	3823
2146	46031	5601
2147	46074	23030
2148	46117	4982
2149	46160	21250
2150	46203	4144
2151	46246	32476
2152	46289	6903
2153	46332	12724
2154	46375	3576
2155	46418	2833
2156	46461	28647
2157	46504	3106
2158	46548	12971
2159	46591	6023
2160	46634	6105
2161	46677	5173
2162	46720	3293
2163	46764	7745
2164	46807	3463
2165	46850	4872
2166	46893	7735
2167	46937	15124
2168	46980	4160
2169	47023	12172
2170	47067	7329
2171	47110	12499
2172	47154	5771
2173	47197	4498
2174	47241	3321
2175	47284	3154
2176	47328	2828
2177	47371	5254
2178	47415	13100
2179	47458	5496
2180	47502	2688
2181	47545	6093
2182	47589	6782
2183	47633	6848
2184	47676	5210
2185	47720	11971
2186	47764	17106
2187	47807	14580
2188	47851	7116
2189	47895	6052
2190	47939	18411
2191	47982	3631
2192	48026	29071
2193	48070	23164
2194	48114	16280
2195	48158	5470
2196	48202	11202
2197	48246	12483
2198	48290	12256
2199	48334	7441
2200	48378	5840
2201	48422	23408
2202	48466	4118
2203	48510	5418
2204	48554	7693
2205	48598	3413
2206	48642	8560
2207	48686	3253
2208	48730	5702
2209	48774	17068
2210	48818	3467
2211	48863	5437
2212	48907	3990
2213	48951	30518
2214	48995	3055
2215	49040	5083
2216	49084	34765
2217	49128	4741
2218	49173	17085
2219	49217	3667
2220	49261	5936
2221	49306	5975
2222	49350	23875
2223	49395	4045
2224	49439	3927
2225	49484	5561
2226	49528	39491
2227	49573	4426
2228	49617	2899
2229	49662	5724
2230	49706	5230
2231	49751	19633
2232	49795	7082
2233	49840	29409
2234	49885	47455
2235	49929	8009
2236	49974	5224
2237	50019	11589
2238	50064	3058
2239	50108	20537
2240	50153	3536
2241	50198	7559
2242	50243	3136
2243	50288	26186
2244	50332	30994
2245	50377	21621
2246	50422	6945
2247	50467	3321
2248	50512	4605
2249	50557	12965
2250	50602	6550
2251	50647	3769
2252	50692	13008
2253	50737	3753
2254	50782	9533
2255	50827	6224
2256	50872	4920
2257	50917	10459
2258	50963	3939
2259	51008	3090
2260	51053	3752
2261	51098	20285
2262	51143	8169
2263	51189	20983
2264	51234	4138
2265	51279	4551
2266	51324	22825
2267	51370	29772
2268	51415	3879
2269	51460	29901
2270	51506	3531
2271	51551	14479
2272	51597	10192
2273	51642	5614
2274	51688	4882
2275	51733	25649
2276	51779	18105
2277	51824	8083
2278	51870	6930
2279	51915	7026
2280	51961	3118
2281	52006	26876
2282	52052	30558
2283	52098	5657
2284	52143	16503
2285	52189	10368
2286	52235	3642
2287	52280	33190
2288	52326	20872
2289	52372	16065
2290	52418	6653
2291	52463	5410
2292	52509	5868
2293	52555	14086
2294	52601	6569
2295	52647	9370
2296	52693	22735
2297	52739	4304
2298	52785	6237
2299	52831	5728
2300	52877	7090
2301	52923	26417
2302	52969	6063
2303	53015	33278
2304	53061	3847
2305	53107	6154
2306	53153	4850
2307	53199	33423
2308	53245	18520
2309	53291	15630
2310	53337	19314
2311	53384	8795
2312	53430	9273
2313	53476	19267
2314	53522	3320
2315	53569	17506
2316	53615	5320
2317	53661	6814
2318	53708	3177
2319	53754	3981
2320	53800	7278
2321	53847	4011
2322	53893	11400
2323	53940	23954
2324	53986	5257
2325	54033	18020
2326	54079	4739
2327	54126	4495
2328	54172	8804
2329	54219	4142
2330	54265	19331
2331	54312	8489
2332	54358	9411
2333	54405	19779
2334	54452	3274
2335	54498	14080
2336	54545	5951
2337	54592	22273
2338	54639	43576
2339	54685	17913
2340	54732	3778
2341	54779	8420
2342	54826	20276
2343	54873	9109
2344	54919	3280
2345	54966	15071
2346	55013	4845
2347	55060	21421
2348	55107	9607
2349	55154	21292
2350	55201	7390
2351	55248	17106
2352	55295	17075
2353	55342	9165
2354	55389	4566
2355	55436	10736
2356	55483	21769
2357	55530	5015
2358	55578	12963
2359	55625	32626
2360	55672	10351
2361	55719	24030
2362	55766	3978
2363	55814	12860
2364	55861	9872
2365	55908	24834
2366	55955	4068
2367	56003	50530
2368	56050	6990
2369	56097	3598
2370	56145	18500
2371	56192	19497
2372	56240	21470
2373	56287	14192
2374	56335	12687
2375	56382	16231
2376	56430	5448
2377	56477	9180
2378	56525	7387
2379	56572	3637
2380	56620	19392
2381	56667	25560
2382	56715	5496
2383	56763	26068
2384	56810	6338
2385	56858	7790
2386	56906	4192
2387	56953	7354
2388	57001	11863
2389	57049	13717
2390	57097	7656
2391	57144	6171
2392	57192	20497
2393	57240	8506
2394	57288	12857
2395	57336	7221
2396	57384	19266
2397	57432	7546
2398	57480	19338
2399	57528	4128
2400	57576	11909
2401	57624	7144
2402	57672	3502
2403	57720	22135
2404	57768	4112
2405	57816	5552
2406	57864	4149
2407	57912	3859
2408	57960	10335
2409	58008	3496
2410	58056	12346
2411	58105	10636
2412	58153	8434
2413	58201	12084
2414	58249	8108
2415	58298	6278
2416	58346	7193
2417	58394	3407
2418	58443	8674
2419	58491	17801
2420	58539	15677
2421	58588	13958
2422	58636	11404
2423	58685	7803
2424	58733	5810
2425	58782	21375
2426	58830	14035
2427	58879	3375
2428	58927	45295
2429	58976	4495
2430	59024	8418
2431	59073	7617
2432	59121	7027
2433	59170	7897
2434	59219	3181
2435	59267	9644
2436	59316	3342
2437	59365	15569
2438	59414	9481
2439	59462	7320
2440	59511	9241
2441	59560	4227
2442	59609	7587
2443	59658	3353
2444	59706	7779
2445	59755	12557
2446	59804	14545
2447	59853	382782
2448	59902	13976
2449	59951	5957
2450	60000	3956
2451	60049	10420
2452	60098	17307
2453	60147	22225
2454	60196	18658
2455	60245	3910
2456	60294	10184
2457	60343	4425
2458	60393	17251
2459	60442	4301
2460	60491	8073
2461	60540	8305
2462	60589	6881
2463	60639	5577
2464	60688	5904
2465	60737	29935
2466	60786	13346
2467	60836	6994
2468	60885	5326
2469	60934	12647
2470	60984	7822
2471	61033	4234
2472	61083	12296
2473	61132	22455
2474	61182	4717
2475	61231	6898
2476	61281	16740
2477	61330	6122
2478	61380	16103
2479	61429	21976
2480	61479	17006
2481	61528	8090
2482	61578	8458
2483	61628	3522
2484	61677	5139
2485	61727	4439
2486	61777	10665
2487	61826	8447
2488	61876	55209
2489	61926	3578
2490	61976	12395
2491	62025	8330
2492	62075	5184
2493	62125	4224
2494	62175	20750
2495	62225	8688
2496	62275	12160
2497	62325	10375
2498	62375	8736
2499	62425	3408
2500	62475	3692
