100	99	23190
101	101	24270
102	103	24127
103	105	41772
104	107	20904
105	109	19759
106	111	19519
107	113	49622
108	115	20495
109	117	20937
110	119	19649
111	122	21151
112	124	19940
113	126	25277
114	128	23843
115	131	20186
116	133	20785
117	135	33395
118	138	19249
119	140	18737
120	142	27365
121	145	20594
122	147	19124
123	150	18895
124	152	20264
125	155	19104
126	157	18953
127	160	18955
128	162	21323
129	165	21579
130	167	19024
131	170	20678
132	172	87899
133	175	20700
134	178	20945
135	180	34846
136	183	20835
137	186	20674
138	189	19394
139	191	113674
140	194	21959
141	197	21284
142	200	21319
143	203	20678
144	205	20859
145	208	22994
146	211	35399
147	214	33560
148	217	21449
149	220	72458
150	223	76204
151	226	21619
152	229	22445
153	232	19896
154	235	21814
155	238	69841
156	241	49278
157	244	21840
158	248	22001
159	251	21529
160	254	21905
161	257	21577
162	260	22134
163	264	22167
164	267	22152
165	270	24171
166	273	22214
167	277	22086
168	280	22029
169	283	21897
170	287	22158
171	290	22826
172	294	22001
173	297	22132
174	301	21756
175	304	47666
176	308	22915
177	311	22258
178	315	22197
179	318	23347
180	322	23171
181	325	20763
182	329	21049
183	333	22244
184	336	114762
185	340	28686
186	344	56211
187	347	22527
188	351	24105
189	355	23776
190	359	46616
191	362	23982
192	366	22839
193	370	58139
194	374	22903
195	378	22890
196	382	22307
197	386	23092
198	390	24670
199	394	21235
200	398	23245
201	402	23355
202	406	39754
203	410	28039
204	414	248159
205	418	24169
206	422	52043
207	426	39306
208	430	23333
209	434	197239
210	438	23581
211	443	24417
212	447	20990
213	451	24105
214	455	25725
215	460	22945
216	464	163633
217	468	25488
218	473	29919
219	477	30136
220	481	23121
221	486	292956
222	490	20928
223	495	31200
224	499	25012
225	504	21299
226	508	21452
227	513	26347
228	517	23959
229	522	23894
230	526	23669
231	531	28949
232	535	24722
233	540	24274
234	545	23407
235	549	23959
236	554	24519
237	559	27123
238	564	26148
239	568	53085
240	573	23659
241	578	53013
242	583	21769
243	588	25802
244	592	24435
245	597	25957
246	602	24544
247	607	28714
248	612	29669
249	617	24582
250	622	64166
251	627	29360
252	632	129861
253	637	40923
254	642	25147
255	647	22717
256	652	24957
257	657	42393
258	663	21909
259	668	24912
260	673	26580
261	678	39873
262	683	22475
263	689	26711
264	694	24527
265	699	24624
266	704	30496
267	710	74717
268	715	28202
269	720	45307
270	726	23922
271	731	25463
272	737	23192
273	742	23019
274	748	22114
275	753	34599
276	759	29062
277	764	24065
278	770	25083
279	775	27476
280	781	29158
281	786	23373
282	792	23716
283	798	108743
284	803	25476
285	809	174116
286	815	23019
287	820	24550
288	826	31268
289	832	25064
290	838	48900
291	843	26959
292	849	26449
293	855	26272
294	861	54153
295	867	26219
296	873	25976
297	879	23488
298	885	25949
299	891	54695
300	897	24899
301	903	41413
302	909	27275
303	915	26228
304	921	60579
305	927	26534
306	933	25399
307	939	23085
308	945	26512
309	951	26255
310	957	23346
311	964	29378
312	970	24891
313	976	27299
314	982	26401
315	989	26490
316	995	30642
317	1001	36463
318	1008	61736
319	1014	61374
320	1020	27095
321	1027	23749
322	1033	25560
323	1040	26070
324	1046	28002
325	1053	46121
326	1059	26332
327	1066	28355
328	1072	28038
329	1079	27680
330	1085	24485
331	1092	26545
332	1098	28442
333	1105	27775
334	1112	27624
335	1118	27249
336	1125	26360
337	1132	25805
338	1139	28692
339	1145	23517
340	1152	27374
341	1159	27013
342	1166	24841
343	1173	27295
344	1179	28871
345	1186	30048
346	1193	25142
347	1200	27174
348	1207	23976
349	1214	27196
350	1221	28923
351	1228	23723
352	1235	34756
353	1242	24105
354	1249	26081
355	1256	25759
356	1263	29187
357	1270	30074
358	1278	29385
359	1285	29624
360	1292	28221
361	1299	28262
362	1306	29620
363	1314	25546
364	1321	31580
365	1328	24094
366	1335	25992
367	1343	26021
368	1350	29445
369	1357	24597
370	1365	30342
371	1372	31458
372	1380	29444
373	1387	25983
374	1395	25769
375	1402	24287
376	1410	28040
377	1417	29004
378	1425	28395
379	1432	35700
380	1440	24411
381	1447	24948
382	1455	28418
383	1463	24719
384	1470	30537
385	1478	147686
386	1486	25295
387	1493	28563
388	1501	28497
389	1509	28832
390	1517	25371
391	1524	28352
392	1532	28857
393	1540	27935
394	1548	30574
395	1556	92090
396	1564	30218
397	1572	28990
398	1580	31454
399	1588	29481
400	1596	33676
401	1604	29015
402	1612	29044
403	1620	29009
404	1628	28829
405	1636	29230
406	1644	29216
407	1652	29332
408	1660	31461
409	1668	31320
410	1676	28882
411	1685	29843
412	1693	29563
413	1701	61832
414	1709	29747
415	1718	25379
416	1726	40580
417	1734	29996
418	1743	29628
419	1751	29811
420	1759	29907
421	1768	37890
422	1776	29519
423	1785	29439
424	1793	29859
425	1802	32114
426	1810	32685
427	1819	27772
428	1827	42415
429	1836	30176
430	1844	29982
431	1853	29567
432	1861	25610
433	1870	61198
434	1879	31125
435	1887	31185
436	1896	31046
437	1905	35737
438	1914	30301
439	1922	26556
440	1931	30841
441	1940	26758
442	1949	31003
443	1958	33304
444	1966	39019
445	1975	26400
446	1984	31235
447	1993	32920
448	2002	31867
449	2011	37264
450	2020	67370
451	2029	26382
452	2038	26595
453	2047	26581
454	2056	69809
455	2065	27000
456	2074	27289
457	2083	31535
458	2093	31581
459	2102	26760
460	2111	27033
461	2120	27016
462	2129	26779
463	2139	67860
464	2148	27289
465	2157	36517
466	2166	31838
467	2176	61562
468	2185	27375
469	2194	32146
470	2204	31782
471	2213	27409
472	2223	31924
473	2232	27818
474	2242	29336
475	2251	32034
476	2261	34701
477	2270	33492
478	2280	34470
479	2289	27347
480	2299	27941
481	2308	32191
482	2318	27484
483	2328	62097
484	2337	27498
485	2347	32417
486	2357	33403
487	2366	35370
488	2376	32229
489	2386	51808
490	2396	32656
491	2405	32405
492	2415	62468
493	2425	32181
494	2435	33062
495	2445	33762
496	2455	33741
497	2465	27718
498	2475	34119
499	2485	32824
500	2495	27617
501	2505	70482
502	2515	365062
503	2525	32944
504	2535	50858
505	2545	33125
506	2555	28033
507	2565	27565
508	2575	51496
509	2585	33313
510	2595	56068
511	2606	33646
512	2616	51470
513	2626	32587
514	2636	30824
515	2647	30341
516	2657	33854
517	2667	32707
518	2678	28826
519	2688	32363
520	2698	28911
521	2709	31517
522	2719	29230
523	2730	28978
524	2740	29196
525	2751	40217
526	2761	257163
527	2772	27868
528	2782	32835
529	2793	28370
530	2803	27655
531	2814	27796
532	2824	61651
533	2835	33395
534	2846	29643
535	2856	33315
536	2867	35197
537	2878	141903
538	2889	27575
539	2899	27793
540	2910	27788
541	2921	32693
542	2932	35203
543	2943	33870
544	2953	35589
545	2964	33349
546	2975	34348
547	2986	34195
548	2997	27973
549	3008	29814
550	3019	28225
551	3030	29662
552	3041	28333
553	3052	29801
554	3063	28135
555	3074	29764
556	3085	28112
557	3096	29710
558	3108	28265
559	3119	190232
560	3130	34205
561	3141	30006
562	3152	28398
563	3164	28407
564	3175	33868
565	3186	28654
566	3197	78604
567	3209	34897
568	3220	31948
569	3231	34857
570	3243	67768
571	3254	30941
572	3266	39785
573	3277	33464
574	3289	28424
575	3300	30229
576	3312	28421
577	3323	30328
578	3335	30303
579	3346	36523
580	3358	35784
581	3369	33465
582	3381	33950
583	3393	30235
584	3404	35318
585	3416	30548
586	3428	36039
587	3439	29223
588	3451	34487
589	3463	33915
590	3475	34918
591	3486	29088
592	3498	37313
593	3510	36289
594	3522	34821
595	3534	35208
596	3546	38220
597	3558	37496
598	3570	35282
599	3582	31190
600	3594	38188
601	3606	29111
602	3618	28935
603	3630	35325
604	3642	35567
605	3654	48257
606	3666	46123
607	3678	29016
608	3690	29432
609	3702	35279
610	3714	30742
611	3727	30455
612	3739	29485
613	3751	34964
614	3763	30223
615	3776	29366
616	3788	29569
617	3800	35557
618	3813	35159
619	3825	32080
620	3837	36681
621	3850	200659
622	3862	31754
623	3875	38698
624	3887	31533
625	3900	37382
626	3912	36872
627	3925	37893
628	3937	36863
629	3950	37816
630	3962	35911
631	3975	36789
632	3987	29767
633	4000	37995
634	4013	36063
635	4025	36203
636	4038	30833
637	4051	40140
638	4064	39901
639	4076	30227
640	4089	39254
641	4102	37298
642	4115	34122
643	4128	37681
644	4140	35473
645	4153	31320
646	4166	31083
647	4179	45656
648	4192	35970
649	4205	30058
650	4218	33504
651	4231	37317
652	4244	36459
653	4257	31035
654	4270	31319
655	4283	30141
656	4296	36967
657	4309	37332
658	4323	30305
659	4336	31471
660	4349	30491
661	4362	65169
662	4375	31178
663	4389	37476
664	4402	31766
665	4415	38175
666	4428	37675
667	4442	38620
668	4455	37071
669	4468	37816
670	4482	37531
671	4495	37847
672	4509	37954
673	4522	32027
674	4536	31217
675	4549	30614
676	4563	37489
677	4576	30870
678	4590	37482
679	4603	32237
680	4617	32321
681	4630	30923
682	4644	47409
683	4658	38796
684	4671	35068
685	4685	32556
686	4699	30816
687	4712	32589
688	4726	39838
689	4740	38555
690	4754	31268
691	4767	39453
692	4781	30962
693	4795	31376
694	4809	31930
695	4823	32566
696	4837	30361
697	4851	40084
698	4865	32621
699	4879	64948
700	4893	32681
701	4907	31269
702	4921	37996
703	4935	37276
704	4949	45201
705	4963	37612
706	4977	32995
707	4991	31137
708	5005	40317
709	5019	40772
710	5033	32717
711	5048	50518
712	5062	31523
713	5076	44001
714	5090	39352
715	5105	33083
716	5119	40860
717	5133	40942
718	5148	53295
719	5162	36304
720	5176	39155
721	5191	51566
722	5205	32696
723	5220	38577
724	5234	30774
725	5249	38341
726	5263	32273
727	5278	38328
728	5292	33734
729	5307	33210
730	5321	32000
731	5336	32278
732	5350	42647
733	5365	31822
734	5380	39318
735	5394	39209
736	5409	32091
737	5424	32212
738	5439	32029
739	5453	38924
740	5468	149963
741	5483	39445
742	5498	45322
743	5513	32951
744	5527	33004
745	5542	33494
746	5557	32195
747	5572	48327
748	5587	33815
749	5602	39472
750	5617	34001
751	5632	41676
752	5647	40366
753	5662	33846
754	5677	32759
755	5692	53270
756	5707	41199
757	5722	42872
758	5738	32658
759	5753	48286
760	5768	40911
761	5783	32675
762	5798	42687
763	5814	32670
764	5829	34403
765	5844	41672
766	5859	40308
767	5875	32615
768	5890	40176
769	5905	32773
770	5921	34916
771	5936	34800
772	5952	40125
773	5967	41187
774	5983	35254
775	5998	41094
776	6014	72203
777	6029	32866
778	6045	35395
779	6060	32904
780	6076	33159
781	6091	35067
782	6107	32812
783	6123	32983
784	6138	32992
785	6154	41183
786	6170	32415
787	6185	40355
788	6201	51405
789	6217	32936
790	6233	43199
791	6248	33295
792	6264	35194
793	6280	33266
794	6296	36946
795	6312	33216
796	6328	35354
797	6344	36005
798	6360	32042
799	6376	33817
800	6392	36819
801	6408	39935
802	6424	41012
803	6440	34024
804	6456	44366
805	6472	44993
806	6488	43174
807	6504	41450
808	6520	238688
809	6536	33380
810	6552	33226
811	6569	42145
812	6585	33505
813	6601	33657
814	6617	34298
815	6634	41079
816	6650	33502
817	6666	45135
818	6683	41623
819	6699	33792
820	6715	36215
821	6732	64839
822	6748	42011
823	6765	34124
824	6781	33969
825	6798	36804
826	6814	41922
827	6831	51866
828	6847	34693
829	6864	36832
830	6880	36054
831	6897	34333
832	6913	34044
833	6930	42465
834	6947	34111
835	6963	42078
836	6980	42368
837	6997	42751
838	7014	34254
839	7030	42294
840	7047	44432
841	7064	46910
842	7081	99486
843	7098	41766
844	7114	50479
845	7131	37749
846	7148	45320
847	7165	36997
848	7182	34778
849	7199	39561
850	7216	34756
851	7233	37693
852	7250	34351
853	7267	37969
854	7284	42797
855	7301	34311
856	7318	41655
857	7335	59367
858	7353	34419
859	7370	45946
860	7387	51491
861	7404	42416
862	7421	37425
863	7439	33779
864	7456	45954
865	7473	113628
866	7490	83881
867	7508	85534
868	7525	41079
869	7542	35960
870	7560	69916
871	7577	59422
872	7595	89014
873	7612	137463
874	7630	45802
875	7647	41923
876	7665	45835
877	7682	83167
878	7700	36221
879	7717	45409
880	7735	36349
881	7752	35942
882	7770	107240
883	7788	108030
884	7805	41982
885	7823	37473
886	7841	111020
887	7858	41803
888	7876	46031
889	7894	82193
890	7912	52328
891	7929	36580
892	7947	39261
893	7965	117961
894	7983	115090
895	8001	37471
896	8019	122769
897	8037	101125
898	8055	37499
899	8073	36581
900	8091	80073
901	8109	38551
902	8127	36623
903	8145	116850
904	8163	36531
905	8181	46151
906	8199	36785
907	8217	142855
908	8235	36807
909	8253	88143
910	8271	100557
911	8290	45755
912	8308	92342
913	8326	48068
914	8344	37109
915	8363	37513
916	8381	108098
917	8399	104290
918	8418	37087
919	8436	37000
920	8454	90066
921	8473	95401
922	8491	74649
923	8510	91449
924	8528	106554
925	8547	39298
926	8565	37154
927	8584	37193
928	8602	88550
929	8621	48145
930	8639	93415
931	8658	37367
932	8676	37298
933	8695	47419
934	8714	45506
935	8732	47527
936	8751	37613
937	8770	53145
938	8789	37203
939	8807	37592
940	8826	37530
941	8845	56077
942	8864	72884
943	8883	88468
944	8901	37813
945	8920	108388
946	8939	115739
947	8958	41282
948	8977	51762
949	8996	84199
950	9015	38357
951	9034	43012
952	9053	38232
953	9072	49958
954	9091	47571
955	9110	37888
956	9129	37689
957	9148	53705
958	9168	38090
959	9187	113250
960	9206	47906
961	9225	48548
962	9244	126484
963	9264	109022
964	9283	85087
965	9302	111163
966	9321	38770
967	9341	86585
968	9360	38155
969	9379	48300
970	9399	38460
971	9418	119744
972	9438	48452
973	9457	38630
974	9477	97216
975	9496	47308
976	9516	39229
977	9535	114445
978	9555	88460
979	9574	37195
980	9594	38320
981	9613	38669
982	9633	47379
983	9653	88596
984	9672	93059
985	9692	116001
986	9712	88425
987	9731	87509
988	9751	49438
989	9771	112290
990	9791	104434
991	9810	38524
992	9830	87861
993	9850	38871
994	9870	38468
995	9890	38551
996	9910	48989
997	9930	119579
998	9950	117064
999	9970	82423
1000	9990	38679
1001	10010	104008
1002	10030	38639
1003	10050	40658
1004	10070	117500
1005	10090	73976
1006	10110	90302
1007	10130	49718
1008	10150	39103
1009	10170	49238
1010	10190	38953
1011	10211	57191
1012	10231	59379
1013	10251	38728
1014	10271	107072
1015	10292	85973
1016	10312	111164
1017	10332	97124
1018	10353	50058
1019	10373	39276
1020	10393	43682
1021	10414	118128
1022	10434	39218
1023	10455	109029
1024	10475	39340
1025	10496	38037
1026	10516	52444
1027	10537	57319
1028	10557	49079
1029	10578	43144
1030	10598	48399
1031	10619	40574
1032	10639	38083
1033	10660	41884
1034	10681	38122
1035	10701	38129
1036	10722	49133
1037	10743	42187
1038	10764	41301
1039	10784	39984
1040	10805	38156
1041	10826	38032
1042	10847	41825
1043	10868	38445
1044	10888	54224
1045	10909	47862
1046	10930	38579
1047	10951	52708
1048	10972	49273
1049	10993	38718
1050	11014	43152
1051	11035	41324
1052	11056	48769
1053	11077	38416
1054	11098	37407
1055	11119	53219
1056	11140	38317
1057	11161	54391
1058	11183	42454
1059	11204	54942
1060	11225	38686
1061	11246	57270
1062	11267	38786
1063	11289	40872
1064	11310	38808
1065	11331	38758
1066	11352	50623
1067	11374	67790
1068	11395	49028
1069	11416	58060
1070	11438	39191
1071	11459	38766
1072	11481	49040
1073	11502	43450
1074	11524	39269
1075	11545	49978
1076	11567	60250
1077	11588	53836
1078	11610	44016
1079	11631	39291
1080	11653	42873
1081	11674	42061
1082	11696	50073
1083	11718	44660
1084	11739	56012
1085	11761	42915
1086	11783	41977
1087	11804	49742
1088	11826	46047
1089	11848	39003
1090	11870	55063
1091	11891	50146
1092	11913	39382
1093	11935	39182
1094	11957	51895
1095	11979	39546
1096	12001	50936
1097	12023	48271
1098	12045	44068
1099	12067	39308
1100	12089	54723
1101	12111	43002
1102	12133	44151
1103	12155	61171
1104	12177	40515
1105	12199	40702
1106	12221	39782
1107	12243	39330
1108	12265	43653
1109	12287	54663
1110	12309	39411
1111	12332	44012
1112	12354	38938
1113	12376	46745
1114	12398	50507
1115	12421	40059
1116	12443	44082
1117	12465	58708
1118	12488	39905
1119	12510	48855
1120	12532	54344
1121	12555	92690
1122	12577	59385
1123	12600	45617
1124	12622	56038
1125	12645	45267
1126	12667	45702
1127	12690	40222
1128	12712	39084
1129	12735	55209
1130	12757	40007
1131	12780	47820
1132	12802	44796
1133	12825	44514
1134	12848	39889
1135	12870	40346
1136	12893	44712
1137	12916	43472
1138	12939	52682
1139	12961	40232
1140	12984	39007
1141	13007	40481
1142	13030	118131
1143	13053	42962
1144	13075	46879
1145	13098	51573
1146	13121	40136
1147	13144	41061
1148	13167	59776
1149	13190	44442
1150	13213	55966
1151	13236	42227
1152	13259	59210
1153	13282	60682
1154	13305	43824
1155	13328	40643
1156	13351	45175
1157	13374	40788
1158	13398	39789
1159	13421	48716
1160	13444	40906
1161	13467	44251
1162	13490	44291
1163	13514	40762
1164	13537	53779
1165	13560	41147
1166	13583	40940
1167	13607	52387
1168	13630	98234
1169	13653	52402
1170	13677	39909
1171	13700	44958
1172	13724	57964
1173	13747	40721
1174	13771	41427
1175	13794	75516
1176	13818	41101
1177	13841	51678
1178	13865	41032
1179	13888	41195
1180	13912	41142
1181	13935	85431
1182	13959	40975
1183	13983	41398
1184	14006	40323
1185	14030	45165
1186	14054	45145
1187	14077	44264
1188	14101	41601
1189	14125	45815
1190	14149	40618
1191	14172	45469
1192	14196	41801
1193	14220	41302
1194	14244	45608
1195	14268	41360
1196	14292	41680
1197	14316	41738
1198	14340	41154
1199	14364	95277
1200	14388	41418
1201	14412	44136
1202	14436	51161
1203	14460	45380
1204	14484	41558
1205	14508	41638
1206	14532	89333
1207	14556	41772
1208	14580	57081
1209	14604	45197
1210	14628	40774
1211	14653	41858
1212	14677	44810
1213	14701	45995
1214	14725	44412
1215	14750	42256
1216	14774	52498
1217	14798	45645
1218	14823	56681
1219	14847	45095
1220	14871	62598
1221	14896	51117
1222	14920	46208
1223	14945	42195
1224	14969	42934
1225	14994	42238
1226	15018	42088
1227	15043	47308
1228	15067	42195
1229	15092	41101
1230	15116	42534
1231	15141	42456
1232	15165	54878
1233	15190	45220
1234	15215	45956
1235	15239	45730
1236	15264	53360
1237	15289	42926
1238	15314	57717
1239	15338	55920
1240	15363	46663
1241	15388	53295
1242	15413	46906
1243	15438	77623
1244	15462	56320
1245	15487	87621
1246	15512	42660
1247	15537	54802
1248	15562	54235
1249	15587	46903
1250	15612	61700
1251	15637	55500
1252	15662	42892
1253	15687	72183
1254	15712	46664
1255	15737	87828
1256	15762	60863
1257	15787	48534
1258	15813	45645
1259	15838	49980
1260	15863	42829
1261	15888	42815
1262	15913	45828
1263	15939	74166
1264	15964	46438
1265	15989	54709
1266	16014	48413
1267	16040	46928
1268	16065	63339
1269	16090	43086
1270	16116	46723
1271	16141	45186
1272	16167	42891
1273	16192	59220
1274	16218	43639
1275	16243	47610
1276	16269	87478
1277	16294	43385
1278	16320	77887
1279	16345	43383
1280	16371	48471
1281	16396	53609
1282	16422	56236
1283	16448	46782
1284	16473	45113
1285	16499	60312
1286	16525	43664
1287	16550	46005
1288	16576	43461
1289	16602	55205
1290	16628	45913
1291	16653	59350
1292	16679	43638
1293	16705	43366
1294	16731	46234
1295	16757	43723
1296	16783	43739
1297	16809	80460
1298	16835	43289
1299	16861	45757
1300	16887	45595
1301	16913	46771
1302	16939	57377
1303	16965	68664
1304	16991	43892
1305	17017	42496
1306	17043	65224
1307	17069	61364
1308	17095	47075
1309	17121	97698
1310	17147	45435
1311	17174	43907
1312	17200	48859
1313	17226	46671
1314	17252	44499
1315	17279	62534
1316	17305	58075
1317	17331	46857
1318	17358	53450
1319	17384	62335
1320	17410	49592
1321	17437	47222
1322	17463	47449
1323	17490	50381
1324	17516	47174
1325	17543	45722
1326	17569	44607
1327	17596	48244
1328	17622	57083
1329	17649	46259
1330	17675	48027
1331	17702	47351
1332	17728	43938
1333	17755	49415
1334	17782	95974
1335	17808	48302
1336	17835	46929
1337	17862	53275
1338	17889	109813
1339	17915	47244
1340	17942	46127
1341	17969	56612
1342	17996	63286
1343	18023	51838
1344	18049	60299
1345	18076	58103
1346	18103	47415
1347	18130	72865
1348	18157	48054
1349	18184	60054
1350	18211	63781
1351	18238	49416
1352	18265	45437
1353	18292	45438
1354	18319	48926
1355	18346	44819
1356	18373	58262
1357	18400	59195
1358	18428	44696
1359	18455	50464
1360	18482	50401
1361	18509	50073
1362	18536	47320
1363	18564	47865
1364	18591	50342
1365	18618	45801
1366	18645	77296
1367	18673	62764
1368	18700	48948
1369	18727	90549
1370	18755	47290
1371	18782	47697
1372	18810	66012
1373	18837	51912
1374	18865	51966
1375	18892	47193
1376	18920	66792
1377	18947	46508
1378	18975	49471
1379	19002	46057
1380	19030	54985
1381	19057	63857
1382	19085	47030
1383	19113	50799
1384	19140	48142
1385	19168	45920
1386	19196	48214
1387	19223	54611
1388	19251	47934
1389	19279	47643
1390	19307	51441
1391	19334	48336
1392	19362	46804
1393	19390	49167
1394	19418	47985
1395	19446	63546
1396	19474	62213
1397	19502	49962
1398	19530	94551
1399	19558	50785
1400	19586	47220
1401	19614	64463
1402	19642	64179
1403	19670	46481
1404	19698	49276
1405	19726	63936
1406	19754	49530
1407	19782	49903
1408	19810	66212
1409	19838	52084
1410	19866	52320
1411	19895	52637
1412	19923	86308
1413	19951	50020
1414	19979	48608
1415	20008	59481
1416	20036	49605
1417	20064	62394
1418	20093	50087
1419	20121	48402
1420	20149	65552
1421	20178	64146
1422	20206	49324
1423	20235	49262
1424	20263	48547
1425	20292	47494
1426	20320	54585
1427	20349	50415
1428	20377	49824
1429	20406	68177
1430	20434	65143
1431	20463	51945
1432	20491	61500
1433	20520	67195
1434	20549	55008
1435	20577	47581
1436	20606	46937
1437	20635	47960
1438	20664	47131
1439	20692	49505
1440	20721	47717
1441	20750	47678
1442	20779	49471
1443	20808	47506
1444	20836	51075
1445	20865	49775
1446	20894	51712
1447	20923	49488
1448	20952	64335
1449	20981	54388
1450	21010	50785
1451	21039	49830
1452	21068	51646
1453	21097	49291
1454	21126	64275
1455	21155	49060
1456	21184	322897
1457	21213	68470
1458	21243	51239
1459	21272	84550
1460	21301	49777
1461	21330	48072
1462	21359	50453
1463	21389	47906
1464	21418	65320
1465	21447	48794
1466	21476	54776
1467	21506	65428
1468	21535	57958
1469	21564	63120
1470	21594	51746
1471	21623	50552
1472	21653	51185
1473	21682	51102
1474	21712	47929
1475	21741	70146
1476	21771	49898
1477	21800	47859
1478	21830	50412
1479	21859	53202
1480	21889	48754
1481	21918	72993
1482	21948	68276
1483	21978	65543
1484	22007	61807
1485	22037	48002
1486	22067	52097
1487	22096	48441
1488	22126	50553
1489	22156	49149
1490	22186	65041
1491	22215	49655
1492	22245	50627
1493	22275	50430
1494	22305	51792
1495	22335	51653
1496	22365	57939
1497	22395	48799
1498	22425	66356
1499	22455	71299
1500	22485	70171
1501	22515	51252
1502	22545	55106
1503	22575	63925
1504	22605	66709
1505	22635	67662
1506	22665	65843
1507	22695	50793
1508	22725	70611
1509	22755	56451
1510	22785	68218
1511	22816	49988
1512	22846	50385
1513	22876	48309
1514	22906	52162
1515	22937	48970
1516	22967	70755
1517	22997	70209
1518	23028	51080
1519	23058	52094
1520	23088	57709
1521	23119	53668
1522	23149	50879
1523	23180	84321
1524	23210	54302
1525	23241	55070
1526	23271	48788
1527	23302	50878
1528	23332	52966
1529	23363	66309
1530	23393	54723
1531	23424	58665
1532	23454	75754
1533	23485	62996
1534	23516	51005
1535	23546	53287
1536	23577	70769
1537	23608	65157
1538	23639	56670
1539	23669	55778
1540	23700	94039
1541	23731	59234
1542	23762	49476
1543	23793	52016
1544	23823	49260
1545	23854	52450
1546	23885	69346
1547	23916	51555
1548	23947	53546
1549	23978	61534
1550	24009	75330
1551	24040	56758
1552	24071	56943
1553	24102	64170
1554	24133	56328
1555	24164	54356
1556	24195	66056
1557	24226	50656
1558	24258	51179
1559	24289	56897
1560	24320	49468
1561	24351	53462
1562	24382	77304
1563	24414	50444
1564	24445	58034
1565	24476	67040
1566	24507	50935
1567	24539	70132
1568	24570	54762
1569	24601	57738
1570	24633	58443
1571	24664	53059
1572	24696	104011
1573	24727	61868
1574	24759	69283
1575	24790	73442
1576	24822	73349
1577	24853	65664
1578	24885	100801
1579	24916	60340
1580	24948	63310
1581	24979	74804
1582	25011	57031
1583	25043	59174
1584	25074	51991
1585	25106	69399
1586	25138	50029
1587	25169	80034
1588	25201	90054
1589	25233	60500
1590	25265	81235
1591	25296	51155
1592	25328	57923
1593	25360	79910
1594	25392	53151
1595	25424	57795
1596	25456	58961
1597	25488	108654
1598	25520	48497
1599	25552	78677
1600	25584	49960
1601	25616	67951
1602	25648	50364
1603	25680	50571
1604	25712	63089
1605	25744	53054
1606	25776	104535
1607	25808	70264
1608	25840	73151
1609	25872	61971
1610	25904	55252
1611	25937	50120
1612	25969	54916
1613	26001	59728
1614	26033	106543
1615	26066	61083
1616	26098	55294
1617	26130	61728
1618	26163	51293
1619	26195	75592
1620	26227	99419
1621	26260	59046
1622	26292	69918
1623	26325	84509
1624	26357	57287
1625	26390	55957
1626	26422	49599
1627	26455	50745
1628	26487	54267
1629	26520	88278
1630	26552	70596
1631	26585	60792
1632	26617	71546
1633	26650	57894
1634	26683	71819
1635	26715	56505
1636	26748	53032
1637	26781	55629
1638	26814	71343
1639	26846	61411
1640	26879	76694
1641	26912	55290
1642	26945	63746
1643	26978	78875
1644	27010	49581
1645	27043	50799
1646	27076	83115
1647	27109	53281
1648	27142	51888
1649	27175	53739
1650	27208	62490
1651	27241	52604
1652	27274	68323
1653	27307	53861
1654	27340	52513
1655	27373	50206
1656	27406	52030
1657	27439	59504
1658	27473	50172
1659	27506	113113
1660	27539	53685
1661	27572	52188
1662	27605	60541
1663	27639	94494
1664	27672	50212
1665	27705	54551
1666	27738	51857
1667	27772	57598
1668	27805	60729
1669	27838	51676
1670	27872	73450
1671	27905	60818
1672	27939	59741
1673	27972	51943
1674	28006	67487
1675	28039	60619
1676	28073	53672
1677	28106	58086
1678	28140	58480
1679	28173	74777
1680	28207	57510
1681	28240	51753
1682	28274	62927
1683	28308	81721
1684	28341	50807
1685	28375	71476
1686	28409	57480
1687	28442	64204
1688	28476	76441
1689	28510	51162
1690	28544	70135
1691	28577	73285
1692	28611	67671
1693	28645	69147
1694	28679	57735
1695	28713	55953
1696	28747	69080
1697	28781	57293
1698	28815	70556
1699	28849	52833
1700	28883	73836
1701	28917	83639
1702	28951	67949
1703	28985	91755
1704	29019	52570
1705	29053	52605
1706	29087	52969
1707	29121	55252
1708	29155	54547
1709	29189	76838
1710	29223	59329
1711	29258	60564
1712	29292	73050
1713	29326	75217
1714	29360	78890
1715	29395	53365
1716	29429	68053
1717	29463	76366
1718	29498	86021
1719	29532	54759
1720	29566	68206
1721	29601	67299
1722	29635	54572
1723	29670	56830
1724	29704	54387
1725	29739	51698
1726	29773	54857
1727	29808	69734
1728	29842	64488
1729	29877	67218
1730	29911	66761
1731	29946	60351
1732	29980	65254
1733	30015	65842
1734	30050	51312
1735	30084	68727
1736	30119	54729
1737	30154	90739
1738	30189	63126
1739	30223	54330
1740	30258	59300
1741	30293	65481
1742	30328	54564
1743	30363	76933
1744	30397	75259
1745	30432	96296
1746	30467	59948
1747	30502	52525
1748	30537	71363
1749	30572	67841
1750	30607	72738
1751	30642	58436
1752	30677	60179
1753	30712	98144
1754	30747	59684
1755	30782	73705
1756	30817	85786
1757	30852	71391
1758	30888	67842
1759	30923	56364
1760	30958	69976
1761	30993	75944
1762	31028	54395
1763	31064	56947
1764	31099	78625
1765	31134	55093
1766	31169	52269
1767	31205	57264
1768	31240	85194
1769	31275	54049
1770	31311	55290
1771	31346	77275
1772	31382	54566
1773	31417	60102
1774	31453	58298
1775	31488	55807
1776	31524	53679
1777	31559	67353
1778	31595	92316
1779	31630	85104
1780	31666	53850
1781	31701	69604
1782	31737	78670
1783	31773	72072
1784	31808	52528
1785	31844	54627
1786	31880	69840
1787	31915	55268
1788	31951	58649
1789	31987	64480
1790	32023	55268
1791	32058	54395
1792	32094	59805
1793	32130	118832
1794	32166	67112
1795	32202	59128
1796	32238	85132
1797	32274	63957
1798	32310	60531
1799	32346	63847
1800	32382	89486
1801	32418	72109
1802	32454	75256
1803	32490	58262
1804	32526	77156
1805	32562	59835
1806	32598	99721
1807	32634	86196
1808	32670	72906
1809	32706	84854
1810	32742	84885
1811	32779	82360
1812	32815	79152
1813	32851	70471
1814	32887	65542
1815	32924	62259
1816	32960	60355
1817	32996	82670
1818	33033	57722
1819	33069	61415
1820	33105	76696
1821	33142	66638
1822	33178	63130
1823	33215	82487
1824	33251	85960
1825	33288	79357
1826	33324	58041
1827	33361	75305
1828	33397	59700
1829	33434	75578
1830	33470	73881
1831	33507	86720
1832	33543	80925
1833	33580	59475
1834	33617	59325
1835	33653	77511
1836	33690	61027
1837	33727	67102
1838	33764	77335
1839	33800	57929
1840	33837	79788
1841	33874	88879
1842	33911	86732
1843	33948	83264
1844	33984	66285
1845	34021	63400
1846	34058	58852
1847	34095	69138
1848	34132	94694
1849	34169	61638
1850	34206	68127
1851	34243	58344
1852	34280	61437
1853	34317	76653
1854	34354	116863
1855	34391	62152
1856	34428	87293
1857	34465	119104
1858	34503	165616
1859	34540	61234
1860	34577	66389
1861	34614	78382
1862	34651	61566
1863	34689	66408
1864	34726	79726
1865	34763	94361
1866	34800	79235
1867	34838	57586
1868	34875	87302
1869	34912	125197
1870	34950	65125
1871	34987	64806
1872	35025	60772
1873	35062	66635
1874	35100	67837
1875	35137	79326
1876	35175	125381
1877	35212	76000
1878	35250	80197
1879	35287	125625
1880	35325	84865
1881	35362	102602
1882	35400	66519
1883	35438	81577
1884	35475	59431
1885	35513	65224
1886	35551	80431
1887	35588	60025
1888	35626	74487
1889	35664	69009
1890	35702	88644
1891	35739	81256
1892	35777	68464
1893	35815	62867
1894	35853	89609
1895	35891	61190
1896	35929	82794
1897	35967	81339
1898	36005	81438
1899	36043	60965
1900	36081	61303
1901	36119	67103
1902	36157	88360
1903	36195	78616
1904	36233	82047
1905	36271	94380
1906	36309	60951
1907	36347	83330
1908	36385	60191
1909	36423	89582
1910	36461	88524
1911	36500	68465
1912	36538	67477
1913	36576	70550
1914	36614	83626
1915	36653	89470
1916	36691	162339
1917	36729	59179
1918	36768	67168
1919	36806	148391
1920	36844	64290
1921	36883	68731
1922	36921	67494
1923	36960	85977
1924	36998	64775
1925	37037	83493
1926	37075	68061
1927	37114	64960
1928	37152	65459
1929	37191	66514
1930	37229	84117
1931	37268	61494
1932	37306	62488
1933	37345	100258
1934	37384	68174
1935	37422	63771
1936	37461	84526
1937	37500	133919
1938	37539	66878
1939	37577	99653
1940	37616	61771
1941	37655	64469
1942	37694	68653
1943	37733	60589
1944	37771	81381
1945	37810	63959
1946	37849	109610
1947	37888	61086
1948	37927	72472
1949	37966	60950
1950	38005	154362
1951	38044	66609
1952	38083	93539
1953	38122	65905
1954	38161	67863
1955	38200	155976
1956	38239	63001
1957	38278	62936
1958	38318	95773
1959	38357	60874
1960	38396	165066
1961	38435	63198
1962	38474	76015
1963	38514	102326
1964	38553	110874
1965	38592	82415
1966	38631	67776
1967	38671	176845
1968	38710	134760
1969	38749	78086
1970	38789	87037
1971	38828	62875
1972	38868	93356
1973	38907	139986
1974	38947	69599
1975	38986	95342
1976	39026	84296
1977	39065	92363
1978	39105	59590
1979	39144	59280
1980	39184	156318
1981	39223	67793
1982	39263	95106
1983	39303	71526
1984	39342	73993
1985	39382	61923
1986	39422	104025
1987	39461	87299
1988	39501	152134
1989	39541	92217
1990	39581	82507
1991	39620	60155
1992	39660	98850
1993	39700	94195
1994	39740	81442
1995	39780	84963
1996	39820	71411
1997	39860	63744
1998	39900	67100
1999	39940	127015
2000	39980	62326
2001	40020	88493
2002	40060	130078
2003	40100	84755
2004	40140	66945
2005	40180	72487
2006	40220	66288
2007	40260	60320
2008	40300	83240
2009	40340	77489
2010	40380	59688
2011	40421	83267
2012	40461	92997
2013	40501	64844
2014	40541	91930
2015	40582	63690
2016	40622	65418
2017	40662	71741
2018	40703	66231
2019	40743	106768
2020	40783	65877
2021	40824	171113
2022	40864	62309
2023	40905	60553
2024	40945	69370
2025	40986	65848
2026	41026	69087
2027	41067	61489
2028	41107	62330
2029	41148	69055
2030	41188	100426
2031	41229	67799
2032	41269	102444
2033	41310	60356
2034	41351	162544
2035	41391	86642
2036	41432	98437
2037	41473	62410
2038	41514	81274
2039	41554	70378
2040	41595	91851
2041	41636	72382
2042	41677	87060
2043	41718	69744
2044	41758	72222
2045	41799	153739
2046	41840	77481
2047	41881	113910
2048	41922	67783
2049	41963	93979
2050	42004	62494
2051	42045	72049
2052	42086	62362
2053	42127	82262
2054	42168	82888
2055	42209	66532
2056	42250	62829
2057	42291	89000
2058	42333	78399
2059	42374	62122
2060	42415	87109
2061	42456	67414
2062	42497	64383
2063	42539	104912
2064	42580	68795
2065	42621	67504
2066	42662	82078
2067	42704	78761
2068	42745	79066
2069	42786	85517
2070	42828	70182
2071	42869	65020
2072	42911	75676
2073	42952	60720
2074	42994	88434
2075	43035	104324
2076	43077	66942
2077	43118	89819
2078	43160	103418
2079	43201	65100
2080	43243	89208
2081	43284	58701
2082	43326	109436
2083	43368	79508
2084	43409	87539
2085	43451	90827
2086	43493	95667
2087	43534	63617
2088	43576	61989
2089	43618	69790
2090	43660	70356
2091	43701	58340
2092	43743	76480
2093	43785	61347
2094	43827	66578
2095	43869	75351
2096	43911	104040
2097	43953	65719
2098	43995	62034
2099	44037	73127
2100	44079	64015
2101	44121	68460
2102	44163	66232
2103	44205	85532
2104	44247	88009
2105	44289	58903
2106	44331	79785
2107	44373	80162
2108	44415	69644
2109	44457	81361
2110	44499	92253
2111	44542	77194
2112	44584	78833
2113	44626	60558
2114	44668	63102
2115	44711	62219
2116	44753	84414
2117	44795	59641
2118	44838	70881
2119	44880	62637
2120	44922	70660
2121	44965	84505
2122	45007	65129
2123	45050	63365
2124	45092	93760
2125	45135	82290
2126	45177	59651
2127	45220	82710
2128	45262	88176
2129	45305	74299
2130	45347	59564
2131	45390	62773
2132	45432	88330
2133	45475	95769
2134	45518	84901
2135	45560	63189
2136	45603	59680
2137	45646	81979
2138	45689	89971
2139	45731	70331
2140	45774	63975
2141	45817	82912
2142	45860	96652
2143	45903	61487
2144	45945	60560
2145	45988	88071
2146	46031	117348
2147	46074	82547
2148	46117	59883
2149	46160	72293
2150	46203	102657
2151	46246	68800
2152	46289	116479
2153	46332	93740
2154	46375	63035
2155	46418	71063
2156	46461	59985
2157	46504	107264
2158	46548	60027
2159	46591	60356
2160	46634	80934
2161	46677	91393
2162	46720	69774
2163	46764	95639
2164	46807	92619
2165	46850	79095
2166	46893	160534
2167	46937	103655
2168	46980	106627
2169	47023	83201
2170	47067	91541
2171	47110	100824
2172	47154	65908
2173	47197	77891
2174	47241	67550
2175	47284	92677
2176	47328	110503
2177	47371	63240
2178	47415	84128
2179	47458	103367
2180	47502	81859
2181	47545	65750
2182	47589	60837
2183	47633	116247
2184	47676	84570
2185	47720	93644
2186	47764	66684
2187	47807	74375
2188	47851	95669
2189	47895	77649
2190	47939	64821
2191	47982	70157
2192	48026	77393
2193	48070	101279
2194	48114	65089
2195	48158	100673
2196	48202	106540
2197	48246	63444
2198	48290	89310
2199	48334	90607
2200	48378	69187
2201	48422	112117
2202	48466	65565
2203	48510	81697
2204	48554	83345
2205	48598	111722
2206	48642	62841
2207	48686	67306
2208	48730	62303
2209	48774	83642
2210	48818	67318
2211	48863	99352
2212	48907	108070
2213	48951	111482
2214	48995	111307
2215	49040	86836
2216	49084	71092
2217	49128	65291
2218	49173	104978
2219	49217	110421
2220	49261	85832
2221	49306	67373
2222	49350	88597
2223	49395	87324
2224	49439	87138
2225	49484	64724
2226	49528	68253
2227	49573	77859
2228	49617	93593
2229	49662	82299
2230	49706	83779
2231	49751	66958
2232	49795	108298
2233	49840	85811
2234	49885	113960
2235	49929	93665
2236	49974	103361
2237	50019	75145
2238	50064	124287
2239	50108	114138
2240	50153	66794
2241	50198	61696
2242	50243	63656
2243	50288	61336
2244	50332	70048
2245	50377	62073
2246	50422	94064
2247	50467	64522
2248	50512	89991
2249	50557	68671
2250	50602	82337
2251	50647	69717
2252	50692	90652
2253	50737	85459
2254	50782	65146
2255	50827	85839
2256	50872	103814
2257	50917	65068
2258	50963	69113
2259	51008	67366
2260	51053	64516
2261	51098	85447
2262	51143	129083
2263	51189	68945
2264	51234	113074
2265	51279	85715
2266	51324	97998
2267	51370	74301
2268	51415	89238
2269	51460	89584
2270	51506	89148
2271	51551	86296
2272	51597	93487
2273	51642	89267
2274	51688	83741
2275	51733	62132
2276	51779	89897
2277	51824	82831
2278	51870	93523
2279	51915	65261
2280	51961	70917
2281	52006	93867
2282	52052	81508
2283	52098	88399
2284	52143	88294
2285	52189	64513
2286	52235	110558
2287	52280	66886
2288	52326	68832
2289	52372	101736
2290	52418	63210
2291	52463	97421
2292	52509	105448
2293	52555	100760
2294	52601	337145
2295	52647	62667
2296	52693	78377
2297	52739	88356
2298	52785	76421
2299	52831	92851
2300	52877	66725
2301	52923	95822
2302	52969	70229
2303	53015	115285
2304	53061	95890
2305	53107	89921
2306	53153	68418
2307	53199	93527
2308	53245	75767
2309	53291	65183
2310	53337	67798
2311	53384	71430
2312	53430	98499
2313	53476	101717
2314	53522	70399
2315	53569	89119
2316	53615	88687
2317	53661	65715
2318	53708	86614
2319	53754	63722
2320	53800	80979
2321	53847	71393
2322	53893	112523
2323	53940	76317
2324	53986	67623
2325	54033	108017
2326	54079	92455
2327	54126	83442
2328	54172	89606
2329	54219	89587
2330	54265	75456
2331	54312	95883
2332	54358	102529
2333	54405	94511
2334	54452	96944
2335	54498	91193
2336	54545	68182
2337	54592	81405
2338	54639	85002
2339	54685	84310
2340	54732	87348
2341	54779	74633
2342	54826	72449
2343	54873	68895
2344	54919	69722
2345	54966	87713
2346	55013	66828
2347	55060	68319
2348	55107	89270
2349	55154	71341
2350	55201	67761
2351	55248	101285
2352	55295	77617
2353	55342	73967
2354	55389	70639
2355	55436	80607
2356	55483	93228
2357	55530	98329
2358	55578	69767
2359	55625	115381
2360	55672	111404
2361	55719	76448
2362	55766	83658
2363	55814	82437
2364	55861	89185
2365	55908	96745
2366	55955	96001
2367	56003	119634
2368	56050	64878
2369	56097	82184
2370	56145	72064
2371	56192	66289
2372	56240	74509
2373	56287	82902
2374	56335	139368
2375	56382	84778
2376	56430	67551
2377	56477	69803
2378	56525	65521
2379	56572	115108
2380	56620	78317
2381	56667	69417
2382	56715	121100
2383	56763	83210
2384	56810	65735
2385	56858	78666
2386	56906	101616
2387	56953	103484
2388	57001	80307
2389	57049	68541
2390	57097	105693
2391	57144	79494
2392	57192	69467
2393	57240	77243
2394	57288	95905
2395	57336	74571
2396	57384	76713
2397	57432	80316
2398	57480	74488
2399	57528	106779
2400	57576	68023
2401	57624	72931
2402	57672	99588
2403	57720	69675
2404	57768	69438
2405	57816	111371
2406	57864	80605
2407	57912	70069
2408	57960	75038
2409	58008	112353
2410	58056	70598
2411	58105	87684
2412	58153	71672
2413	58201	76635
2414	58249	107626
2415	58298	69317
2416	58346	72785
2417	58394	79882
2418	58443	73016
2419	58491	80485
2420	58539	69609
2421	58588	103953
2422	58636	114368
2423	58685	96240
2424	58733	87588
2425	58782	75684
2426	58830	69495
2427	58879	88430
2428	58927	76909
2429	58976	124502
2430	59024	73371
2431	59073	98273
2432	59121	72364
2433	59170	69696
2434	59219	108086
2435	59267	77130
2436	59316	82369
2437	59365	72922
2438	59414	104819
2439	59462	73804
2440	59511	98235
2441	59560	100950
2442	59609	102754
2443	59658	81156
2444	59706	87946
2445	59755	114748
2446	59804	99332
2447	59853	96929
2448	59902	71237
2449	59951	80985
2450	60000	77065
2451	60049	99100
2452	60098	96728
2453	60147	70856
2454	60196	138520
2455	60245	100467
2456	60294	72113
2457	60343	73585
2458	60393	112086
2459	60442	85387
2460	60491	95708
2461	60540	83612
2462	60589	87176
2463	60639	77067
2464	60688	128535
2465	60737	79016
2466	60786	69547
2467	60836	72256
2468	60885	97245
2469	60934	94664
2470	60984	75535
2471	61033	72771
2472	61083	81711
2473	61132	78774
2474	61182	78669
2475	61231	72002
2476	61281	69549
2477	61330	75500
2478	61380	101876
2479	61429	104768
2480	61479	74768
2481	61528	113128
2482	61578	73012
2483	61628	77453
2484	61677	74171
2485	61727	109038
2486	61777	76201
2487	61826	72744
2488	61876	96190
2489	61926	100444
2490	61976	79638
2491	62025	85879
2492	62075	72944
2493	62125	96093
2494	62175	70775
2495	62225	71924
2496	62275	79290
2497	62325	76500
2498	62375	107447
2499	62425	115239
2500	62475	79704
