100	99	79230
101	101	72088
102	103	72450
103	105	84083
104	107	95217
105	109	62378
106	111	96371
107	113	404981
108	115	378532
109	117	342130
110	119	77254
111	122	76351
112	124	66634
113	126	100891
114	128	68854
115	131	82450
116	133	418996
117	135	112042
118	138	106468
119	140	127419
120	142	110625
121	145	72473
122	147	115434
123	150	117353
124	152	86380
125	155	78987
126	157	129182
127	160	471607
128	162	86493
129	165	369863
130	167	325368
131	170	88876
132	172	424169
133	175	182625
134	178	162590
135	180	384387
136	183	426771
137	186	151251
138	189	177808
139	191	564634
140	194	164878
141	197	159063
142	200	747271
143	203	487100
144	205	167040
145	208	167859
146	211	198410
147	214	329076
148	217	715419
149	220	671624
150	223	481146
151	226	136953
152	229	876750
153	232	598434
154	235	204451
155	238	757478
156	241	218976
157	244	402379
158	248	362829
159	251	283883
160	254	220465
161	257	930773
162	260	270503
163	264	247192
164	267	214046
165	270	281454
166	273	278374
167	277	459122
168	280	334922
169	283	235705
170	287	237007
171	290	265985
172	294	273869
173	297	217555
174	301	223715
175	304	191219
176	308	264375
177	311	257956
178	315	248834
179	318	440842
180	322	949558
181	325	322252
182	329	332202
183	333	594367
184	336	503439
185	340	306637
186	344	216094
187	347	766947
188	351	846809
189	355	556422
190	359	913427
191	362	326015
192	366	694006
193	370	826808
194	374	835506
195	378	333961
196	382	865890
197	386	448964
198	390	956314
199	394	326154
200	398	842432
201	402	363571
202	406	860596
203	410	320505
204	414	935498
205	418	639077
206	422	913513
207	426	1118934
208	430	350184
209	434	871799
210	438	490936
211	443	226648
212	447	690185
213	451	885696
214	455	464635
215	460	745933
216	464	560119
217	468	465545
218	473	607398
219	477	775244
220	481	759948
221	486	543050
222	490	718183
223	495	289625
224	499	394538
225	504	605671
226	508	687510
227	513	410414
228	517	378005
229	522	480799
230	526	534762
231	531	382859
232	535	604969
233	540	437995
234	545	721805
235	549	376057
236	554	861678
237	559	684584
238	564	611786
239	568	1028130
240	573	671726
241	578	368759
242	583	863460
243	588	1009830
244	592	620727
245	597	628310
246	602	560775
247	607	660805
248	612	961462
249	617	582164
250	622	434706
251	627	647772
252	632	1084489
253	637	579435
254	642	457546
255	647	899180
256	652	826545
257	657	378703
258	663	730058
259	668	360841
260	673	674998
261	678	1015377
262	683	814860
263	689	435897
264	694	660301
265	699	376611
266	704	815858
267	710	820156
268	715	754287
269	720	370918
270	726	837153
271	731	403867
272	737	859085
273	742	914752
274	748	775396
275	753	771270
276	759	375248
277	764	445441
278	770	825077
279	775	775823
280	781	814045
281	786	690686
282	792	734414
283	798	1071639
284	803	390889
285	809	395919
286	815	785634
287	820	1059371
288	826	707421
289	832	467133
290	838	880529
291	843	692387
292	849	601949
293	855	831193
294	861	510828
295	867	492069
296	873	551700
297	879	523586
298	885	513393
299	891	1236322
300	897	555391
301	903	526312
302	909	546716
303	915	568127
304	921	558673
305	927	516010
306	933	921861
307	939	1159030
308	945	543016
309	951	509048
310	957	541484
311	964	493577
312	970	511942
313	976	531203
314	982	596448
315	989	543758
316	995	599510
317	1001	552271
318	1008	558044
319	1014	578785
320	1020	1094133
321	1027	555046
322	1033	594442
323	1040	637583
324	1046	601332
325	1053	676757
326	1059	602013
327	1066	602920
328	1072	612192
329	1079	628298
330	1085	653020
331	1092	544283
332	1098	616411
333	1105	599972
334	1112	558844
335	1118	597578
336	1125	611818
337	1132	563991
338	1139	889162
339	1145	942022
340	1152	1137220
341	1159	700228
342	1166	616285
343	1173	657354
344	1179	594699
345	1186	1028846
346	1193	622138
347	1200	626973
348	1207	637567
349	1214	760052
350	1221	646660
351	1228	1081995
352	1235	687077
353	1242	1018530
354	1249	925780
355	1256	1249377
356	1263	721396
357	1270	955176
358	1278	647857
359	1285	1145102
360	1292	1091281
361	1299	681993
362	1306	1067941
363	1314	1215406
364	1321	1022881
365	1328	663396
366	1335	983447
367	1343	1008502
368	1350	1043091
369	1357	656379
370	1365	1245146
371	1372	657808
372	1380	1010877
373	1387	1089524
374	1395	652921
375	1402	1285981
376	1410	1086705
377	1417	1596201
378	1425	1176236
379	1432	1372286
380	1440	1231905
381	1447	1177095
382	1455	1087338
383	1463	727238
384	1470	1019649
385	1478	1244410
386	1486	813748
387	1493	1359076
388	1501	1284252
389	1509	827779
390	1517	856417
391	1524	753341
392	1532	838362
393	1540	1228437
394	1548	789740
395	1556	1465877
396	1564	939865
397	1572	1542376
398	1580	795882
399	1588	1273247
400	1596	1383222
401	1604	945776
402	1612	1434807
403	1620	1452340
404	1628	1680867
405	1636	876457
406	1644	947625
407	1652	1108765
408	1660	1461524
409	1668	1482105
410	1676	1379532
411	1685	1640166
412	1693	835794
413	1701	1760708
414	1709	852040
415	1718	1674506
416	1726	955310
417	1734	1030798
418	1743	945126
419	1751	1867823
420	1759	1731807
421	1768	1152026
422	1776	1966319
423	1785	944545
424	1793	1666791
425	1802	1688380
426	1810	1006422
427	1819	1739595
428	1827	1787155
429	1836	986983
430	1844	1677208
431	1853	1491719
432	1861	1457573
433	1870	1027994
434	1879	1125898
435	1887	1851670
436	1896	1106073
437	1905	1908055
438	1914	1097311
439	1922	1658151
440	1931	1387940
441	1940	1114980
442	1949	1753701
443	1958	1196921
444	1966	1088362
445	1975	1559020
446	1984	2085255
447	1993	1035168
448	2002	1466066
449	2011	1137095
450	2020	1534259
451	2029	1792268
452	2038	1632423
453	2047	1189799
454	2056	1120262
455	2065	1790995
456	2074	1858241
457	2083	1785775
458	2093	1174948
459	2102	1168500
460	2111	1185140
461	2120	1124838
462	2129	1783049
463	2139	1134917
464	2148	1333794
465	2157	1620407
466	2166	1179142
467	2176	1171765
468	2185	1656083
469	2194	1882525
470	2204	1756888
471	2213	1821929
472	2223	1633950
473	2232	1859562
474	2242	1780707
475	2251	1203121
476	2261	1783174
477	2270	2179260
478	2280	2182657
479	2289	1809570
480	2299	1490958
481	2308	1319121
482	2318	1275997
483	2328	1240571
484	2337	2000336
485	2347	1914854
486	2357	2013274
487	2366	3998384
488	2376	1344500
489	2386	1519320
490	2396	2186069
491	2405	1266892
492	2415	1355268
493	2425	2475370
494	2435	2126683
495	2445	2176039
496	2455	1883834
497	2465	2112384
498	2475	2153121
499	2485	1251730
500	2495	2040007
501	2505	2398989
502	2515	2233043
503	2525	1343097
504	2535	1353271
505	2545	1336680
506	2555	2333361
507	2565	1999726
508	2575	1523429
509	2585	1922770
510	2595	1377516
511	2606	2010097
512	2616	1343511
513	2626	2360033
514	2636	2000375
515	2647	1361404
516	2657	1429431
517	2667	1852901
518	2678	2102670
519	2688	1407439
520	2698	1543430
521	2709	1450151
522	2719	1413868
523	2730	2679690
524	2740	1483944
525	2751	1650442
526	2761	2235567
527	2772	1396077
528	2782	1391151
529	2793	1441495
530	2803	2400448
531	2814	1517800
532	2824	2577355
533	2835	1422303
534	2846	2135013
535	2856	1479457
536	2867	1454733
537	2878	2526807
538	2889	1912021
539	2899	1457477
540	2910	1442753
541	2921	1905112
542	2932	1675931
543	2943	1695259
544	2953	2091882
545	2964	1548201
546	2975	1785350
547	2986	1890433
548	2997	2170021
549	3008	1615988
550	3019	1513810
551	3030	2141887
552	3041	2746266
553	3052	2061520
554	3063	2709079
555	3074	2310383
556	3085	1604400
557	3096	1648695
558	3108	1519490
559	3119	2593355
560	3130	1865772
561	3141	1725444
562	3152	2240272
563	3164	2285075
564	3175	1656426
565	3186	1760211
566	3197	1968005
567	3209	1572253
568	3220	1679134
569	3231	1597897
570	3243	2647157
571	3254	1626595
572	3266	1827566
573	3277	1615654
574	3289	2109838
575	3300	2116855
576	3312	1956031
577	3323	2809268
578	3335	2272145
579	3346	1700438
580	3358	2530251
581	3369	2639167
582	3381	2467117
583	3393	2438934
584	3404	1690951
585	3416	1759696
586	3428	2165531
587	3439	1772539
588	3451	1724717
589	3463	1797602
590	3475	2449217
591	3486	1707240
592	3498	1763229
593	3510	2890922
594	3522	1769739
595	3534	1828714
596	3546	2595280
597	3558	2266896
598	3570	2679234
599	3582	2572128
600	3594	2069750
601	3606	2993473
602	3618	2773905
603	3630	1825687
604	3642	2844069
605	3654	1822431
606	3666	2467730
607	3678	1795694
608	3690	1763721
609	3702	1815612
610	3714	2775568
611	3727	2803527
612	3739	2133751
613	3751	1959715
614	3763	1931501
615	3776	2706452
616	3788	1940927
617	3800	3069890
618	3813	1989254
619	3825	2059288
620	3837	1928204
621	3850	3116958
622	3862	2411690
623	3875	3183734
624	3887	2904643
625	3900	2228930
626	3912	2112958
627	3925	2271627
628	3937	2420613
629	3950	2434972
630	3962	3117114
631	3975	3320558
632	3987	2914575
633	4000	2468657
634	4013	2183031
635	4025	2653216
636	4038	3895750
637	4051	3156657
638	4064	2134796
639	4076	2237620
640	4089	2294700
641	4102	2059156
642	4115	2176621
643	4128	3065085
644	4140	3237009
645	4153	2999841
646	4166	2090201
647	4179	2220154
648	4192	2182083
649	4205	2999255
650	4218	2135607
651	4231	2162453
652	4244	2171289
653	4257	2216273
654	4270	2232379
655	4283	2116088
656	4296	2353360
657	4309	3047776
658	4323	3035206
659	4336	3179834
660	4349	2256456
661	4362	2289600
662	4375	3029676
663	4389	3779512
664	4402	3067333
665	4415	2260813
666	4428	3047645
667	4442	3615078
668	4455	2454794
669	4468	2239499
670	4482	2363617
671	4495	3608386
672	4509	2510408
673	4522	2223541
674	4536	2374168
675	4549	2379063
676	4563	2324882
677	4576	2297619
678	4590	2249031
679	4603	2421391
680	4617	3128281
681	4630	2322060
682	4644	2653333
683	4658	3622657
684	4671	3175419
685	4685	2372837
686	4699	3456071
687	4712	2373161
688	4726	2506395
689	4740	3947855
690	4754	2395276
691	4767	2416558
692	4781	3163084
693	4795	2414132
694	4809	2415982
695	4823	3676181
696	4837	2483223
697	4851	3533476
698	4865	2567825
699	4879	2555811
700	4893	3374170
701	4907	3016637
702	4921	3403740
703	4935	2472848
704	4949	2499717
705	4963	3228104
706	4977	2611453
707	4991	2603620
708	5005	2549955
709	5019	2515665
710	5033	2584174
711	5048	2534210
712	5062	2554999
713	5076	3825644
714	5090	2578060
715	5105	2588895
716	5119	3504379
717	5133	3623540
718	5148	3716733
719	5162	3468426
720	5176	3666414
721	5191	2635408
722	5205	2565051
723	5220	2717697
724	5234	3427300
725	5249	2684886
726	5263	2847280
727	5278	2769075
728	5292	2685913
729	5307	2712250
730	5321	2696420
731	5336	2653806
732	5350	4710012
733	5365	3359500
734	5380	2754362
735	5394	3748500
736	5409	2761667
737	5424	2671160
738	5439	2753333
739	5453	2711613
740	5468	3648488
741	5483	2915982
742	5498	2857561
743	5513	3596716
744	5527	2770486
745	5542	2816749
746	5557	2844210
747	5572	2956924
748	5587	2759311
749	5602	2791882
750	5617	3580221
751	5632	2906888
752	5647	2929476
753	5662	2780067
754	5677	3565180
755	5692	3450319
756	5707	5154163
757	5722	3027118
758	5738	3025432
759	5753	2964030
760	5768	3236713
761	5783	3012444
762	5798	2905058
763	5814	2841449
764	5829	3680540
765	5844	3808405
766	5859	4088775
767	5875	3215190
768	5890	2933155
769	5905	2896026
770	5921	3118422
771	5936	2853587
772	5952	2864918
773	5967	3049229
774	5983	3361729
775	5998	4594317
776	6014	3939696
777	6029	2849901
778	6045	3892536
779	6060	2955333
780	6076	6125388
781	6091	3163235
782	6107	2960923
783	6123	3952106
784	6138	2893026
785	6154	2960109
786	6170	2929658
787	6185	3015082
788	6201	3030473
789	6217	3488974
790	6233	3629324
791	6248	2951496
792	6264	3128224
793	6280	3239527
794	6296	4031833
795	6312	2975428
796	6328	3019694
797	6344	3879666
798	6360	3350017
799	6376	3120023
800	6392	3026005
801	6408	3201972
802	6424	3326949
803	6440	3025512
804	6456	4526877
805	6472	3911870
806	6488	3113098
807	6504	3185064
808	6520	5080371
809	6536	3114426
810	6552	3118721
811	6569	4672373
812	6585	5152673
813	6601	3145651
814	6617	3154728
815	6634	3247403
816	6650	3297502
817	6666	4673872
818	6683	3674088
819	6699	3146820
820	6715	3256130
821	6732	4815938
822	6748	3165148
823	6765	3213987
824	6781	3191669
825	6798	3189401
826	6814	3219400
827	6831	4323063
828	6847	3392058
829	6864	3212325
830	6880	3235728
831	6897	3470500
832	6913	3297276
833	6930	3303661
834	6947	3303847
835	6963	5425075
836	6980	3363180
837	6997	3343088
838	7014	3277108
839	7030	3530732
840	7047	4028674
841	7064	5469702
842	7081	6228213
843	7098	3377385
844	7114	3300185
845	7131	3346589
846	7148	4665596
847	7165	3410351
848	7182	3436365
849	7199	3395902
850	7216	3352468
851	7233	3356143
852	7250	3403535
853	7267	3374199
854	7284	3431067
855	7301	4440871
856	7318	3640471
857	7335	3433474
858	7353	3437883
859	7370	3532266
860	7387	3662857
861	7404	3613450
862	7421	3680758
863	7439	3580249
864	7456	3883424
865	7473	3935925
866	7490	3830573
867	7508	3978611
868	7525	5068344
869	7542	5445592
870	7560	5295945
871	7577	6215979
872	7595	3870390
873	7612	3897886
874	7630	4903165
875	7647	4038145
876	7665	5219347
877	7682	3957852
878	7700	3927026
879	7717	4046126
880	7735	4398545
881	7752	5644461
882	7770	4048317
883	7788	4150532
884	7805	4010270
885	7823	3950328
886	7841	4165274
887	7858	3945382
888	7876	3960027
889	7894	5358828
890	7912	4083446
891	7929	4232397
892	7947	5242258
893	7965	4041118
894	7983	4413430
895	8001	4094005
896	8019	4153373
897	8037	4125272
898	8055	4035821
899	8073	4065452
900	8091	6810351
901	8109	5646767
902	8127	5861892
903	8145	4365173
904	8163	4209547
905	8181	4466699
906	8199	4182786
907	8217	4277339
908	8235	5712103
909	8253	6926098
910	8271	4375377
911	8290	4254497
912	8308	4494106
913	8326	6294712
914	8344	4467749
915	8363	5568480
916	8381	4482517
917	8399	4320436
918	8418	4480562
919	8436	4426953
920	8454	4395383
921	8473	4571446
922	8491	5871085
923	8510	4427505
924	8528	4479994
925	8547	4414040
926	8565	4332459
927	8584	6646803
928	8602	4399235
929	8621	4480661
930	8639	4297140
931	8658	4432763
932	8676	4500045
933	8695	6268413
934	8714	5084265
935	8732	5611360
936	8751	6325824
937	8770	4740250
938	8789	4735186
939	8807	4626768
940	8826	5685820
941	8845	5441849
942	8864	5761500
943	8883	4534926
944	8901	4666310
945	8920	4806352
946	8939	4429494
947	8958	4547554
948	8977	4803755
949	8996	4540242
950	9015	4914830
951	9034	4565722
952	9053	4500908
953	9072	4722772
954	9091	6172710
955	9110	4600881
956	9129	6071465
957	9148	4896076
958	9168	5041957
959	9187	4911544
960	9206	4608639
961	9225	5076811
962	9244	4876507
963	9264	5129461
964	9283	4952863
965	9302	5209571
966	9321	5228389
967	9341	4910545
968	9360	4881901
969	9379	6234225
970	9399	5173281
971	9418	5334661
972	9438	4826866
973	9457	5740278
974	9477	5775115
975	9496	5539574
976	9516	5964263
977	9535	4867056
978	9555	4755928
979	9574	5055915
980	9594	4837847
981	9613	4872549
982	9633	6237544
983	9653	5673173
984	9672	5176564
985	9692	4840414
986	9712	5005905
987	9731	5099566
988	9751	8098935
989	9771	5279203
990	9791	5062240
991	9810	4797827
992	9830	4957122
993	9850	4893059
994	9870	6526791
995	9890	4878337
996	9910	5304772
997	9930	4931086
998	9950	5144420
999	9970	4819749
1000	9990	4990462
1001	10010	5060687
1002	10030	5142617
1003	10050	6112513
1004	10070	5112614
1005	10090	5105005
1006	10110	5004266
1007	10130	6356287
1008	10150	6420713
1009	10170	5017321
1010	10190	5038721
1011	10211	4963343
1012	10231	7020936
1013	10251	6419304
1014	10271	5184285
1015	10292	5086749
1016	10312	5085180
1017	10332	5531203
1018	10353	5102707
1019	10373	7369962
1020	10393	5340929
1021	10414	5239933
1022	10434	5808012
1023	10455	5105657
1024	10475	5204996
1025	10496	5052645
1026	10516	5068165
1027	10537	6391074
1028	10557	7326428
1029	10578	6213627
1030	10598	6094837
1031	10619	5130632
1032	10639	5062059
1033	10660	5191644
1034	10681	5351843
1035	10701	6734496
1036	10722	5239063
1037	10743	5144467
1038	10764	6486281
1039	10784	5209140
1040	10805	6961407
1041	10826	5129689
1042	10847	6283514
1043	10868	5163924
1044	10888	5277559
1045	10909	5380019
1046	10930	5522673
1047	10951	5244071
1048	10972	8555262
1049	10993	6503822
1050	11014	5199915
1051	11035	6744294
1052	11056	5872879
1053	11077	6271169
1054	11098	6280660
1055	11119	5295732
1056	11140	5343973
1057	11161	5309156
1058	11183	5524804
1059	11204	5663514
1060	11225	5407959
1061	11246	5483546
1062	11267	6084701
1063	11289	5622607
1064	11310	5226532
1065	11331	5759897
1066	11352	7780998
1067	11374	7417671
1068	11395	6585442
1069	11416	7548193
1070	11438	7555415
1071	11459	6624849
1072	11481	6884349
1073	11502	6685933
1074	11524	8044511
1075	11545	5718440
1076	11567	5640584
1077	11588	6752636
1078	11610	5394630
1079	11631	5553990
1080	11653	5713547
1081	11674	5497696
1082	11696	5758171
1083	11718	5600473
1084	11739	5588397
1085	11761	5604466
1086	11783	5626917
1087	11804	5673877
1088	11826	5651238
1089	11848	6968113
1090	11870	6838055
1091	11891	7301729
1092	11913	7379744
1093	11935	6676624
1094	11957	5868538
1095	11979	5851593
1096	12001	6778428
1097	12023	6038412
1098	12045	5732838
1099	12067	5605508
1100	12089	6035697
1101	12111	5800134
1102	12133	5787628
1103	12155	7397717
1104	12177	6112483
1105	12199	7526989
1106	12221	7018940
1107	12243	5729581
1108	12265	6989320
1109	12287	5914437
1110	12309	6055665
1111	12332	7328156
1112	12354	5898039
1113	12376	7598905
1114	12398	6208542
1115	12421	6151234
1116	12443	7457276
1117	12465	6262469
1118	12488	7176399
1119	12510	8304124
1120	12532	6530213
1121	12555	8362187
1122	12577	6302694
1123	12600	6207736
1124	12622	6567585
1125	12645	6264176
1126	12667	7499484
1127	12690	6028839
1128	12712	7567079
1129	12735	6145267
1130	12757	7662017
1131	12780	7464259
1132	12802	6610759
1133	12825	6133879
1134	12848	6213200
1135	12870	6328567
1136	12893	7621060
1137	12916	7366555
1138	12939	7509063
1139	12961	6465962
1140	12984	6140846
1141	13007	6270718
1142	13030	8196444
1143	13053	6171527
1144	13075	6154091
1145	13098	6333040
1146	13121	6528952
1147	13144	6732775
1148	13167	7523095
1149	13190	7699669
1150	13213	26721835
1151	13236	6517496
1152	13259	6428326
1153	13282	7021178
1154	13305	8176333
1155	13328	7368088
1156	13351	6458041
1157	13374	6380493
1158	13398	6648520
1159	13421	6984963
1160	13444	6474366
1161	13467	6657608
1162	13490	7155363
1163	13514	6724572
1164	13537	6831355
1165	13560	6746447
1166	13583	6371764
1167	13607	6442858
1168	13630	6573678
1169	13653	6352128
1170	13677	6669118
1171	13700	6473377
1172	13724	7466620
1173	13747	6495138
1174	13771	6525035
1175	13794	6572294
1176	13818	6751061
1177	13841	6942212
1178	13865	7888316
1179	13888	6770174
1180	13912	6665770
1181	13935	6495527
1182	13959	6581666
1183	13983	6766778
1184	14006	8156441
1185	14030	6688108
1186	14054	8178950
1187	14077	6860056
1188	14101	6768416
1189	14125	6808628
1190	14149	6981598
1191	14172	8053855
1192	14196	6657658
1193	14220	6939038
1194	14244	6885237
1195	14268	6697048
1196	14292	7350222
1197	14316	7106831
1198	14340	6897929
1199	14364	7003115
1200	14388	6959876
1201	14412	6829884
1202	14436	7654378
1203	14460	6828661
1204	14484	6827824
1205	14508	8328879
1206	14532	6831170
1207	14556	7747473
1208	14580	8530904
1209	14604	6928970
1210	14628	7142630
1211	14653	8220937
1212	14677	7447520
1213	14701	7112278
1214	14725	7056937
1215	14750	6971309
1216	14774	7059070
1217	14798	7673433
1218	14823	7231890
1219	14847	7388478
1220	14871	8845656
1221	14896	7704703
1222	14920	8738124
1223	14945	7588021
1224	14969	7683680
1225	14994	7240306
1226	15018	8085118
1227	15043	7478571
1228	15067	8871579
1229	15092	7269409
1230	15116	7294990
1231	15141	7363842
1232	15165	7625477
1233	15190	9365972
1234	15215	8314670
1235	15239	7484504
1236	15264	7591696
1237	15289	8129736
1238	15314	7750687
1239	15338	7587467
1240	15363	10549835
1241	15388	8186786
1242	15413	9966831
1243	15438	7471903
1244	15462	8019996
1245	15487	8070284
1246	15512	8023528
1247	15537	8191080
1248	15562	8032268
1249	15587	7823324
1250	15612	8028250
1251	15637	9920362
1252	15662	7387138
1253	15687	8147085
1254	15712	7922498
1255	15737	8955832
1256	15762	9137987
1257	15787	8340761
1258	15813	8142576
1259	15838	7614823
1260	15863	7755370
1261	15888	7782586
1262	15913	7878302
1263	15939	7596006
1264	15964	9112762
1265	15989	10511750
1266	16014	8079470
1267	16040	7986208
1268	16065	8529286
1269	16090	8180772
1270	16116	8592942
1271	16141	9261102
1272	16167	7701853
1273	16192	7987938
1274	16218	7753362
1275	16243	8626518
1276	16269	9207320
1277	16294	8048222
1278	16320	8111086
1279	16345	7911736
1280	16371	8066523
1281	16396	9416233
1282	16422	11727263
1283	16448	8328024
1284	16473	8017594
1285	16499	8426777
1286	16525	8880122
1287	16550	8700179
1288	16576	8277238
1289	16602	9003443
1290	16628	9192506
1291	16653	9183271
1292	16679	8407278
1293	16705	8283544
1294	16731	9113891
1295	16757	8362401
1296	16783	8766523
1297	16809	8379495
1298	16835	8453260
1299	16861	8274939
1300	16887	8533878
1301	16913	9985662
1302	16939	8902932
1303	16965	8795300
1304	16991	8450408
1305	17017	8612933
1306	17043	8551304
1307	17069	8625354
1308	17095	10012510
1309	17121	8492057
1310	17147	8658914
1311	17174	8408875
1312	17200	9082984
1313	17226	9385604
1314	17252	10732983
1315	17279	14482153
1316	17305	11739927
1317	17331	9284096
1318	17358	9007771
1319	17384	9752377
1320	17410	10272579
1321	17437	8672974
1322	17463	12555219
1323	17490	8847350
1324	17516	8994189
1325	17543	8582483
1326	17569	12197125
1327	17596	10256356
1328	17622	8841245
1329	17649	10823569
1330	17675	10552801
1331	17702	8975576
1332	17728	9002017
1333	17755	10972242
1334	17782	8845735
1335	17808	8917510
1336	17835	10381651
1337	17862	8758001
1338	17889	10193362
1339	17915	12540665
1340	17942	9324703
1341	17969	10066073
1342	17996	9643356
1343	18023	9987858
1344	18049	12571971
1345	18076	11549245
1346	18103	9402233
1347	18130	9952480
1348	18157	9303539
1349	18184	14799667
1350	18211	9216837
1351	18238	9072970
1352	18265	10856211
1353	18292	9237355
1354	18319	9563189
1355	18346	10078637
1356	18373	10520440
1357	18400	11450042
1358	18428	8998900
1359	18455	9826425
1360	18482	9031316
1361	18509	10286727
1362	18536	9574822
1363	18564	10577929
1364	18591	9743216
1365	18618	10279152
1366	18645	9985175
1367	18673	11471675
1368	18700	10511015
1369	18727	9774268
1370	18755	9801733
1371	18782	10035344
1372	18810	10218555
1373	18837	9608055
1374	18865	9667440
1375	18892	11586792
1376	18920	9979311
1377	18947	9928326
1378	18975	9861838
1379	19002	10052601
1380	19030	10651082
1381	19057	11534542
1382	19085	10347580
1383	19113	11161197
1384	19140	12043265
1385	19168	9844431
1386	19196	10366775
1387	19223	9942657
1388	19251	12846897
1389	19279	10277216
1390	19307	10096276
1391	19334	12230790
1392	19362	11815362
1393	19390	9837743
1394	19418	11288018
1395	19446	15277496
1396	19474	10334513
1397	19502	12098450
1398	19530	10406893
1399	19558	11717664
1400	19586	12476427
1401	19614	10496940
1402	19642	10500488
1403	19670	10922692
1404	19698	10277571
1405	19726	10357407
1406	19754	9863339
1407	19782	10243045
1408	19810	10388415
1409	19838	12410235
1410	19866	11497257
1411	19895	12139193
1412	19923	10064244
1413	19951	10887222
1414	19979	10976673
1415	20008	10962417
1416	20036	10601470
1417	20064	10161667
1418	20093	12478798
1419	20121	10606356
1420	20149	15184245
1421	20178	10761555
1422	20206	10589652
1423	20235	10692811
1424	20263	12258115
1425	20292	11117343
1426	20320	13397493
1427	20349	11824820
1428	20377	11884678
1429	20406	15243067
1430	20434	15066385
1431	20463	10995323
1432	20491	11605039
1433	20520	12575719
1434	20549	10594650
1435	20577	11016190
1436	20606	10502515
1437	20635	13860623
1438	20664	11791366
1439	20692	13130782
1440	20721	12208600
1441	20750	11018452
1442	20779	10648257
1443	20808	10719175
1444	20836	12353981
1445	20865	11072510
1446	20894	10631445
1447	20923	11099134
1448	20952	10789991
1449	20981	10844621
1450	21010	11333672
1451	21039	12682692
1452	21068	10827848
1453	21097	10594111
1454	21126	10846195
1455	21155	12883988
1456	21184	14841702
1457	21213	11185413
1458	21243	11231362
1459	21272	11820841
1460	21301	13020417
1461	21330	10989550
1462	21359	13104593
1463	21389	10623557
1464	21418	11479147
1465	21447	11304609
1466	21476	11180172
1467	21506	11390449
1468	21535	11870319
1469	21564	11061263
1470	21594	13446993
1471	21623	10908511
1472	21653	12671906
1473	21682	11424035
1474	21712	11527516
1475	21741	13117227
1476	21771	13557837
1477	21800	16389868
1478	21830	11416952
1479	21859	13054253
1480	21889	13268858
1481	21918	11241019
1482	21948	11819323
1483	21978	14003695
1484	22007	12443024
1485	22037	11432689
1486	22067	11439898
1487	22096	11317090
1488	22126	11653660
1489	22156	12031795
1490	22186	11004079
1491	22215	12069852
1492	22245	13904185
1493	22275	13732496
1494	22305	11333827
1495	22335	11786563
1496	22365	11718041
1497	22395	11585831
1498	22425	15478443
1499	22455	11733079
1500	22485	11639311
1501	22515	11683822
1502	22545	12185821
1503	22575	14968990
1504	22605	12573461
1505	22635	12363082
1506	22665	12010877
1507	22695	12582590
1508	22725	11929568
1509	22755	14713645
1510	22785	14352326
1511	22816	13210698
1512	22846	11866435
1513	22876	11651375
1514	22906	11899180
1515	22937	12094369
1516	22967	14830169
1517	22997	12181100
1518	23028	14069597
1519	23058	11919515
1520	23088	13147078
1521	23119	12114328
1522	23149	13768015
1523	23180	11739296
1524	23210	12055087
1525	23241	14045696
1526	23271	11837962
1527	23302	12237874
1528	23332	11960518
1529	23363	12832505
1530	23393	11905622
1531	23424	12291788
1532	23454	13953730
1533	23485	15408500
1534	23516	12438265
1535	23546	13224890
1536	23577	15817485
1537	23608	16167611
1538	23639	11954930
1539	23669	15842707
1540	23700	14667107
1541	23731	12348547
1542	23762	13274818
1543	23793	12459057
1544	23823	12240416
1545	23854	12414322
1546	23885	12534795
1547	23916	12305435
1548	23947	12653108
1549	23978	13393246
1550	24009	13943584
1551	24040	14034498
1552	24071	12867842
1553	24102	12564108
1554	24133	14101800
1555	24164	12534263
1556	24195	12568122
1557	24226	12885818
1558	24258	12353135
1559	24289	12713627
1560	24320	12599740
1561	24351	14725090
1562	24382	13263352
1563	24414	12916274
1564	24445	12752104
1565	24476	12717243
1566	24507	13432965
1567	24539	12403148
1568	24570	12916056
1569	24601	12340334
1570	24633	12876326
1571	24664	12754578
1572	24696	14814880
1573	24727	13749423
1574	24759	17905812
1575	24790	13181820
1576	24822	13275423
1577	24853	12756113
1578	24885	14412504
1579	24916	13848193
1580	24948	14608536
1581	24979	12755351
1582	25011	13137857
1583	25043	13070909
1584	25074	12809846
1585	25106	12651588
1586	25138	13353406
1587	25169	15946390
1588	25201	14328879
1589	25233	12734201
1590	25265	13158140
1591	25296	12825635
1592	25328	13585703
1593	25360	14361085
1594	25392	12845548
1595	25424	12791194
1596	25456	14048061
1597	25488	12785224
1598	25520	16449234
1599	25552	13760720
1600	25584	13185103
1601	25616	13072561
1602	25648	14620709
1603	25680	12987925
1604	25712	13738347
1605	25744	12929083
1606	25776	13505494
1607	25808	13167859
1608	25840	14767040
1609	25872	15767766
1610	25904	12995585
1611	25937	13228341
1612	25969	13651616
1613	26001	13304658
1614	26033	13882253
1615	26066	13065682
1616	26098	16246040
1617	26130	15819463
1618	26163	13183232
1619	26195	13606115
1620	26227	13254358
1621	26260	15854956
1622	26292	14721012
1623	26325	14793823
1624	26357	13693705
1625	26390	15493890
1626	26422	13494270
1627	26455	13238042
1628	26487	13557760
1629	26520	16044039
1630	26552	15812344
1631	26585	14570843
1632	26617	14397422
1633	26650	15999733
1634	26683	13528712
1635	26715	13426051
1636	26748	13632746
1637	26781	13980506
1638	26814	16394047
1639	26846	14113842
1640	26879	14202821
1641	26912	13742564
1642	26945	15504328
1643	26978	16007509
1644	27010	13852774
1645	27043	14264505
1646	27076	13986410
1647	27109	16096259
1648	27142	16402788
1649	27175	13872617
1650	27208	15635595
1651	27241	13708691
1652	27274	14314647
1653	27307	14033403
1654	27340	15969415
1655	27373	14458858
1656	27406	13573287
1657	27439	13991162
1658	27473	14492677
1659	27506	14363362
1660	27539	14080338
1661	27572	15135185
1662	27605	14125733
1663	27639	13847531
1664	27672	13877887
1665	27705	13849848
1666	27738	14356465
1667	27772	14253696
1668	27805	14271178
1669	27838	15746190
1670	27872	16585157
1671	27905	14464736
1672	27939	13681807
1673	27972	14844283
1674	28006	14085090
1675	28039	14262750
1676	28073	16897981
1677	28106	14167118
1678	28140	14033239
1679	28173	14510809
1680	28207	14242019
1681	28240	14473520
1682	28274	14268675
1683	28308	14843429
1684	28341	14110011
1685	28375	16416050
1686	28409	14390508
1687	28442	14313890
1688	28476	14902602
1689	28510	14409105
1690	28544	17176152
1691	28577	16363586
1692	28611	14622811
1693	28645	14692711
1694	28679	16242925
1695	28713	14946585
1696	28747	17935740
1697	28781	14329738
1698	28815	20557105
1699	28849	14940230
1700	28883	20907750
1701	28917	17551756
1702	28951	14787179
1703	28985	15635057
1704	29019	14557356
1705	29053	17109334
1706	29087	16027455
1707	29121	17203862
1708	29155	19730605
1709	29189	15052723
1710	29223	14505239
1711	29258	14369883
1712	29292	24422575
1713	29326	15753982
1714	29360	15167289
1715	29395	15030597
1716	29429	15922079
1717	29463	23828095
1718	29498	14493642
1719	29532	14647693
1720	29566	14502459
1721	29601	17118088
1722	29635	16499938
1723	29670	14697318
1724	29704	15270783
1725	29739	14598006
1726	29773	14894209
1727	29808	14762042
1728	29842	17079896
1729	29877	19802302
1730	29911	17634617
1731	29946	17515554
1732	29980	14978662
1733	30015	15326292
1734	30050	15241074
1735	30084	16116850
1736	30119	15125547
1737	30154	15156780
1738	30189	15389472
1739	30223	18119514
1740	30258	15123367
1741	30293	15280601
1742	30328	15283055
1743	30363	17256313
1744	30397	17289084
1745	30432	16538825
1746	30467	18396021
1747	30502	15744864
1748	30537	15173366
1749	30572	16252342
1750	30607	15286253
1751	30642	15794668
1752	30677	15247187
1753	30712	15074822
1754	30747	16077065
1755	30782	19190945
1756	30817	16577472
1757	30852	16807029
1758	30888	17269371
1759	30923	20355029
1760	30958	17570041
1761	30993	16061967
1762	31028	15673755
1763	31064	15633528
1764	31099	19171317
1765	31134	16254566
1766	31169	15935450
1767	31205	15790920
1768	31240	19465413
1769	31275	16322248
1770	31311	15803809
1771	31346	16868133
1772	31382	16351389
1773	31417	18497463
1774	31453	16163705
1775	31488	18381691
1776	31524	18747833
1777	31559	16934510
1778	31595	15947817
1779	31630	23453876
1780	31666	18075182
1781	31701	16075528
1782	31737	20813549
1783	31773	18199005
1784	31808	16078959
1785	31844	16278870
1786	31880	15829531
1787	31915	17184938
1788	31951	15979101
1789	31987	19659593
1790	32023	17278729
1791	32058	16576610
1792	32094	21960838
1793	32130	23257746
1794	32166	19151295
1795	32202	21765955
1796	32238	20484668
1797	32274	17690097
1798	32310	19891217
1799	32346	18345070
1800	32382	27496822
1801	32418	17260383
1802	32454	20203311
1803	32490	26430970
1804	32526	22140110
1805	32562	21207399
1806	32598	21611577
1807	32634	19325550
1808	32670	19328163
1809	32706	21070525
1810	32742	18849017
1811	32779	21781285
1812	32815	19596586
1813	32851	21922820
1814	32887	17009395
1815	32924	23189521
1816	32960	21598147
1817	32996	19819597
1818	33033	18060164
1819	33069	21355975
1820	33105	18865644
1821	33142	18561084
1822	33178	21588808
1823	33215	19865638
1824	33251	20913124
1825	33288	21443592
1826	33324	22473872
1827	33361	22925552
1828	33397	22211638
1829	33434	21243259
1830	33470	22206468
1831	33507	24706926
1832	33543	26367450
1833	33580	20870469
1834	33617	21405980
1835	33653	26167307
1836	33690	20308285
1837	33727	23688295
1838	33764	21293878
1839	33800	19909396
1840	33837	28390436
1841	33874	21461877
1842	33911	22893508
1843	33948	22425183
1844	33984	27592583
1845	34021	21447280
1846	34058	19614061
1847	34095	19996093
1848	34132	21712025
1849	34169	20974793
1850	34206	21920851
1851	34243	21948408
1852	34280	20365773
1853	34317	23982693
1854	34354	19674696
1855	34391	19111707
1856	34428	22052904
1857	34465	19376303
1858	34503	19200368
1859	34540	21636174
1860	34577	20686835
1861	34614	22506442
1862	34651	21240632
1863	34689	19418519
1864	34726	19204674
1865	34763	24267452
1866	34800	20304823
1867	34838	20834944
1868	34875	21949639
1869	34912	22557925
1870	34950	19371092
1871	34987	22717135
1872	35025	21454882
1873	35062	18929070
1874	35100	23244035
1875	35137	20194988
1876	35175	19640394
1877	35212	19890052
1878	35250	20034075
1879	35287	20421501
1880	35325	19923948
1881	35362	19479006
1882	35400	20617749
1883	35438	21082746
1884	35475	20794359
1885	35513	19782492
1886	35551	20137583
1887	35588	18564423
1888	35626	21562545
1889	35664	21297719
1890	35702	20972737
1891	35739	19660213
1892	35777	19704250
1893	35815	21195019
1894	35853	22901029
1895	35891	20299571
1896	35929	21214507
1897	35967	23393407
1898	36005	21348195
1899	36043	19995793
1900	36081	20982403
1901	36119	23409943
1902	36157	20576125
1903	36195	22163059
1904	36233	23647041
1905	36271	21017207
1906	36309	23518127
1907	36347	19661977
1908	36385	22303171
1909	36423	21147230
1910	36461	20224529
1911	36500	21432388
1912	36538	20092930
1913	36576	21343086
1914	36614	20727186
1915	36653	19811576
1916	36691	19415555
1917	36729	22041368
1918	36768	18958571
1919	36806	19408155
1920	36844	19046755
1921	36883	23284206
1922	36921	24789309
1923	36960	22087089
1924	36998	20826815
1925	37037	20077960
1926	37075	22392948
1927	37114	22838605
1928	37152	21497514
1929	37191	20823955
1930	37229	21826910
1931	37268	20959255
1932	37306	23167310
1933	37345	19581660
1934	37384	20952446
1935	37422	22082728
1936	37461	24250709
1937	37500	19712208
1938	37539	21640200
1939	37577	22956290
1940	37616	21561200
1941	37655	21955139
1942	37694	21785182
1943	37733	22781873
1944	37771	22686133
1945	37810	26776585
1946	37849	21268183
1947	37888	23048062
1948	37927	23652433
1949	37966	22552303
1950	38005	20008572
1951	38044	26259724
1952	38083	24670091
1953	38122	25289723
1954	38161	20366742
1955	38200	22864302
1956	38239	20721253
1957	38278	21397548
1958	38318	21257155
1959	38357	21633560
1960	38396	21179824
1961	38435	21688748
1962	38474	21026127
1963	38514	21414677
1964	38553	21456870
1965	38592	21416439
1966	38631	21738972
1967	38671	22140021
1968	38710	27791801
1969	38749	26724925
1970	38789	23587441
1971	38828	25183178
1972	38868	19906453
1973	38907	22205889
1974	38947	21721613
1975	38986	20315695
1976	39026	26173410
1977	39065	21480275
1978	39105	21026356
1979	39144	21406725
1980	39184	22154090
1981	39223	22684995
1982	39263	21090964
1983	39303	21954106
1984	39342	21203968
1985	39382	27607092
1986	39422	23379293
1987	39461	21897149
1988	39501	23635587
1989	39541	23556077
1990	39581	23542180
1991	39620	21899164
1992	39660	21536528
1993	39700	25072885
1994	39740	20930214
1995	39780	22229742
1996	39820	20763573
1997	39860	22104000
1998	39900	22770383
1999	39940	22341322
2000	39980	22049409
2001	40020	25764811
2002	40060	20612488
2003	40100	22526605
2004	40140	21938258
2005	40180	23429210
2006	40220	25575738
2007	40260	21236496
2008	40300	24235410
2009	40340	21786808
2010	40380	21857550
2011	40421	24980112
2012	40461	26174903
2013	40501	23038663
2014	40541	25943892
2015	40582	22442679
2016	40622	24290533
2017	40662	20895865
2018	40703	23742993
2019	40743	22898889
2020	40783	21560157
2021	40824	23019025
2022	40864	22894494
2023	40905	26383728
2024	40945	21338333
2025	40986	22826128
2026	41026	23432891
2027	41067	21990218
2028	41107	22167981
2029	41148	22039790
2030	41188	23447050
2031	41229	23331716
2032	41269	20959495
2033	41310	21670944
2034	41351	22359582
2035	41391	25842383
2036	41432	21147608
2037	41473	26361025
2038	41514	21074297
2039	41554	23127111
2040	41595	26304345
2041	41636	22742702
2042	41677	25151968
2043	41718	23502011
2044	41758	22649460
2045	41799	23271000
2046	41840	22982191
2047	41881	23324860
2048	41922	27714752
2049	41963	26255610
2050	42004	21374088
2051	42045	25636629
2052	42086	25175863
2053	42127	21207910
2054	42168	22409995
2055	42209	29242895
2056	42250	22542138
2057	42291	22679731
2058	42333	23615165
2059	42374	25103126
2060	42415	24325638
2061	42456	27103785
2062	42497	22003574
2063	42539	22100745
2064	42580	23815455
2065	42621	21466355
2066	42662	22848211
2067	42704	21091855
2068	42745	24319619
2069	42786	22513082
2070	42828	22172331
2071	42869	26130600
2072	42911	25307258
2073	42952	22097010
2074	42994	28528425
2075	43035	25042197
2076	43077	24296078
2077	43118	22221570
2078	43160	21846230
2079	43201	25512573
2080	43243	25536590
2081	43284	27644502
2082	43326	24923243
2083	43368	23035100
2084	43409	29458775
2085	43451	23601143
2086	43493	26888552
2087	43534	24126812
2088	43576	22262898
2089	43618	23162203
2090	43660	25760335
2091	43701	24946099
2092	43743	26669780
2093	43785	27353623
2094	43827	26195362
2095	43869	22523450
2096	43911	22082164
2097	43953	26979156
2098	43995	27048721
2099	44037	26052481
2100	44079	27249143
2101	44121	22341755
2102	44163	22502277
2103	44205	23105085
2104	44247	23359883
2105	44289	22773447
2106	44331	24101026
2107	44373	24360175
2108	44415	22321915
2109	44457	27843839
2110	44499	23618179
2111	44542	28159709
2112	44584	23646008
2113	44626	24756081
2114	44668	23978912
2115	44711	23402972
2116	44753	23360560
2117	44795	23787385
2118	44838	28311342
2119	44880	22920138
2120	44922	25153541
2121	44965	24815236
2122	45007	24009316
2123	45050	22601501
2124	45092	23039416
2125	45135	22857009
2126	45177	24655299
2127	45220	23052416
2128	45262	23022465
2129	45305	23609884
2130	45347	27259002
2131	45390	22518476
2132	45432	22525281
2133	45475	24061374
2134	45518	23203771
2135	45560	24368038
2136	45603	23889973
2137	45646	25150330
2138	45689	25310500
2139	45731	24801246
2140	45774	23851370
2141	45817	26688046
2142	45860	23437763
2143	45903	23722363
2144	45945	27367520
2145	45988	23454600
2146	46031	25133486
2147	46074	24378024
2148	46117	24805118
2149	46160	22933421
2150	46203	24633886
2151	46246	24036733
2152	46289	24546240
2153	46332	23467831
2154	46375	23434954
2155	46418	24431732
2156	46461	26961078
2157	46504	24665223
2158	46548	24351517
2159	46591	23553038
2160	46634	23848613
2161	46677	23096054
2162	46720	27614286
2163	46764	25270151
2164	46807	31380951
2165	46850	32773949
2166	46893	28240578
2167	46937	26601167
2168	46980	25078837
2169	47023	24287965
2170	47067	24423109
2171	47110	25825419
2172	47154	24763896
2173	47197	24040402
2174	47241	25195660
2175	47284	28596853
2176	47328	27295691
2177	47371	25121379
2178	47415	28662389
2179	47458	27324559
2180	47502	25355502
2181	47545	25226506
2182	47589	25909899
2183	47633	24420285
2184	47676	26493381
2185	47720	24763874
2186	47764	25534072
2187	47807	25282943
2188	47851	24721459
2189	47895	23832500
2190	47939	24449917
2191	47982	24155296
2192	48026	24709485
2193	48070	24801744
2194	48114	28270083
2195	48158	24895504
2196	48202	26779763
2197	48246	27340902
2198	48290	24305813
2199	48334	25821139
2200	48378	26006844
2201	48422	28667337
2202	48466	24729650
2203	48510	26146857
2204	48554	26218968
2205	48598	25616656
2206	48642	26135167
2207	48686	29126763
2208	48730	27776578
2209	48774	25023292
2210	48818	26620574
2211	48863	26028843
2212	48907	28927015
2213	48951	27357620
2214	48995	26026515
2215	49040	34098485
2216	49084	32413581
2217	49128	25173920
2218	49173	27227255
2219	49217	27806565
2220	49261	26468113
2221	49306	25218878
2222	49350	26773450
2223	49395	25477935
2224	49439	26563610
2225	49484	25346432
2226	49528	27236510
2227	49573	27856616
2228	49617	25489505
2229	49662	28726635
2230	49706	24878596
2231	49751	25910323
2232	49795	28954020
2233	49840	25535948
2234	49885	25914863
2235	49929	36061316
2236	49974	26635178
2237	50019	25470781
2238	50064	25644319
2239	50108	26470963
2240	50153	25268494
2241	50198	28142970
2242	50243	25342669
2243	50288	29995814
2244	50332	26500667
2245	50377	25868400
2246	50422	34982571
2247	50467	25919796
2248	50512	30298313
2249	50557	25768354
2250	50602	27264494
2251	50647	26331433
2252	50692	29682119
2253	50737	27284176
2254	50782	25949368
2255	50827	34531698
2256	50872	26537405
2257	50917	25440409
2258	50963	26589025
2259	51008	27807250
2260	51053	26095202
2261	51098	26263833
2262	51143	25598621
2263	51189	25721264
2264	51234	25818345
2265	51279	26027825
2266	51324	26610158
2267	51370	25378969
2268	51415	27225644
2269	51460	28565928
2270	51506	30970858
2271	51551	28020256
2272	51597	28217057
2273	51642	27128045
2274	51688	29781581
2275	51733	27653236
2276	51779	27013202
2277	51824	28751556
2278	51870	27260263
2279	51915	26304601
2280	51961	27698799
2281	52006	27215337
2282	52052	26987845
2283	52098	35928205
2284	52143	37672139
2285	52189	26395362
2286	52235	27160115
2287	52280	26551783
2288	52326	26720350
2289	52372	27035120
2290	52418	26729493
2291	52463	28384756
2292	52509	27485775
2293	52555	27868212
2294	52601	34580200
2295	52647	27905296
2296	52693	27904891
2297	52739	26842874
2298	52785	30144158
2299	52831	30666148
2300	52877	31036308
2301	52923	30839763
2302	52969	32779216
2303	53015	28530456
2304	53061	28889689
2305	53107	34902856
2306	53153	27170095
2307	53199	29366519
2308	53245	28091141
2309	53291	29807016
2310	53337	31649506
2311	53384	28331320
2312	53430	27773488
2313	53476	33689876
2314	53522	33187824
2315	53569	29415868
2316	53615	37653008
2317	53661	27893100
2318	53708	30032750
2319	53754	27909485
2320	53800	27979614
2321	53847	27124181
2322	53893	26973490
2323	53940	28239079
2324	53986	27443242
2325	54033	27603672
2326	54079	32749408
2327	54126	28258558
2328	54172	29752374
2329	54219	28529877
2330	54265	27750518
2331	54312	28451956
2332	54358	28441278
2333	54405	29620714
2334	54452	28252644
2335	54498	29263680
2336	54545	29077040
2337	54592	31645291
2338	54639	28487581
2339	54685	29639072
2340	54732	29769139
2341	54779	28523587
2342	54826	30071380
2343	54873	32927355
2344	54919	27888523
2345	54966	28648967
2346	55013	31757464
2347	55060	32656282
2348	55107	29017006
2349	55154	28121671
2350	55201	28173200
2351	55248	30588996
2352	55295	30070686
2353	55342	30949532
2354	55389	31667719
2355	55436	30547035
2356	55483	29078541
2357	55530	30014138
2358	55578	36333899
2359	55625	28585641
2360	55672	28461631
2361	55719	32412268
2362	55766	29702359
2363	55814	28380264
2364	55861	41217714
2365	55908	29038454
2366	55955	34485093
2367	56003	29422525
2368	56050	29499298
2369	56097	34417188
2370	56145	29076841
2371	56192	29082851
2372	56240	29245168
2373	56287	29594771
2374	56335	28979348
2375	56382	28949890
2376	56430	33453108
2377	56477	28803809
2378	56525	28578831
2379	56572	30102445
2380	56620	28909149
2381	56667	28809462
2382	56715	34729036
2383	56763	28524886
2384	56810	28978873
2385	56858	29939371
2386	56906	35048495
2387	56953	33974784
2388	57001	29343987
2389	57049	29805347
2390	57097	30691035
2391	57144	31589345
2392	57192	31162759
2393	57240	33257313
2394	57288	31888103
2395	57336	32065428
2396	57384	30372733
2397	57432	30135678
2398	57480	30718206
2399	57528	34242184
2400	57576	31058992
2401	57624	33042256
2402	57672	37555608
2403	57720	31675762
2404	57768	29806280
2405	57816	30041021
2406	57864	30437345
2407	57912	31106615
2408	57960	31212604
2409	58008	30131917
2410	58056	33191284
2411	58105	33932949
2412	58153	30577839
2413	58201	36638266
2414	58249	33747350
2415	58298	30815110
2416	58346	32214168
2417	58394	29947546
2418	58443	31742936
2419	58491	31710230
2420	58539	33528124
2421	58588	30975313
2422	58636	33619456
2423	58685	35056143
2424	58733	31787309
2425	58782	34654155
2426	58830	31510187
2427	58879	31515042
2428	58927	30663844
2429	58976	30645265
2430	59024	32280115
2431	59073	31284197
2432	59121	31480588
2433	59170	32064947
2434	59219	31169694
2435	59267	33194679
2436	59316	35606750
2437	59365	31057949
2438	59414	31820229
2439	59462	34437240
2440	59511	39688006
2441	59560	32069096
2442	59609	32650187
2443	59658	31131677
2444	59706	32312481
2445	59755	30612104
2446	59804	32493203
2447	59853	39382732
2448	59902	31468390
2449	59951	37431043
2450	60000	38346504
2451	60049	34614283
2452	60098	33382424
2453	60147	38188938
2454	60196	30862853
2455	60245	31192490
2456	60294	31361278
2457	60343	31590143
2458	60393	32124171
2459	60442	32624054
2460	60491	31808788
2461	60540	32420273
2462	60589	34806006
2463	60639	32506149
2464	60688	31601229
2465	60737	32831029
2466	60786	32615048
2467	60836	33360564
2468	60885	38328496
2469	60934	37338547
2470	60984	36668079
2471	61033	32286965
2472	61083	31925856
2473	61132	33243102
2474	61182	31378525
2475	61231	33824380
2476	61281	35907451
2477	61330	33985718
2478	61380	34778650
2479	61429	39795887
2480	61479	37630989
2481	61528	32188691
2482	61578	32383138
2483	61628	36415561
2484	61677	33225098
2485	61727	37676692
2486	61777	34037082
2487	61826	35823339
2488	61876	33882727
2489	61926	31920929
2490	61976	33694771
2491	62025	31585583
2492	62075	31979560
2493	62125	34205355
2494	62175	33168534
2495	62225	32897657
2496	62275	32950577
2497	62325	45113753
2498	62375	36830029
2499	62425	33426432
2500	62475	32535711
