100	99	62073
101	101	106145
102	103	99869
103	105	130061
104	107	73539
105	109	83182
106	111	71159
107	113	336420
108	115	49917
109	117	253057
110	119	71397
111	122	90501
112	124	100022
113	126	85880
114	128	187657
115	131	90479
116	133	61762
117	135	99510
118	138	101470
119	140	95600
120	142	55918
121	145	89897
122	147	92857
123	150	91497
124	152	57325
125	155	266430
126	157	93250
127	160	413290
128	162	101224
129	165	74701
130	167	461970
131	170	95118
132	172	108361
133	175	118374
134	178	163219
135	180	274574
136	183	406610
137	186	111134
138	189	110392
139	191	588507
140	194	118343
141	197	77980
142	200	348978
143	203	476577
144	205	110594
145	208	130775
146	211	116895
147	214	157501
148	217	324343
149	220	97105
150	223	107558
151	226	269897
152	229	316939
153	232	124602
154	235	143124
155	238	168779
156	241	174904
157	244	154931
158	248	127234
159	251	156137
160	254	111770
161	257	274743
162	260	163673
163	264	159009
164	267	168075
165	270	206701
166	273	208226
167	277	166097
168	280	224744
169	283	160851
170	287	188253
171	290	186738
172	294	210461
173	297	154181
174	301	177117
175	304	158532
176	308	177725
177	311	212706
178	315	169582
179	318	328401
180	322	588018
181	325	163311
182	329	195887
183	333	521557
184	336	143121
185	340	167302
186	344	187593
187	347	672654
188	351	250821
189	355	164558
190	359	604903
191	362	183664
192	366	590987
193	370	243083
194	374	281205
195	378	218928
196	382	757081
197	386	230720
198	390	412272
199	394	219688
200	398	477441
201	402	211045
202	406	385994
203	410	223673
204	414	511419
205	418	754197
206	422	234933
207	426	732219
208	430	234678
209	434	308433
210	438	686767
211	443	174270
212	447	264982
213	451	782578
214	455	184354
215	460	224672
216	464	487521
217	468	249582
218	473	238326
219	477	268860
220	481	231566
221	486	188110
222	490	632783
223	495	444510
224	499	342188
225	504	251074
226	508	559176
227	513	371968
228	517	236160
229	522	355511
230	526	453718
231	531	318356
232	535	255495
233	540	328843
234	545	299040
235	549	298299
236	554	463117
237	559	400304
238	564	352156
239	568	344280
240	573	364881
241	578	337821
242	583	307949
243	588	282632
244	592	324875
245	597	337405
246	602	332481
247	607	281567
248	612	257949
249	617	309320
250	622	298572
251	627	728200
252	632	854527
253	637	726012
254	642	301445
255	647	858204
256	652	323763
257	657	315944
258	663	678083
259	668	331106
260	673	733655
261	678	740821
262	683	558661
263	689	254637
264	694	253741
265	699	270997
266	704	735091
267	710	747390
268	715	605232
269	720	304564
270	726	501602
271	731	317154
272	737	730396
273	742	789832
274	748	703144
275	753	620998
276	759	339357
277	764	345412
278	770	676120
279	775	621504
280	781	641283
281	786	834622
282	792	788400
283	798	981485
284	803	337395
285	809	348702
286	815	323983
287	820	410555
288	826	476233
289	832	625035
290	838	689741
291	843	394287
292	849	358297
293	855	416052
294	861	428506
295	867	398375
296	873	447072
297	879	425933
298	885	421177
299	891	974420
300	897	448404
301	903	471481
302	909	444363
303	915	438890
304	921	381717
305	927	436783
306	933	746501
307	939	1061007
308	945	449513
309	951	432536
310	957	451101
311	964	463240
312	970	441616
313	976	464980
314	982	468411
315	989	448947
316	995	403094
317	1001	469624
318	1008	473019
319	1014	497343
320	1020	696536
321	1027	403711
322	1033	458845
323	1040	449924
324	1046	408253
325	1053	549524
326	1059	415276
327	1066	419349
328	1072	433164
329	1079	463241
330	1085	516452
331	1092	502795
332	1098	486119
333	1105	434866
334	1112	436295
335	1118	450340
336	1125	456579
337	1132	476181
338	1139	504100
339	1145	443417
340	1152	954905
341	1159	630818
342	1166	487805
343	1173	479292
344	1179	460951
345	1186	860784
346	1193	473350
347	1200	483215
348	1207	492546
349	1214	838504
350	1221	457325
351	1228	870837
352	1235	520281
353	1242	865957
354	1249	493414
355	1256	664012
356	1263	469544
357	1270	887706
358	1278	528673
359	1285	760262
360	1292	510806
361	1299	529589
362	1306	661765
363	1314	1050499
364	1321	923637
365	1328	514893
366	1335	875479
367	1343	530672
368	1350	487440
369	1357	592341
370	1365	1077119
371	1372	518389
372	1380	513237
373	1387	766543
374	1395	556131
375	1402	760923
376	1410	913863
377	1417	966720
378	1425	1029790
379	1432	1016831
380	1440	560997
381	1447	1101830
382	1455	559136
383	1463	618020
384	1470	840505
385	1478	1129392
386	1486	847783
387	1493	1230794
388	1501	911851
389	1509	614515
390	1517	694287
391	1524	661037
392	1532	656009
393	1540	721192
394	1548	565255
395	1556	995415
396	1564	684421
397	1572	1215678
398	1580	690578
399	1588	689983
400	1596	762168
401	1604	674198
402	1612	1191491
403	1620	875765
404	1628	1424060
405	1636	671839
406	1644	669164
407	1652	703122
408	1660	1414300
409	1668	1281584
410	1676	1217396
411	1685	625050
412	1693	633086
413	1701	659403
414	1709	761221
415	1718	687148
416	1726	672067
417	1734	889236
418	1743	686698
419	1751	1711822
420	1759	762677
421	1768	653877
422	1776	941755
423	1785	710877
424	1793	1422347
425	1802	832743
426	1810	792681
427	1819	1326559
428	1827	1063497
429	1836	695488
430	1844	1350963
431	1853	1378027
432	1861	1217602
433	1870	820079
434	1879	787042
435	1887	1568408
436	1896	863609
437	1905	1735692
438	1914	823731
439	1922	1111489
440	1931	851745
441	1940	780425
442	1949	1386559
443	1958	1013443
444	1966	845864
445	1975	817190
446	1984	827929
447	1993	793907
448	2002	866799
449	2011	866498
450	2020	842689
451	2029	1594542
452	2038	862951
453	2047	840042
454	2056	923073
455	2065	1562407
456	2074	1638432
457	2083	1703840
458	2093	839363
459	2102	898300
460	2111	852694
461	2120	991959
462	2129	1619883
463	2139	925652
464	2148	898134
465	2157	1103168
466	2166	944293
467	2176	877771
468	2185	1432027
469	2194	1697243
470	2204	1633724
471	2213	1534785
472	2223	905378
473	2232	1607281
474	2242	1516949
475	2251	963058
476	2261	1616575
477	2270	1442684
478	2280	1713384
479	2289	1432639
480	2299	1078631
481	2308	935039
482	2318	933079
483	2328	907968
484	2337	1717871
485	2347	1577490
486	2357	1466290
487	2366	2972897
488	2376	1153416
489	2386	1055686
490	2396	1696497
491	2405	922363
492	2415	1061545
493	2425	2184151
494	2435	1512937
495	2445	1487672
496	2455	1639072
497	2465	1806295
498	2475	1843391
499	2485	1026404
500	2495	1779945
501	2505	1028306
502	2515	1944031
503	2525	1057889
504	2535	1076538
505	2545	1045277
506	2555	1984175
507	2565	1670029
508	2575	1074778
509	2585	1679223
510	2595	1122735
511	2606	1330407
512	2616	1076793
513	2626	1083646
514	2636	1649981
515	2647	1043760
516	2657	1065847
517	2667	1122201
518	2678	1720908
519	2688	1077956
520	2698	1056009
521	2709	1155168
522	2719	1101685
523	2730	2038206
524	2740	1078069
525	2751	1123245
526	2761	1811801
527	2772	1170005
528	2782	1098569
529	2793	1325210
530	2803	1074475
531	2814	1118727
532	2824	1652751
533	2835	1117628
534	2846	1106074
535	2856	1165436
536	2867	1149033
537	2878	2080185
538	2889	1345339
539	2899	1178746
540	2910	1211322
541	2921	1098859
542	2932	1235963
543	2943	1176319
544	2953	1213141
545	2964	1169074
546	2975	1308641
547	2986	1536499
548	2997	1192777
549	3008	1153693
550	3019	1266852
551	3030	1740188
552	3041	1207289
553	3052	1229805
554	3063	1654146
555	3074	1654113
556	3085	1170283
557	3096	1178050
558	3108	1191979
559	3119	1430885
560	3130	1283938
561	3141	1267091
562	3152	1816536
563	3164	1927114
564	3175	1223251
565	3186	1848562
566	3197	1265115
567	3209	1243702
568	3220	1322732
569	3231	1231749
570	3243	2038259
571	3254	1206856
572	3266	1397829
573	3277	1328295
574	3289	1249402
575	3300	1275410
576	3312	1251012
577	3323	2264178
578	3335	2012382
579	3346	1338045
580	3358	1681602
581	3369	1565577
582	3381	2010866
583	3393	2026586
584	3404	1350850
585	3416	1340524
586	3428	1415008
587	3439	1266493
588	3451	1327813
589	3463	1564021
590	3475	2032182
591	3486	1350443
592	3498	1291434
593	3510	2327527
594	3522	1321107
595	3534	1462564
596	3546	2086491
597	3558	1527624
598	3570	1438292
599	3582	2081793
600	3594	1364651
601	3606	2562802
602	3618	2128430
603	3630	1388989
604	3642	1570092
605	3654	1537572
606	3666	1702996
607	3678	1359596
608	3690	1383928
609	3702	1504501
610	3714	2418903
611	3727	2447102
612	3739	1532518
613	3751	1709443
614	3763	1429391
615	3776	2423631
616	3788	2750724
617	3800	2859018
618	3813	2005191
619	3825	1573601
620	3837	1540259
621	3850	2785243
622	3862	1534991
623	3875	2688712
624	3887	2381304
625	3900	1577841
626	3912	1607856
627	3925	2063274
628	3937	1776914
629	3950	1637098
630	3962	2402651
631	3975	2268721
632	3987	2220468
633	4000	1666067
634	4013	1567850
635	4025	1679815
636	4038	2519333
637	4051	3037375
638	4064	1581729
639	4076	1805423
640	4089	1703553
641	4102	1571147
642	4115	1650126
643	4128	2506959
644	4140	2299001
645	4153	2435062
646	4166	1623282
647	4179	1664710
648	4192	1625800
649	4205	2497525
650	4218	1535319
651	4231	1750694
652	4244	1750768
653	4257	1675811
654	4270	1713556
655	4283	1746044
656	4296	1881474
657	4309	2652592
658	4323	2486488
659	4336	2718568
660	4349	1816570
661	4362	1813542
662	4375	2548978
663	4389	1982969
664	4402	2639201
665	4415	1758531
666	4428	1757864
667	4442	2679924
668	4455	1864208
669	4468	1809622
670	4482	1801173
671	4495	3009980
672	4509	1936680
673	4522	1696746
674	4536	1845363
675	4549	1841003
676	4563	2317787
677	4576	2351662
678	4590	1764810
679	4603	1788281
680	4617	2711260
681	4630	1777272
682	4644	1817484
683	4658	3118771
684	4671	2726307
685	4685	1788704
686	4699	2877773
687	4712	1819654
688	4726	1920366
689	4740	2778056
690	4754	1847183
691	4767	1819585
692	4781	2549975
693	4795	1840102
694	4809	1898920
695	4823	3057535
696	4837	1948757
697	4851	3403492
698	4865	1824683
699	4879	1890552
700	4893	1993711
701	4907	1875657
702	4921	2743058
703	4935	1995667
704	4949	2000499
705	4963	2377071
706	4977	1862925
707	4991	1890975
708	5005	1862331
709	5019	1886146
710	5033	1890959
711	5048	1924551
712	5062	1938786
713	5076	3374109
714	5090	1948915
715	5105	1926279
716	5119	2932705
717	5133	3222752
718	5148	2975164
719	5162	2672076
720	5176	2090685
721	5191	1947345
722	5205	2460212
723	5220	2071041
724	5234	2764976
725	5249	2522473
726	5263	2169757
727	5278	2111311
728	5292	2156557
729	5307	2021853
730	5321	2042585
731	5336	2082243
732	5350	2284818
733	5365	2275641
734	5380	2104705
735	5394	2041598
736	5409	2093610
737	5424	2038537
738	5439	2054572
739	5453	1997300
740	5468	3033201
741	5483	2168024
742	5498	2096317
743	5513	2107161
744	5527	2050653
745	5542	2115495
746	5557	2140980
747	5572	2109423
748	5587	2083291
749	5602	2252849
750	5617	2856923
751	5632	2135386
752	5647	2180818
753	5662	2072069
754	5677	2835486
755	5692	2656576
756	5707	3850288
757	5722	2270748
758	5738	2155248
759	5753	2198426
760	5768	2362655
761	5783	2218111
762	5798	2245592
763	5814	2104514
764	5829	2970845
765	5844	3257422
766	5859	3226597
767	5875	2386215
768	5890	2188859
769	5905	2233381
770	5921	2264787
771	5936	2046647
772	5952	2172631
773	5967	2405136
774	5983	2413579
775	5998	3973501
776	6014	3268535
777	6029	2155988
778	6045	3281034
779	6060	2166205
780	6076	2600804
781	6091	2422358
782	6107	2283353
783	6123	3151000
784	6138	2254855
785	6154	2187465
786	6170	2301071
787	6185	2273806
788	6201	2274523
789	6217	2444575
790	6233	2249138
791	6248	2216415
792	6264	2364970
793	6280	2474303
794	6296	3259692
795	6312	2292524
796	6328	2266689
797	6344	2252190
798	6360	2302312
799	6376	2329900
800	6392	2277731
801	6408	2429555
802	6424	2791928
803	6440	2170325
804	6456	4358016
805	6472	2313628
806	6488	2414968
807	6504	2301818
808	6520	2907898
809	6536	2318684
810	6552	2381523
811	6569	3210512
812	6585	3958348
813	6601	2337591
814	6617	2419436
815	6634	2438798
816	6650	2421312
817	6666	3624814
818	6683	2430333
819	6699	2360022
820	6715	2364382
821	6732	3888497
822	6748	2461300
823	6765	2380042
824	6781	2381590
825	6798	2409555
826	6814	2339567
827	6831	3465317
828	6847	2599359
829	6864	2380303
830	6880	2445420
831	6897	2462489
832	6913	2420296
833	6930	2395425
834	6947	2429421
835	6963	3746815
836	6980	2634240
837	6997	2528020
838	7014	2478702
839	7030	2586520
840	7047	2759374
841	7064	4208333
842	7081	5010326
843	7098	2607122
844	7114	2576397
845	7131	2438087
846	7148	3198221
847	7165	2616444
848	7182	2716409
849	7199	2504981
850	7216	2503145
851	7233	2520711
852	7250	2614139
853	7267	2508176
854	7284	2657494
855	7301	3570039
856	7318	2772030
857	7335	2572348
858	7353	2637239
859	7370	2586695
860	7387	2795914
861	7404	2669273
862	7421	2938929
863	7439	2644704
864	7456	3043491
865	7473	3138248
866	7490	2987647
867	7508	2996652
868	7525	3047222
869	7542	4699923
870	7560	4516987
871	7577	5350349
872	7595	2970620
873	7612	2974733
874	7630	3919636
875	7647	3080677
876	7665	4694790
877	7682	3135358
878	7700	3041837
879	7717	2994120
880	7735	3447520
881	7752	4523974
882	7770	3175342
883	7788	3107289
884	7805	3083462
885	7823	3060685
886	7841	3063360
887	7858	3006913
888	7876	3200763
889	7894	3263192
890	7912	3106823
891	7929	3347006
892	7947	4272743
893	7965	3062483
894	7983	3288492
895	8001	3131228
896	8019	3269635
897	8037	3224846
898	8055	3127753
899	8073	3061194
900	8091	5109551
901	8109	4649160
902	8127	4813417
903	8145	3320665
904	8163	3166543
905	8181	3285709
906	8199	3144678
907	8217	3281789
908	8235	4441592
909	8253	4330509
910	8271	3286057
911	8290	3186031
912	8308	3382015
913	8326	6036316
914	8344	3278313
915	8363	4598871
916	8381	3582298
917	8399	3349236
918	8418	3285587
919	8436	3238926
920	8454	3453664
921	8473	3711404
922	8491	4912839
923	8510	3536262
924	8528	3379208
925	8547	3285259
926	8565	3258021
927	8584	4837254
928	8602	3296161
929	8621	3287918
930	8639	3408399
931	8658	3458165
932	8676	3364022
933	8695	4907797
934	8714	3920334
935	8732	6291223
936	8751	5330463
937	8770	3523330
938	8789	3608889
939	8807	3384392
940	8826	4862016
941	8845	3513128
942	8864	4659954
943	8883	3502255
944	8901	3371410
945	8920	3713985
946	8939	3441901
947	8958	3464293
948	8977	3850652
949	8996	3558755
950	9015	3584344
951	9034	3500520
952	9053	3426135
953	9072	3578065
954	9091	5070965
955	9110	3712191
956	9129	4904508
957	9148	3720309
958	9168	3820051
959	9187	3696861
960	9206	3505360
961	9225	4020199
962	9244	3726390
963	9264	3701854
964	9283	3731666
965	9302	3869405
966	9321	3737171
967	9341	3863847
968	9360	3866383
969	9379	5020037
970	9399	4152019
971	9418	4170884
972	9438	3846843
973	9457	4371866
974	9477	4892511
975	9496	4440095
976	9516	5060445
977	9535	3639053
978	9555	3800674
979	9574	3707931
980	9594	3651086
981	9613	3870364
982	9633	5053117
983	9653	3979476
984	9672	4061163
985	9692	3953520
986	9712	3664285
987	9731	3889361
988	9751	7054733
989	9771	3996985
990	9791	4014132
991	9810	3853673
992	9830	3772565
993	9850	3715478
994	9870	5206648
995	9890	3697604
996	9910	3862512
997	9930	3762781
998	9950	3912841
999	9970	3782094
1000	9990	3856763
1001	10010	3814492
1002	10030	3955593
1003	10050	3781786
1004	10070	3804865
1005	10090	3992287
1006	10110	3859457
1007	10130	4706726
1008	10150	4961562
1009	10170	3816952
1010	10190	3898835
1011	10211	3788756
1012	10231	5117376
1013	10251	5062065
1014	10271	3907805
1015	10292	4283976
1016	10312	3906828
1017	10332	3878270
1018	10353	3942606
1019	10373	4934280
1020	10393	4050062
1021	10414	4003061
1022	10434	4347241
1023	10455	3927804
1024	10475	3938876
1025	10496	3925397
1026	10516	3864475
1027	10537	5045283
1028	10557	6235430
1029	10578	4979827
1030	10598	3871324
1031	10619	3738868
1032	10639	3909305
1033	10660	3838295
1034	10681	4073538
1035	10701	4199412
1036	10722	3902889
1037	10743	3853698
1038	10764	5181974
1039	10784	4026049
1040	10805	5187604
1041	10826	4046953
1042	10847	4420207
1043	10868	4117090
1044	10888	4005050
1045	10909	4044171
1046	10930	4243944
1047	10951	4050790
1048	10972	5005944
1049	10993	5211979
1050	11014	3903906
1051	11035	5096300
1052	11056	4623042
1053	11077	4324228
1054	11098	3995622
1055	11119	3884102
1056	11140	3919630
1057	11161	4108460
1058	11183	3934359
1059	11204	4462862
1060	11225	4117582
1061	11246	4218955
1062	11267	4085355
1063	11289	4221549
1064	11310	3872739
1065	11331	4264222
1066	11352	6783854
1067	11374	5513903
1068	11395	5069207
1069	11416	4387475
1070	11438	4995472
1071	11459	6634109
1072	11481	5393012
1073	11502	5395949
1074	11524	5209895
1075	11545	4274780
1076	11567	4233503
1077	11588	5376041
1078	11610	4140402
1079	11631	4132112
1080	11653	4216995
1081	11674	4222656
1082	11696	4501668
1083	11718	4241619
1084	11739	4222911
1085	11761	4175372
1086	11783	4214995
1087	11804	4284189
1088	11826	4362788
1089	11848	5344337
1090	11870	4166806
1091	11891	6742757
1092	11913	5922159
1093	11935	4632226
1094	11957	4379613
1095	11979	4326827
1096	12001	7062237
1097	12023	4635083
1098	12045	4162208
1099	12067	4232490
1100	12089	4396897
1101	12111	4344015
1102	12133	4248689
1103	12155	5205664
1104	12177	4645744
1105	12199	5883804
1106	12221	5685401
1107	12243	4273726
1108	12265	5445541
1109	12287	4571085
1110	12309	4479200
1111	12332	5730675
1112	12354	4536161
1113	12376	6129088
1114	12398	4620893
1115	12421	4771217
1116	12443	6019743
1117	12465	4705716
1118	12488	5675947
1119	12510	4979785
1120	12532	5092261
1121	12555	6059477
1122	12577	4750822
1123	12600	4904850
1124	12622	5597507
1125	12645	4600790
1126	12667	6126778
1127	12690	4509376
1128	12712	6223736
1129	12735	4599539
1130	12757	6111115
1131	12780	5936836
1132	12802	4973982
1133	12825	4639625
1134	12848	4588847
1135	12870	4770602
1136	12893	5855577
1137	12916	5812151
1138	12939	6315352
1139	12961	4595556
1140	12984	4550359
1141	13007	4648038
1142	13030	4652326
1143	13053	4615680
1144	13075	4598976
1145	13098	4639228
1146	13121	5180741
1147	13144	4819199
1148	13167	6043877
1149	13190	6211339
1150	13213	9984905
1151	13236	4887390
1152	13259	4692923
1153	13282	5481103
1154	13305	5095183
1155	13328	5347736
1156	13351	4837607
1157	13374	6307948
1158	13398	5143622
1159	13421	5534403
1160	13444	4854358
1161	13467	4916257
1162	13490	4657927
1163	13514	5089379
1164	13537	5168795
1165	13560	5208546
1166	13583	4870574
1167	13607	4807732
1168	13630	5025374
1169	13653	4750048
1170	13677	4876757
1171	13700	4984933
1172	13724	4806289
1173	13747	4758735
1174	13771	4879778
1175	13794	4977666
1176	13818	5207259
1177	13841	5254856
1178	13865	6104785
1179	13888	5035798
1180	13912	5300799
1181	13935	5036451
1182	13959	4894788
1183	13983	5025055
1184	14006	6496992
1185	14030	5247173
1186	14054	6378796
1187	14077	5177276
1188	14101	5083633
1189	14125	5119976
1190	14149	5182883
1191	14172	6521971
1192	14196	5084650
1193	14220	5180858
1194	14244	5181788
1195	14268	4998390
1196	14292	6097578
1197	14316	5386736
1198	14340	5125140
1199	14364	5375577
1200	14388	5098014
1201	14412	5205850
1202	14436	5629394
1203	14460	5286071
1204	14484	5034459
1205	14508	6604636
1206	14532	8049610
1207	14556	5258615
1208	14580	6807643
1209	14604	5343255
1210	14628	5446838
1211	14653	5439704
1212	14677	5356029
1213	14701	5458627
1214	14725	5233431
1215	14750	5197594
1216	14774	5572236
1217	14798	5694218
1218	14823	5426102
1219	14847	5481878
1220	14871	5915113
1221	14896	5508098
1222	14920	7191259
1223	14945	5745416
1224	14969	5903514
1225	14994	5446816
1226	15018	6207632
1227	15043	5625605
1228	15067	7421507
1229	15092	5494986
1230	15116	5488426
1231	15141	5576546
1232	15165	5646324
1233	15190	7023549
1234	15215	6058835
1235	15239	5608214
1236	15264	5768137
1237	15289	6437679
1238	15314	6016500
1239	15338	5615417
1240	15363	8535841
1241	15388	6071796
1242	15413	7743416
1243	15438	5826052
1244	15462	6071747
1245	15487	6182137
1246	15512	6122716
1247	15537	5687223
1248	15562	6176181
1249	15587	5946877
1250	15612	6055169
1251	15637	8165545
1252	15662	5547675
1253	15687	6122420
1254	15712	5935820
1255	15737	7104838
1256	15762	7100641
1257	15787	6018752
1258	15813	5932782
1259	15838	5750441
1260	15863	5941424
1261	15888	5981172
1262	15913	5826537
1263	15939	5878133
1264	15964	6429797
1265	15989	7546524
1266	16014	6233401
1267	16040	6027389
1268	16065	6022995
1269	16090	6049833
1270	16116	7592452
1271	16141	7457152
1272	16167	5862007
1273	16192	6132531
1274	16218	5932185
1275	16243	6374276
1276	16269	7326653
1277	16294	5977879
1278	16320	6143574
1279	16345	5999497
1280	16371	6008295
1281	16396	6634952
1282	16422	8464565
1283	16448	6366060
1284	16473	6418838
1285	16499	6368222
1286	16525	6667333
1287	16550	6319358
1288	16576	6530364
1289	16602	7135396
1290	16628	6197059
1291	16653	6612061
1292	16679	6370510
1293	16705	6454008
1294	16731	6292482
1295	16757	6519564
1296	16783	6407623
1297	16809	6445682
1298	16835	6469373
1299	16861	6192702
1300	16887	6292548
1301	16913	7662132
1302	16939	6691595
1303	16965	6546843
1304	16991	6321043
1305	17017	6808058
1306	17043	6461574
1307	17069	6371736
1308	17095	7973331
1309	17121	6673994
1310	17147	6645950
1311	17174	6617020
1312	17200	6957992
1313	17226	7058008
1314	17252	8599172
1315	17279	8161029
1316	17305	9352067
1317	17331	7117605
1318	17358	6755773
1319	17384	7197493
1320	17410	7801796
1321	17437	6698530
1322	17463	9607374
1323	17490	6716387
1324	17516	6604623
1325	17543	6587668
1326	17569	10745973
1327	17596	7555375
1328	17622	6735464
1329	17649	8199156
1330	17675	8394823
1331	17702	6495252
1332	17728	7006218
1333	17755	8437849
1334	17782	6732199
1335	17808	7331021
1336	17835	8435974
1337	17862	6464199
1338	17889	8211424
1339	17915	8282339
1340	17942	7273429
1341	17969	7364714
1342	17996	7107875
1343	18023	8083969
1344	18049	10782050
1345	18076	8617689
1346	18103	6739757
1347	18130	7365531
1348	18157	7301135
1349	18184	12109435
1350	18211	6723595
1351	18238	7123776
1352	18265	7997111
1353	18292	6991336
1354	18319	7319289
1355	18346	7340973
1356	18373	8319535
1357	18400	7565320
1358	18428	7014935
1359	18455	7273119
1360	18482	7092320
1361	18509	7306407
1362	18536	7325495
1363	18564	7370495
1364	18591	7405185
1365	18618	7546359
1366	18645	7663045
1367	18673	9476594
1368	18700	8198988
1369	18727	7648743
1370	18755	7541264
1371	18782	7337522
1372	18810	7700886
1373	18837	7353508
1374	18865	7478153
1375	18892	9207350
1376	18920	7423562
1377	18947	8149643
1378	18975	7693247
1379	19002	7741295
1380	19030	8086724
1381	19057	9112195
1382	19085	8105326
1383	19113	7607106
1384	19140	9736341
1385	19168	7669077
1386	19196	8026203
1387	19223	7634395
1388	19251	10278217
1389	19279	7654204
1390	19307	7760436
1391	19334	9571565
1392	19362	8309757
1393	19390	7473305
1394	19418	8751436
1395	19446	10139051
1396	19474	7753780
1397	19502	9528858
1398	19530	7568533
1399	19558	7920045
1400	19586	9461421
1401	19614	7713342
1402	19642	8304559
1403	19670	7774445
1404	19698	7944587
1405	19726	7950255
1406	19754	7664227
1407	19782	7919967
1408	19810	7952707
1409	19838	9704887
1410	19866	8392550
1411	19895	9663686
1412	19923	7794684
1413	19951	8030660
1414	19979	8119005
1415	20008	8365979
1416	20036	7912788
1417	20064	7967912
1418	20093	9672089
1419	20121	8056303
1420	20149	7868982
1421	20178	8431341
1422	20206	8065040
1423	20235	7870844
1424	20263	9628583
1425	20292	8297765
1426	20320	9948829
1427	20349	8806520
1428	20377	9330816
1429	20406	12478489
1430	20434	15224671
1431	20463	8638512
1432	20491	8171885
1433	20520	9788267
1434	20549	8183836
1435	20577	8192896
1436	20606	8535995
1437	20635	11736869
1438	20664	8410784
1439	20692	10078853
1440	20721	8417806
1441	20750	8252163
1442	20779	8446853
1443	20808	8231984
1444	20836	10081705
1445	20865	8606271
1446	20894	8263693
1447	20923	8376797
1448	20952	8231750
1449	20981	8454275
1450	21010	8625671
1451	21039	11654661
1452	21068	8163035
1453	21097	8351344
1454	21126	8586796
1455	21155	10232908
1456	21184	11552209
1457	21213	8907561
1458	21243	8815311
1459	21272	8554487
1460	21301	10481426
1461	21330	8425685
1462	21359	10238947
1463	21389	8383160
1464	21418	9301593
1465	21447	8398076
1466	21476	8689881
1467	21506	8365523
1468	21535	8767134
1469	21564	8444501
1470	21594	10686542
1471	21623	8662507
1472	21653	9886165
1473	21682	8547354
1474	21712	8577093
1475	21741	10479561
1476	21771	10121578
1477	21800	13645181
1478	21830	8596503
1479	21859	10175621
1480	21889	10573360
1481	21918	8785777
1482	21948	8689900
1483	21978	10254119
1484	22007	9579289
1485	22037	9473442
1486	22067	8626080
1487	22096	8541286
1488	22126	8860113
1489	22156	9126289
1490	22186	8617926
1491	22215	8622660
1492	22245	10922295
1493	22275	10657176
1494	22305	9123758
1495	22335	8966140
1496	22365	8718248
1497	22395	8631641
1498	22425	13009674
1499	22455	8849186
1500	22485	8647896
1501	22515	8829051
1502	22545	9144565
1503	22575	11809805
1504	22605	9064354
1505	22635	9043896
1506	22665	8841310
1507	22695	9679210
1508	22725	9262772
1509	22755	11089442
1510	22785	11510782
1511	22816	9818028
1512	22846	9216089
1513	22876	8892049
1514	22906	9352165
1515	22937	8999757
1516	22967	13433118
1517	22997	9381849
1518	23028	11462013
1519	23058	9215704
1520	23088	9909411
1521	23119	8808350
1522	23149	11379259
1523	23180	9186137
1524	23210	9613556
1525	23241	11112377
1526	23271	9249420
1527	23302	8985883
1528	23332	9369762
1529	23363	10042157
1530	23393	8958846
1531	23424	9251073
1532	23454	10574597
1533	23485	12764901
1534	23516	9079728
1535	23546	10211077
1536	23577	11321751
1537	23608	11693013
1538	23639	9174373
1539	23669	10024130
1540	23700	11330417
1541	23731	9069436
1542	23762	9329885
1543	23793	9488893
1544	23823	9203853
1545	23854	9586009
1546	23885	9634642
1547	23916	9203751
1548	23947	9287397
1549	23978	10432536
1550	24009	10004472
1551	24040	11483403
1552	24071	9514249
1553	24102	9459730
1554	24133	11586304
1555	24164	9275398
1556	24195	9638562
1557	24226	9332316
1558	24258	9239679
1559	24289	9154762
1560	24320	9396374
1561	24351	11367716
1562	24382	9998552
1563	24414	9907783
1564	24445	9652451
1565	24476	9621951
1566	24507	10051397
1567	24539	9363604
1568	24570	9405885
1569	24601	9751640
1570	24633	9790205
1571	24664	9830470
1572	24696	12282538
1573	24727	10692078
1574	24759	16701053
1575	24790	9864734
1576	24822	10388300
1577	24853	10612360
1578	24885	9598375
1579	24916	9992118
1580	24948	9602790
1581	24979	9402414
1582	25011	9774274
1583	25043	9613270
1584	25074	9818815
1585	25106	9947962
1586	25138	9641243
1587	25169	12272392
1588	25201	10105959
1589	25233	9572516
1590	25265	9942496
1591	25296	9938962
1592	25328	10074604
1593	25360	10193141
1594	25392	9550500
1595	25424	11844398
1596	25456	9925686
1597	25488	9823209
1598	25520	12565071
1599	25552	10206467
1600	25584	10140088
1601	25616	9770994
1602	25648	11281083
1603	25680	9771472
1604	25712	10393673
1605	25744	9699740
1606	25776	10405507
1607	25808	10028852
1608	25840	15092622
1609	25872	12215250
1610	25904	9856370
1611	25937	9705054
1612	25969	10432758
1613	26001	10222167
1614	26033	9983018
1615	26066	9901540
1616	26098	12514932
1617	26130	12714780
1618	26163	10006257
1619	26195	10359915
1620	26227	10536250
1621	26260	12181996
1622	26292	11340979
1623	26325	11359041
1624	26357	10506962
1625	26390	10233887
1626	26422	10065481
1627	26455	10467970
1628	26487	10595222
1629	26520	12467462
1630	26552	12385507
1631	26585	10106863
1632	26617	12962971
1633	26650	12807973
1634	26683	10555048
1635	26715	10203924
1636	26748	10196073
1637	26781	10543715
1638	26814	13387835
1639	26846	10643889
1640	26879	11003914
1641	26912	10156674
1642	26945	13090907
1643	26978	11727659
1644	27010	10262629
1645	27043	11033662
1646	27076	10923595
1647	27109	12508036
1648	27142	13091786
1649	27175	10307519
1650	27208	12298457
1651	27241	10706514
1652	27274	10496289
1653	27307	10597474
1654	27340	11607135
1655	27373	10897084
1656	27406	10218564
1657	27439	11371947
1658	27473	10812491
1659	27506	10750293
1660	27539	10671230
1661	27572	10901959
1662	27605	10493473
1663	27639	10526037
1664	27672	10474648
1665	27705	10627780
1666	27738	10625376
1667	27772	10932157
1668	27805	10681190
1669	27838	11035714
1670	27872	12464472
1671	27905	10574145
1672	27939	10403515
1673	27972	10730947
1674	28006	10740220
1675	28039	10942470
1676	28073	12876070
1677	28106	10378477
1678	28140	10950657
1679	28173	10799428
1680	28207	11070801
1681	28240	10871014
1682	28274	11087448
1683	28308	11265429
1684	28341	10762939
1685	28375	10978855
1686	28409	10940348
1687	28442	10552939
1688	28476	10778420
1689	28510	10794474
1690	28544	13745588
1691	28577	17443596
1692	28611	11261491
1693	28645	10996794
1694	28679	11575356
1695	28713	11801929
1696	28747	14291796
1697	28781	10733597
1698	28815	15128154
1699	28849	11279087
1700	28883	16623964
1701	28917	13786502
1702	28951	10878782
1703	28985	10901550
1704	29019	11000611
1705	29053	13355499
1706	29087	11165592
1707	29121	13162646
1708	29155	16423462
1709	29189	11522917
1710	29223	11328793
1711	29258	11285734
1712	29292	19091115
1713	29326	12625066
1714	29360	11686290
1715	29395	11301515
1716	29429	10936404
1717	29463	18133187
1718	29498	11078607
1719	29532	11606480
1720	29566	11007587
1721	29601	11800897
1722	29635	11691730
1723	29670	11183715
1724	29704	11912686
1725	29739	10964278
1726	29773	11414310
1727	29808	11390785
1728	29842	13438144
1729	29877	13343155
1730	29911	13427188
1731	29946	13896218
1732	29980	11196504
1733	30015	11279074
1734	30050	11421405
1735	30084	11968753
1736	30119	11644557
1737	30154	11437291
1738	30189	11742154
1739	30223	15073622
1740	30258	11457687
1741	30293	11784108
1742	30328	11488417
1743	30363	15769878
1744	30397	13461592
1745	30432	12048821
1746	30467	14299395
1747	30502	11785195
1748	30537	11717792
1749	30572	11301167
1750	30607	11430228
1751	30642	11505471
1752	30677	11600647
1753	30712	12203079
1754	30747	12640956
1755	30782	15001437
1756	30817	11988203
1757	30852	13357040
1758	30888	13267951
1759	30923	16021355
1760	30958	12150362
1761	30993	11751473
1762	31028	11564464
1763	31064	11975069
1764	31099	10921645
1765	31134	11787659
1766	31169	12023123
1767	31205	12187643
1768	31240	13405443
1769	31275	12011239
1770	31311	12036179
1771	31346	12956013
1772	31382	12457669
1773	31417	14253540
1774	31453	12154941
1775	31488	11758353
1776	31524	14184508
1777	31559	12470987
1778	31595	11434867
1779	31630	18468056
1780	31666	14178796
1781	31701	12028999
1782	31737	17722655
1783	31773	11824466
1784	31808	12207606
1785	31844	12035261
1786	31880	12493651
1787	31915	12032713
1788	31951	11822954
1789	31987	14212531
1790	32023	12853624
1791	32058	12247892
1792	32094	16909719
1793	32130	17859128
1794	32166	14373478
1795	32202	15911361
1796	32238	16125181
1797	32274	13568647
1798	32310	14729806
1799	32346	14397781
1800	32382	24269941
1801	32418	13641510
1802	32454	14664400
1803	32490	21459168
1804	32526	18805896
1805	32562	16076608
1806	32598	16156777
1807	32634	15237447
1808	32670	15002052
1809	32706	16806283
1810	32742	14244376
1811	32779	16865858
1812	32815	15705404
1813	32851	17159963
1814	32887	13393504
1815	32924	17527466
1816	32960	17510664
1817	32996	14598795
1818	33033	14612200
1819	33069	16378613
1820	33105	15023295
1821	33142	14131810
1822	33178	17794885
1823	33215	15330101
1824	33251	16819261
1825	33288	14666507
1826	33324	16829904
1827	33361	18311833
1828	33397	16570218
1829	33434	16522820
1830	33470	18104963
1831	33507	18624412
1832	33543	17385882
1833	33580	16088085
1834	33617	14586384
1835	33653	18987205
1836	33690	15186175
1837	33727	19625729
1838	33764	15632271
1839	33800	14486746
1840	33837	19349877
1841	33874	16635986
1842	33911	16683179
1843	33948	16429419
1844	33984	21003023
1845	34021	17983234
1846	34058	15795568
1847	34095	17419433
1848	34132	16630433
1849	34169	17029179
1850	34206	15889325
1851	34243	16012722
1852	34280	15788996
1853	34317	18274647
1854	34354	15685444
1855	34391	15347815
1856	34428	16655062
1857	34465	14981173
1858	34503	15680195
1859	34540	17320986
1860	34577	15239003
1861	34614	18004517
1862	34651	17025643
1863	34689	15053086
1864	34726	14919272
1865	34763	17762511
1866	34800	15712986
1867	34838	14779297
1868	34875	17253672
1869	34912	16810418
1870	34950	15761351
1871	34987	17863455
1872	35025	17990470
1873	35062	15011044
1874	35100	18685643
1875	35137	18457164
1876	35175	15269144
1877	35212	15294478
1878	35250	15258638
1879	35287	16658931
1880	35325	15510845
1881	35362	14068840
1882	35400	16069655
1883	35438	15987204
1884	35475	15954518
1885	35513	15228978
1886	35551	15553568
1887	35588	13742755
1888	35626	16323457
1889	35664	15383923
1890	35702	17179225
1891	35739	15165254
1892	35777	15299307
1893	35815	16529463
1894	35853	18597089
1895	35891	15526709
1896	35929	15746500
1897	35967	19101028
1898	36005	15824611
1899	36043	15507712
1900	36081	15153700
1901	36119	18081452
1902	36157	16487560
1903	36195	17305695
1904	36233	19368000
1905	36271	15306583
1906	36309	18279402
1907	36347	15288070
1908	36385	18759246
1909	36423	16318740
1910	36461	15721089
1911	36500	17080100
1912	36538	15469794
1913	36576	16830274
1914	36614	15036423
1915	36653	15501555
1916	36691	15454873
1917	36729	17493362
1918	36768	15413692
1919	36806	14657870
1920	36844	17263525
1921	36883	19521931
1922	36921	19245582
1923	36960	16861009
1924	36998	16002632
1925	37037	15820990
1926	37075	16327752
1927	37114	18497027
1928	37152	15665517
1929	37191	15671850
1930	37229	16806368
1931	37268	18052895
1932	37306	18066251
1933	37345	15406340
1934	37384	16604907
1935	37422	15193850
1936	37461	17417540
1937	37500	15145960
1938	37539	17581562
1939	37577	17427613
1940	37616	16031778
1941	37655	15942115
1942	37694	16587387
1943	37733	18340140
1944	37771	18210711
1945	37810	21505321
1946	37849	16108473
1947	37888	17608912
1948	37927	17250994
1949	37966	16648347
1950	38005	15259963
1951	38044	22340104
1952	38083	19053679
1953	38122	19900639
1954	38161	15281438
1955	38200	17494953
1956	38239	16693335
1957	38278	15945840
1958	38318	15541847
1959	38357	16262959
1960	38396	16241601
1961	38435	16571602
1962	38474	16945759
1963	38514	16407457
1964	38553	15781553
1965	38592	17122066
1966	38631	16303419
1967	38671	17435063
1968	38710	22157999
1969	38749	20108369
1970	38789	18455981
1971	38828	20367647
1972	38868	16049468
1973	38907	16773577
1974	38947	16709802
1975	38986	16362478
1976	39026	21430414
1977	39065	17331728
1978	39105	16904473
1979	39144	15734048
1980	39184	17413942
1981	39223	19177688
1982	39263	17605077
1983	39303	15468278
1984	39342	16451557
1985	39382	22664555
1986	39422	21993291
1987	39461	17005139
1988	39501	18411864
1989	39541	18274200
1990	39581	22575218
1991	39620	16818450
1992	39660	16877036
1993	39700	18335520
1994	39740	16715303
1995	39780	17342426
1996	39820	15716548
1997	39860	15679311
1998	39900	18436773
1999	39940	17260346
2000	39980	17052930
2001	40020	21037828
2002	40060	16770163
2003	40100	22649496
2004	40140	17404899
2005	40180	17137849
2006	40220	20710162
2007	40260	16699063
2008	40300	16610434
2009	40340	17076135
2010	40380	17036517
2011	40421	19118485
2012	40461	19922011
2013	40501	17612446
2014	40541	16743473
2015	40582	16242495
2016	40622	17699441
2017	40662	15623663
2018	40703	18998026
2019	40743	18552813
2020	40783	15960385
2021	40824	16566453
2022	40864	16899178
2023	40905	19962231
2024	40945	15873959
2025	40986	16893165
2026	41026	17769370
2027	41067	16387072
2028	41107	17009769
2029	41148	17151767
2030	41188	17408211
2031	41229	17290065
2032	41269	17462789
2033	41310	17723542
2034	41351	16816308
2035	41391	19107627
2036	41432	16072487
2037	41473	20654621
2038	41514	17658997
2039	41554	19002599
2040	41595	20355199
2041	41636	16723962
2042	41677	17795646
2043	41718	18712808
2044	41758	17365467
2045	41799	17924180
2046	41840	18318251
2047	41881	17944087
2048	41922	22521868
2049	41963	19613750
2050	42004	16392670
2051	42045	19469752
2052	42086	19654317
2053	42127	15819978
2054	42168	16374232
2055	42209	22974631
2056	42250	17032099
2057	42291	17308134
2058	42333	17445311
2059	42374	19378027
2060	42415	18254887
2061	42456	20632740
2062	42497	16850816
2063	42539	17260781
2064	42580	18552717
2065	42621	16407972
2066	42662	17376534
2067	42704	16867384
2068	42745	18180328
2069	42786	17132993
2070	42828	16869829
2071	42869	20741639
2072	42911	20110530
2073	42952	17122209
2074	42994	19366259
2075	43035	19369431
2076	43077	18204307
2077	43118	19246557
2078	43160	16745490
2079	43201	17814970
2080	43243	20448704
2081	43284	23071006
2082	43326	16884711
2083	43368	17355563
2084	43409	21516934
2085	43451	17572583
2086	43493	21629041
2087	43534	17845540
2088	43576	16852257
2089	43618	17038138
2090	43660	19475047
2091	43701	17026447
2092	43743	21755963
2093	43785	21114897
2094	43827	20024244
2095	43869	17731136
2096	43911	16802572
2097	43953	20975805
2098	43995	18758320
2099	44037	18270207
2100	44079	20512855
2101	44121	16758451
2102	44163	16998142
2103	44205	18172846
2104	44247	17523764
2105	44289	16987872
2106	44331	18546101
2107	44373	17669409
2108	44415	17955306
2109	44457	21663742
2110	44499	17488305
2111	44542	19778261
2112	44584	17615122
2113	44626	19123675
2114	44668	20981114
2115	44711	16739181
2116	44753	19510994
2117	44795	18970314
2118	44838	21031011
2119	44880	17084818
2120	44922	17768608
2121	44965	18554048
2122	45007	17729555
2123	45050	17058746
2124	45092	18071023
2125	45135	17639386
2126	45177	18256565
2127	45220	17658718
2128	45262	17010135
2129	45305	17706314
2130	45347	20686928
2131	45390	17356439
2132	45432	17622692
2133	45475	18073356
2134	45518	17363475
2135	45560	17419452
2136	45603	17750182
2137	45646	18758008
2138	45689	18449688
2139	45731	18109251
2140	45774	17371677
2141	45817	20752412
2142	45860	17749144
2143	45903	18795018
2144	45945	20758803
2145	45988	17610663
2146	46031	17690619
2147	46074	17882593
2148	46117	18165078
2149	46160	18535185
2150	46203	18213621
2151	46246	18404045
2152	46289	17940656
2153	46332	18099053
2154	46375	17915620
2155	46418	18940141
2156	46461	19198772
2157	46504	18519536
2158	46548	18282204
2159	46591	17501215
2160	46634	17798951
2161	46677	17439031
2162	46720	21482225
2163	46764	20137992
2164	46807	23771731
2165	46850	26085742
2166	46893	21725875
2167	46937	19736138
2168	46980	18926593
2169	47023	17973487
2170	47067	18479166
2171	47110	19977058
2172	47154	17948294
2173	47197	18068197
2174	47241	19436784
2175	47284	19632761
2176	47328	18187542
2177	47371	18369604
2178	47415	21368861
2179	47458	21710657
2180	47502	18715873
2181	47545	18924849
2182	47589	19436197
2183	47633	18561580
2184	47676	19460267
2185	47720	18326613
2186	47764	19046364
2187	47807	18683855
2188	47851	18711128
2189	47895	19613862
2190	47939	18620110
2191	47982	18553591
2192	48026	19334771
2193	48070	18784631
2194	48114	21441182
2195	48158	19352063
2196	48202	18486126
2197	48246	18242947
2198	48290	19003589
2199	48334	19307664
2200	48378	18618845
2201	48422	21499576
2202	48466	18483651
2203	48510	19787919
2204	48554	19343880
2205	48598	19542105
2206	48642	19801217
2207	48686	22809631
2208	48730	22033924
2209	48774	18381912
2210	48818	18511731
2211	48863	19394390
2212	48907	20945311
2213	48951	20737609
2214	48995	19304460
2215	49040	22462780
2216	49084	25493170
2217	49128	19691842
2218	49173	19238085
2219	49217	18926476
2220	49261	18588088
2221	49306	19040005
2222	49350	19551686
2223	49395	18203562
2224	49439	19275040
2225	49484	18787009
2226	49528	19836804
2227	49573	20227436
2228	49617	19541929
2229	49662	22024600
2230	49706	18716064
2231	49751	19799104
2232	49795	22387999
2233	49840	19134272
2234	49885	19339244
2235	49929	32214820
2236	49974	21487972
2237	50019	19660757
2238	50064	19799483
2239	50108	21321385
2240	50153	19066051
2241	50198	19673936
2242	50243	28834515
2243	50288	22199027
2244	50332	19851432
2245	50377	19110388
2246	50422	30179283
2247	50467	18735470
2248	50512	23156519
2249	50557	19063986
2250	50602	19127773
2251	50647	19365797
2252	50692	22322215
2253	50737	19714739
2254	50782	19867759
2255	50827	30284180
2256	50872	19654253
2257	50917	19359494
2258	50963	20431476
2259	51008	22240623
2260	51053	19202037
2261	51098	19845285
2262	51143	19371901
2263	51189	20140898
2264	51234	20020909
2265	51279	19511184
2266	51324	20759794
2267	51370	19170384
2268	51415	20263042
2269	51460	20489799
2270	51506	23994662
2271	51551	20474090
2272	51597	21124763
2273	51642	19656853
2274	51688	23404373
2275	51733	19401993
2276	51779	19442863
2277	51824	21142446
2278	51870	21776715
2279	51915	19997838
2280	51961	20629055
2281	52006	20695797
2282	52052	20235850
2283	52098	23083890
2284	52143	22884163
2285	52189	29896040
2286	52235	19696287
2287	52280	20053970
2288	52326	20273140
2289	52372	21063452
2290	52418	20259906
2291	52463	22928073
2292	52509	20688021
2293	52555	20193005
2294	52601	25673515
2295	52647	20391704
2296	52693	21201785
2297	52739	19615526
2298	52785	23433178
2299	52831	23746368
2300	52877	22621525
2301	52923	21695934
2302	52969	25436792
2303	53015	21236842
2304	53061	20893678
2305	53107	24436526
2306	53153	20075093
2307	53199	21631436
2308	53245	20860117
2309	53291	22779115
2310	53337	25537381
2311	53384	21701694
2312	53430	21767699
2313	53476	26659548
2314	53522	24959870
2315	53569	22388770
2316	53615	32777606
2317	53661	21000235
2318	53708	22147059
2319	53754	21453565
2320	53800	20690781
2321	53847	20568221
2322	53893	21210958
2323	53940	21142292
2324	53986	20959134
2325	54033	21256510
2326	54079	24551325
2327	54126	21942142
2328	54172	20868801
2329	54219	21455298
2330	54265	21246358
2331	54312	20884280
2332	54358	21909464
2333	54405	23934652
2334	54452	21335106
2335	54498	22240623
2336	54545	22549780
2337	54592	24557194
2338	54639	21908647
2339	54685	21666702
2340	54732	21497169
2341	54779	23258538
2342	54826	21913092
2343	54873	24499217
2344	54919	21527790
2345	54966	21623897
2346	55013	25439874
2347	55060	26680544
2348	55107	21960319
2349	55154	21415482
2350	55201	21505408
2351	55248	21519119
2352	55295	22367818
2353	55342	21766630
2354	55389	22599801
2355	55436	23095813
2356	55483	21388870
2357	55530	22243038
2358	55578	28861736
2359	55625	22037913
2360	55672	21275233
2361	55719	25461694
2362	55766	21644930
2363	55814	21310410
2364	55861	30785413
2365	55908	22201285
2366	55955	27504219
2367	56003	22034095
2368	56050	22277631
2369	56097	27230688
2370	56145	22532228
2371	56192	22649873
2372	56240	21785258
2373	56287	21399367
2374	56335	21656395
2375	56382	21552084
2376	56430	25922178
2377	56477	22043247
2378	56525	22137725
2379	56572	21557485
2380	56620	21791010
2381	56667	21403851
2382	56715	27986332
2383	56763	21693053
2384	56810	22214760
2385	56858	22835136
2386	56906	27287198
2387	56953	26342071
2388	57001	22927638
2389	57049	23454498
2390	57097	23547920
2391	57144	22807915
2392	57192	22695680
2393	57240	24644472
2394	57288	24114331
2395	57336	23705475
2396	57384	23549915
2397	57432	24441065
2398	57480	23433976
2399	57528	26996101
2400	57576	23880585
2401	57624	24954800
2402	57672	29603385
2403	57720	24292440
2404	57768	23413338
2405	57816	23007103
2406	57864	22972808
2407	57912	23197109
2408	57960	23767761
2409	58008	22824840
2410	58056	23968563
2411	58105	27932585
2412	58153	23156971
2413	58201	28835217
2414	58249	24846368
2415	58298	23436838
2416	58346	25086702
2417	58394	24062075
2418	58443	23819162
2419	58491	23497541
2420	58539	27089778
2421	58588	23823102
2422	58636	26167871
2423	58685	26152991
2424	58733	24846253
2425	58782	26862490
2426	58830	24269099
2427	58879	23636984
2428	58927	24567578
2429	58976	25422852
2430	59024	25630762
2431	59073	23704989
2432	59121	23754145
2433	59170	24153090
2434	59219	24181272
2435	59267	25000812
2436	59316	27914462
2437	59365	24900102
2438	59414	23533733
2439	59462	23919292
2440	59511	30611105
2441	59560	24629698
2442	59609	25735136
2443	59658	23366129
2444	59706	23831512
2445	59755	23774428
2446	59804	24534881
2447	59853	36553722
2448	59902	23710457
2449	59951	28945108
2450	60000	30039849
2451	60049	25133998
2452	60098	25309363
2453	60147	27795235
2454	60196	24750823
2455	60245	24759345
2456	60294	24123315
2457	60343	24233408
2458	60393	24269298
2459	60442	24923116
2460	60491	23978587
2461	60540	24222696
2462	60589	24999192
2463	60639	24599183
2464	60688	23898757
2465	60737	24573742
2466	60786	24847448
2467	60836	26119706
2468	60885	30198048
2469	60934	29794540
2470	60984	29568311
2471	61033	25193636
2472	61083	24536546
2473	61132	25605681
2474	61182	24559424
2475	61231	23883389
2476	61281	27553726
2477	61330	25179053
2478	61380	26939905
2479	61429	31635466
2480	61479	29389964
2481	61528	24393423
2482	61578	24159308
2483	61628	28634166
2484	61677	24450568
2485	61727	29113503
2486	61777	25586506
2487	61826	25756215
2488	61876	25239668
2489	61926	24500859
2490	61976	24766785
2491	62025	25290884
2492	62075	24315468
2493	62125	24529015
2494	62175	26412174
2495	62225	24876561
2496	62275	25032713
2497	62325	35658435
2498	62375	26354619
2499	62425	25196203
2500	62475	24746622
