100	99	546
101	101	763
102	103	652
103	105	685
104	107	710
105	109	870
106	111	755
107	113	558
108	115	708
109	117	495
110	119	617
111	122	535
112	124	783
113	126	838
114	128	736
115	131	839
116	133	661
117	135	598
118	138	1209
119	140	2232
120	142	1244
121	145	642
122	147	542
123	150	492
124	152	602
125	155	770
126	157	7805
127	160	850
128	162	847
129	165	559
130	167	839
131	170	9171
132	172	899
133	175	543
134	178	832
135	180	1827
136	183	749
137	186	633
138	189	5856
139	191	7453
140	194	861
141	197	556
142	200	606
143	203	786
144	205	699
145	208	2136
146	211	2055
147	214	9605
148	217	937
149	220	1060
150	223	7902
151	226	918
152	229	614
153	232	9670
154	235	609
155	238	1089
156	241	100820
157	244	943
158	248	846
159	251	1017
160	254	1766
161	257	710
162	260	909
163	264	1136
164	267	1007
165	270	9738
166	273	895
167	277	1014
168	280	1102
169	283	1228
170	287	867
171	290	1127
172	294	1083
173	297	1075
174	301	1131
175	304	11957
176	308	1006
177	311	902
178	315	1271
179	318	705
180	322	2393
181	325	1271
182	329	724
183	333	4503
184	336	666
185	340	1252
186	344	1165
187	347	2491
188	351	1220
189	355	1896
190	359	778
191	362	3433
192	366	1737
193	370	1261
194	374	1094
195	378	905
196	382	1095
197	386	1209
198	390	1757
199	394	1394
200	398	2731
201	402	965
202	406	2160
203	410	1254
204	414	965
205	418	1351
206	422	3319
207	426	1166
208	430	2051
209	434	2114
210	438	1295
211	443	1435
212	447	1067
213	451	1551
214	455	1288
215	460	1489
216	464	3731
217	468	3800
218	473	3160
219	477	6816
220	481	1468
221	486	1410
222	490	7074
223	495	2365
224	499	986
225	504	1283
226	508	1256
227	513	2007
228	517	5478
229	522	1353
230	526	1348
231	531	1839
232	535	5039
233	540	3251
234	545	96767
235	549	1393
236	554	2117
237	559	1652
238	564	1670
239	568	2427
240	573	36358
241	578	1426
242	583	1366
243	588	952
244	592	1530
245	597	1959
246	602	1749
247	607	21310
248	612	2267
249	617	2046
250	622	1686
251	627	1341
252	632	1840
253	637	1780
254	642	1227
255	647	1698
256	652	1931
257	657	17312
258	663	990
259	668	1891
260	673	926
261	678	1572
262	683	2788
263	689	1847
264	694	1621
265	699	100735
266	704	2136
267	710	1285
268	715	2733
269	720	2730
270	726	1862
271	731	1950
272	737	3495
273	742	2187
274	748	1634
275	753	1742
276	759	4856
277	764	2532
278	770	114382
279	775	1627
280	781	2138
281	786	1870
282	792	1997
283	798	1787
284	803	1891
285	809	1840
286	815	1859
287	820	1515
288	826	10754
289	832	3328
290	838	2131
291	843	2773
292	849	3147
293	855	2435
294	861	1556
295	867	1396
296	873	1360
297	879	2495
298	885	2013
299	891	1640
300	897	2411
301	903	3385
302	909	4721
303	915	2069
304	921	2777
305	927	2062
306	933	1506
307	939	1499
308	945	2200
309	951	1456
310	957	2296
311	964	1531
312	970	2643
313	976	2611
314	982	2800
315	989	20903
316	995	2568
317	1001	2043
318	1008	12441
319	1014	2518
320	1020	1435
321	1027	1544
322	1033	2088
323	1040	2783
324	1046	2270
325	1053	2744
326	1059	2417
327	1066	33988
328	1072	2573
329	1079	26949
330	1085	20794
331	1092	2703
332	1098	1639
333	1105	40083
334	1112	2526
335	1118	3025
336	1125	2340
337	1132	4018
338	1139	2322
339	1145	5338
340	1152	4375
341	1159	5235
342	1166	2312
343	1173	2291
344	1179	4155
345	1186	4210
346	1193	2536
347	1200	2382
348	1207	5902
349	1214	2223
350	1221	1822
351	1228	2415
352	1235	2597
353	1242	1949
354	1249	4748
355	1256	2150
356	1263	4577
357	1270	1756
358	1278	2170
359	1285	2898
360	1292	3625
361	1299	1741
362	1306	4360
363	1314	2544
364	1321	1799
365	1328	2735
366	1335	2822
367	1343	2313
368	1350	4527
369	1357	5008
370	1365	2635
371	1372	2546
372	1380	1691
373	1387	2347
374	1395	5730
375	1402	1717
376	1410	2389
377	1417	3839
378	1425	5245
379	1432	4453
380	1440	5449
381	1447	1765
382	1455	2285
383	1463	4838
384	1470	2914
385	1478	2856
386	1486	3685
387	1493	2564
388	1501	1985
389	1509	6051
390	1517	4023
391	1524	3012
392	1532	3966
393	1540	2533
394	1548	1771
395	1556	2333
396	1564	3386
397	1572	2715
398	1580	2453
399	1588	4427
400	1596	1969
401	1604	2475
402	1612	3628
403	1620	2325
404	1628	4349
405	1636	5474
406	1644	2712
407	1652	2602
408	1660	2863
409	1668	1876
410	1676	3145
411	1685	4267
412	1693	3122
413	1701	4510
414	1709	3799
415	1718	2597
416	1726	2184
417	1734	2302
418	1743	2259
419	1751	3176
420	1759	2690
421	1768	3243
422	1776	2537
423	1785	19177
424	1793	5159
425	1802	3026
426	1810	2907
427	1819	2989
428	1827	3133
429	1836	2069
430	1844	2158
431	1853	2717
432	1861	2285
433	1870	15597
434	1879	3446
435	1887	4396
436	1896	5122
437	1905	2049
438	1914	2993
439	1922	3388
440	1931	3237
441	1940	2010
442	1949	44073
443	1958	2116
444	1966	2984
445	1975	4356
446	1984	3963
447	1993	2080
448	2002	2966
449	2011	517851
450	2020	3020
451	2029	3901
452	2038	44442
453	2047	3515
454	2056	4253
455	2065	2522
456	2074	2485
457	2083	4067
458	2093	3076
459	2102	3981
460	2111	2192
461	2120	3687
462	2129	3100
463	2139	3759
464	2148	4504
465	2157	2865
466	2166	3019
467	2176	3449
468	2185	4601
469	2194	23930
470	2204	7804
471	2213	2847
472	2223	3856
473	2232	2719
474	2242	2350
475	2251	3415
476	2261	4059
477	2270	3284
478	2280	33344
479	2289	3452
480	2299	20099
481	2308	3376
482	2318	3267
483	2328	3142
484	2337	3081
485	2347	2620
486	2357	3378
487	2366	3655
488	2376	4054
489	2386	4194
490	2396	4097
491	2405	4141
492	2415	3421
493	2425	31291
494	2435	3255
495	2445	3570
496	2455	3465
497	2465	4244
498	2475	3048
499	2485	3195
500	2495	3321
501	2505	3060
502	2515	3386
503	2525	2661
504	2535	2555
505	2545	4012
506	2555	2965
507	2565	4519
508	2575	3500
509	2585	41525
510	2595	29622
511	2606	39385
512	2616	39482
513	2626	4337
514	2636	3680
515	2647	14182
516	2657	5314
517	2667	4009
518	2678	3644
519	2688	3723
520	2698	5070
521	2709	5065
522	2719	5460
523	2730	2857
524	2740	3558
525	2751	3977
526	2761	3789
527	2772	5256
528	2782	2814
529	2793	3085
530	2803	3629
531	2814	4674
532	2824	5100
533	2835	4364
534	2846	4120
535	2856	2848
536	2867	5012
537	2878	3955
538	2889	2983
539	2899	2616
540	2910	4738
541	2921	3525
542	2932	2715
543	2943	2997
544	2953	2781
545	2964	5785
546	2975	2870
547	2986	3818
548	2997	2843
549	3008	2806
550	3019	3485
551	3030	3204
552	3041	3755
553	3052	5442
554	3063	2771
555	3074	3361
556	3085	3615
557	3096	5579
558	3108	3071
559	3119	5929
560	3130	2967
561	3141	5841
562	3152	3271
563	3164	2929
564	3175	3447
565	3186	7273
566	3197	4007
567	3209	6819
568	3220	4818
569	3231	4941
570	3243	6107
571	3254	3345
572	3266	3035
573	3277	2988
574	3289	3804
575	3300	3653
576	3312	5324
577	3323	5871
578	3335	5140
579	3346	3732
580	3358	3995
581	3369	3029
582	3381	3713
583	3393	3942
584	3404	3157
585	3416	3557
586	3428	3511
587	3439	6083
588	3451	4467
589	3463	3136
590	3475	4810
591	3486	3086
592	3498	3712
593	3510	2858
594	3522	4299
595	3534	3123
596	3546	3813
597	3558	3197
598	3570	3977
599	3582	4446
600	3594	3046
601	3606	3640
602	3618	4277
603	3630	3716
604	3642	3430
605	3654	5092
606	3666	2965
607	3678	6014
608	3690	4705
609	3702	3113
610	3714	4529
611	3727	5981
612	3739	6028
613	3751	3923
614	3763	3203
615	3776	3026
616	3788	4190
617	3800	5301
618	3813	31280
619	3825	2917
620	3837	11213
621	3850	2896
622	3862	3092
623	3875	3116
624	3887	5683
625	3900	2960
626	3912	5139
627	3925	5010
628	3937	4471
629	3950	4920
630	3962	4967
631	3975	3210
632	3987	3053
633	4000	4024
634	4013	5802
635	4025	4029
636	4038	3193
637	4051	5172
638	4064	4752
639	4076	4585
640	4089	3379
641	4102	3561
642	4115	3137
643	4128	3658
644	4140	4387
645	4153	6576
646	4166	3228
647	4179	8758
648	4192	5319
649	4205	3209
650	4218	3704
651	4231	3479
652	4244	4470
653	4257	7294
654	4270	4460
655	4283	4723
656	4296	3489
657	4309	36161
658	4323	4918
659	4336	4053
660	4349	3536
661	4362	6968
662	4375	4903
663	4389	3256
664	4402	4161
665	4415	3732
666	4428	4420
667	4442	4912
668	4455	41041
669	4468	3600
670	4482	27791
671	4495	201463
672	4509	6098
673	4522	5244
674	4536	3422
675	4549	5476
676	4563	6476
677	4576	4574
678	4590	4060
679	4603	3770
680	4617	3243
681	4630	6770
682	4644	7202
683	4658	5992
684	4671	6780
685	4685	3289
686	4699	5355
687	4712	4286
688	4726	3288
689	4740	3589
690	4754	4860
691	4767	4487
692	4781	4841
693	4795	6789
694	4809	3899
695	4823	4089
696	4837	3470
697	4851	5218
698	4865	7725
699	4879	4957
700	4893	5371
701	4907	5040
702	4921	24952
703	4935	12767
704	4949	4347
705	4963	3534
706	4977	3540
707	4991	3750
708	5005	4603
709	5019	4746
710	5033	4943
711	5048	3840
712	5062	4491
713	5076	3801
714	5090	3788
715	5105	4888
716	5119	3744
717	5133	7972
718	5148	7105
719	5162	3732
720	5176	6960
721	5191	4451
722	5205	3716
723	5220	4264
724	5234	5645
725	5249	4974
726	5263	4004
727	5278	3910
728	5292	9626
729	5307	3936
730	5321	6934
731	5336	5965
732	5350	3868
733	5365	3567
734	5380	4487
735	5394	5093
736	5409	7155
737	5424	6104
738	5439	3750
739	5453	3965
740	5468	5039
741	5483	4025
742	5498	5282
743	5513	8520
744	5527	4335
745	5542	5009
746	5557	6675
747	5572	3889
748	5587	6477
749	5602	7667
750	5617	4662
751	5632	4070
752	5647	5552
753	5662	4823
754	5677	3620
755	5692	5502
756	5707	7716
757	5722	4424
758	5738	6393
759	5753	8401
760	5768	6643
761	5783	5205
762	5798	4590
763	5814	5647
764	5829	5072
765	5844	3668
766	5859	4606
767	5875	5902
768	5890	25664
769	5905	4854
770	5921	7254
771	5936	10301
772	5952	5205
773	5967	4630
774	5983	5719
775	5998	11677
776	6014	4154
777	6029	7975
778	6045	5389
779	6060	4451
780	6076	4036
781	6091	4138
782	6107	5192
783	6123	6974
784	6138	5625
785	6154	8330
786	6170	5355
787	6185	4195
788	6201	5196
789	6217	7281
790	6233	4527
791	6248	4077
792	6264	7389
793	6280	4954
794	6296	23764
795	6312	4781
796	6328	5792
797	6344	8639
798	6360	6351
799	6376	4182
800	6392	7659
801	6408	4175
802	6424	7111
803	6440	5866
804	6456	4325
805	6472	5501
806	6488	8863
807	6504	7555
808	6520	3950
809	6536	7160
810	6552	4406
811	6569	4721
812	6585	5250
813	6601	7953
814	6617	8151
815	6634	4522
816	6650	8431
817	6666	4324
818	6683	5560
819	6699	5658
820	6715	4900
821	6732	4842
822	6748	6987
823	6765	10275
824	6781	5458
825	6798	12399
826	6814	5717
827	6831	5491
828	6847	5570
829	6864	5466
830	6880	9419
831	6897	4326
832	6913	6338
833	6930	5892
834	6947	5073
835	6963	6251
836	6980	9280
837	6997	5520
838	7014	4455
839	7030	5204
840	7047	5730
841	7064	5305
842	7081	4792
843	7098	6517
844	7114	4356
845	7131	4452
846	7148	5792
847	7165	13589
848	7182	10428
849	7199	4941
850	7216	4586
851	7233	6581
852	7250	4449
853	7267	4985
854	7284	9978
855	7301	8759
856	7318	5540
857	7335	6232
858	7353	4181
859	7370	5798
860	7387	5404
861	7404	5924
862	7421	5829
863	7439	5610
864	7456	5890
865	7473	7663
866	7490	30569
867	7508	5965
868	7525	6950
869	7542	7646
870	7560	47796
871	7577	6495
872	7595	43132
873	7612	25548
874	7630	6770
875	7647	5864
876	7665	38905
877	7682	5600
878	7700	6726
879	7717	37648
880	7735	5788
881	7752	26165
882	7770	48620
883	7788	45376
884	7805	5887
885	7823	50736
886	7841	36915
887	7858	5795
888	7876	43715
889	7894	6442
890	7912	38201
891	7929	8275
892	7947	5534
893	7965	6208
894	7983	5613
895	8001	31025
896	8019	5702
897	8037	8922
898	8055	41707
899	8073	5844
900	8091	24038
901	8109	39341
902	8127	5599
903	8145	6138
904	8163	28925
905	8181	5656
906	8199	5398
907	8217	5728
908	8235	5543
909	8253	42611
910	8271	22245
911	8290	44459
912	8308	6148
913	8326	7775
914	8344	39374
915	8363	5889
916	8381	6134
917	8399	13425
918	8418	6516
919	8436	7294
920	8454	5480
921	8473	5853
922	8491	5704
923	8510	34256
924	8528	32313
925	8547	7899
926	8565	7990
927	8584	6164
928	8602	43641
929	8621	7512
930	8639	5552
931	8658	28280
932	8676	42799
933	8695	5810
934	8714	9008
935	8732	30241
936	8751	45089
937	8770	40301
938	8789	6198
939	8807	7998
940	8826	42577
941	8845	5701
942	8864	6409
943	8883	5843
944	8901	5935
945	8920	5768
946	8939	5940
947	8958	40537
948	8977	6495
949	8996	29550
950	9015	5916
951	9034	31440
952	9053	11255
953	9072	8084
954	9091	8156
955	9110	38018
956	9129	6687
957	9148	45941
958	9168	5953
959	9187	5983
960	9206	31481
961	9225	7713
962	9244	6124
963	9264	6456
964	9283	7531
965	9302	6375
966	9321	7202
967	9341	6388
968	9360	40224
969	9379	6453
970	9399	6543
971	9418	6965
972	9438	8373
973	9457	52087
974	9477	6031
975	9496	8237
976	9516	8676
977	9535	63581
978	9555	45212
979	9574	9108
980	9594	48176
981	9613	38926
982	9633	11361
983	9653	6146
984	9672	6059
985	9692	6770
986	9712	47109
987	9731	6169
988	9751	7090
989	9771	8674
990	9791	8076
991	9810	6118
992	9830	7843
993	9850	6103
994	9870	39714
995	9890	47728
996	9910	8859
997	9930	39345
998	9950	9052
999	9970	7952
1000	9990	6376
1001	10010	6290
1002	10030	9049
1003	10050	43729
1004	10070	6140
1005	10090	5925
1006	10110	6902
1007	10130	5959
1008	10150	6598
1009	10170	6575
1010	10190	6507
1011	10211	6601
1012	10231	5772
1013	10251	9456
1014	10271	6190
1015	10292	27860
1016	10312	30684
1017	10332	6283
1018	10353	7764
1019	10373	8577
1020	10393	6224
1021	10414	8501
1022	10434	39858
1023	10455	8450
1024	10475	6529
1025	10496	5800
1026	10516	5219
1027	10537	14180
1028	10557	7297
1029	10578	5354
1030	10598	8606
1031	10619	6393
1032	10639	14623
1033	10660	7242
1034	10681	5483
1035	10701	5586
1036	10722	10477
1037	10743	7703
1038	10764	8251
1039	10784	6115
1040	10805	5603
1041	10826	6379
1042	10847	5732
1043	10868	10899
1044	10888	12640
1045	10909	8268
1046	10930	7566
1047	10951	7022
1048	10972	7547
1049	10993	11202
1050	11014	5454
1051	11035	8996
1052	11056	5809
1053	11077	12234
1054	11098	13928
1055	11119	7519
1056	11140	7508
1057	11161	12076
1058	11183	6045
1059	11204	5556
1060	11225	5625
1061	11246	7254
1062	11267	5440
1063	11289	17593
1064	11310	5428
1065	11331	5464
1066	11352	13242
1067	11374	5608
1068	11395	10552
1069	11416	5236
1070	11438	14585
1071	11459	5820
1072	11481	5772
1073	11502	6218
1074	11524	5851
1075	11545	12598
1076	11567	10125
1077	11588	5925
1078	11610	5606
1079	11631	5578
1080	11653	7972
1081	11674	5796
1082	11696	6275
1083	11718	6161
1084	11739	5796
1085	11761	7966
1086	11783	5580
1087	11804	6294
1088	11826	6278
1089	11848	6206
1090	11870	9732
1091	11891	5580
1092	11913	6033
1093	11935	12413
1094	11957	5529
1095	11979	7373
1096	12001	8403
1097	12023	11669
1098	12045	10889
1099	12067	5740
1100	12089	11003
1101	12111	6169
1102	12133	10778
1103	12155	14106
1104	12177	10179
1105	12199	5900
1106	12221	13837
1107	12243	5810
1108	12265	5837
1109	12287	5840
1110	12309	12790
1111	12332	5726
1112	12354	6590
1113	12376	6138
1114	12398	5876
1115	12421	12783
1116	12443	6955
1117	12465	11537
1118	12488	6666
1119	12510	18825
1120	12532	5770
1121	12555	8523
1122	12577	14739
1123	12600	5492
1124	12622	6057
1125	12645	7634
1126	12667	6478
1127	12690	6182
1128	12712	6903
1129	12735	11926
1130	12757	6394
1131	12780	12357
1132	12802	5849
1133	12825	49916
1134	12848	6140
1135	12870	8331
1136	12893	17843
1137	12916	16150
1138	12939	5566
1139	12961	15088
1140	12984	6345
1141	13007	5990
1142	13030	7299
1143	13053	24206
1144	13075	6218
1145	13098	11505
1146	13121	6653
1147	13144	6509
1148	13167	6318
1149	13190	6265
1150	13213	6643
1151	13236	8308
1152	13259	13785
1153	13282	6555
1154	13305	6299
1155	13328	7028
1156	13351	6706
1157	13374	7803
1158	13398	6220
1159	13421	6123
1160	13444	6013
1161	13467	6640
1162	13490	6385
1163	13514	6274
1164	13537	6560
1165	13560	6203
1166	13583	5718
1167	13607	13295
1168	13630	8168
1169	13653	6870
1170	13677	5965
1171	13700	7309
1172	13724	6137
1173	13747	9264
1174	13771	11741
1175	13794	8161
1176	13818	13269
1177	13841	9541
1178	13865	25837
1179	13888	7085
1180	13912	6716
1181	13935	19482
1182	13959	6304
1183	13983	8811
1184	14006	6270
1185	14030	12909
1186	14054	10537
1187	14077	7020
1188	14101	6404
1189	14125	6414
1190	14149	6689
1191	14172	9154
1192	14196	12676
1193	14220	7374
1194	14244	11759
1195	14268	6337
1196	14292	6674
1197	14316	11001
1198	14340	6379
1199	14364	8072
1200	14388	6190
1201	14412	24362
1202	14436	9119
1203	14460	6215
1204	14484	6682
1205	14508	6784
1206	14532	12007
1207	14556	6537
1208	14580	12112
1209	14604	18953
1210	14628	6555
1211	14653	6506
1212	14677	9300
1213	14701	16373
1214	14725	17068
1215	14750	6102
1216	14774	12205
1217	14798	6309
1218	14823	8612
1219	14847	6758
1220	14871	6346
1221	14896	7135
1222	14920	9700
1223	14945	6281
1224	14969	7205
1225	14994	12498
1226	15018	6358
1227	15043	9942
1228	15067	6269
1229	15092	6125
1230	15116	9179
1231	15141	26649
1232	15165	6240
1233	15190	7190
1234	15215	9812
1235	15239	10700
1236	15264	5922
1237	15289	8398
1238	15314	6696
1239	15338	7758
1240	15363	6279
1241	15388	7023
1242	15413	10689
1243	15438	6373
1244	15462	34391
1245	15487	10875
1246	15512	8486
1247	15537	11006
1248	15562	9585
1249	15587	29873
1250	15612	9328
1251	15637	7078
1252	15662	9244
1253	15687	6458
1254	15712	12177
1255	15737	11410
1256	15762	8996
1257	15787	7050
1258	15813	7033
1259	15838	6866
1260	15863	13309
1261	15888	9842
1262	15913	7383
1263	15939	6792
1264	15964	7542
1265	15989	14364
1266	16014	6757
1267	16040	12872
1268	16065	6873
1269	16090	7100
1270	16116	7321
1271	16141	6896
1272	16167	6720
1273	16192	13142
1274	16218	6843
1275	16243	6725
1276	16269	6943
1277	16294	6681
1278	16320	7497
1279	16345	8621
1280	16371	7064
1281	16396	7166
1282	16422	6666
1283	16448	11017
1284	16473	10677
1285	16499	38412
1286	16525	11702
1287	16550	7270
1288	16576	11376
1289	16602	11309
1290	16628	9717
1291	16653	7465
1292	16679	6913
1293	16705	7102
1294	16731	9255
1295	16757	13657
1296	16783	7823
1297	16809	15473
1298	16835	16909
1299	16861	7059
1300	16887	7274
1301	16913	6883
1302	16939	6616
1303	16965	11827
1304	16991	9714
1305	17017	6578
1306	17043	6560
1307	17069	236984
1308	17095	12716
1309	17121	10593
1310	17147	7499
1311	17174	6812
1312	17200	9723
1313	17226	7470
1314	17252	8080
1315	17279	8714
1316	17305	12815
1317	17331	7042
1318	17358	10586
1319	17384	7298
1320	17410	7948
1321	17437	7450
1322	17463	7141
1323	17490	8106
1324	17516	7301
1325	17543	10171
1326	17569	6940
1327	17596	7094
1328	17622	13429
1329	17649	7326
1330	17675	7464
1331	17702	10616
1332	17728	13542
1333	17755	13879
1334	17782	7947
1335	17808	6921
1336	17835	7588
1337	17862	6843
1338	17889	7424
1339	17915	8675
1340	17942	14602
1341	17969	7244
1342	17996	7182
1343	18023	10263
1344	18049	7322
1345	18076	8140
1346	18103	12018
1347	18130	12692
1348	18157	7499
1349	18184	11053
1350	18211	13091
1351	18238	13006
1352	18265	12181
1353	18292	7590
1354	18319	11461
1355	18346	7343
1356	18373	7209
1357	18400	9020
1358	18428	8403
1359	18455	10578
1360	18482	11170
1361	18509	17739
1362	18536	15911
1363	18564	23947
1364	18591	11962
1365	18618	8420
1366	18645	9005
1367	18673	16446
1368	18700	7522
1369	18727	12703
1370	18755	12134
1371	18782	7180
1372	18810	9791
1373	18837	7305
1374	18865	13145
1375	18892	8717
1376	18920	10010
1377	18947	11802
1378	18975	10775
1379	19002	7672
1380	19030	8138
1381	19057	10308
1382	19085	11690
1383	19113	11567
1384	19140	10480
1385	19168	21297
1386	19196	9621
1387	19223	13221
1388	19251	14206
1389	19279	7662
1390	19307	7749
1391	19334	10141
1392	19362	7342
1393	19390	11716
1394	19418	11097
1395	19446	20526
1396	19474	12136
1397	19502	38834
1398	19530	7411
1399	19558	11257
1400	19586	8858
1401	19614	10963
1402	19642	10605
1403	19670	12529
1404	19698	19280
1405	19726	7548
1406	19754	10633
1407	19782	15826
1408	19810	7788
1409	19838	10558
1410	19866	15616
1411	19895	12321
1412	19923	14273
1413	19951	14826
1414	19979	16752
1415	20008	11021
1416	20036	9051
1417	20064	7155
1418	20093	10206
1419	20121	10977
1420	20149	10668
1421	20178	7850
1422	20206	11902
1423	20235	7969
1424	20263	18302
1425	20292	15082
1426	20320	17233
1427	20349	9954
1428	20377	27100
1429	20406	9978
1430	20434	9893
1431	20463	11305
1432	20491	7752
1433	20520	8509
1434	20549	25795
1435	20577	13777
1436	20606	12240
1437	20635	7550
1438	20664	10603
1439	20692	13237
1440	20721	147694
1441	20750	7831
1442	20779	10361
1443	20808	10060
1444	20836	10680
1445	20865	24189
1446	20894	20802
1447	20923	15896
1448	20952	8906
1449	20981	7525
1450	21010	8804
1451	21039	11243
1452	21068	9234
1453	21097	12565
1454	21126	9284
1455	21155	11993
1456	21184	7615
1457	21213	15145
1458	21243	9414
1459	21272	7994
1460	21301	15559
1461	21330	13481
1462	21359	11096
1463	21389	11629
1464	21418	7447
1465	21447	15131
1466	21476	11910
1467	21506	9586
1468	21535	8289
1469	21564	44338
1470	21594	9080
1471	21623	12376
1472	21653	9920
1473	21682	8920
1474	21712	14441
1475	21741	9228
1476	21771	15309
1477	21800	14029
1478	21830	26447
1479	21859	12596
1480	21889	9045
1481	21918	11285
1482	21948	14117
1483	21978	7930
1484	22007	15584
1485	22037	8647
1486	22067	15277
1487	22096	11257
1488	22126	64141
1489	22156	7935
1490	22186	10739
1491	22215	16629
1492	22245	7973
1493	22275	16930
1494	22305	12261
1495	22335	9120
1496	22365	8298
1497	22395	15718
1498	22425	12843
1499	22455	16980
1500	22485	14696
1501	22515	8773
1502	22545	12175
1503	22575	19957
1504	22605	9863
1505	22635	8411
1506	22665	12009
1507	22695	21247
1508	22725	15893
1509	22755	12140
1510	22785	12352
1511	22816	16411
1512	22846	12943
1513	22876	8395
1514	22906	8779
1515	22937	12562
1516	22967	8336
1517	22997	16748
1518	23028	23625
1519	23058	22646
1520	23088	23573
1521	23119	12498
1522	23149	17859
1523	23180	8832
1524	23210	15412
1525	23241	12539
1526	23271	9825
1527	23302	11665
1528	23332	13266
1529	23363	23662
1530	23393	17579
1531	23424	24695
1532	23454	9547
1533	23485	7700
1534	23516	12643
1535	23546	8273
1536	23577	8463
1537	23608	9616
1538	23639	10831
1539	23669	15781
1540	23700	7950
1541	23731	8160
1542	23762	10525
1543	23793	16146
1544	23823	11864
1545	23854	8151
1546	23885	8613
1547	23916	8886
1548	23947	9792
1549	23978	11840
1550	24009	24267
1551	24040	8133
1552	24071	13306
1553	24102	8761
1554	24133	31517
1555	24164	8986
1556	24195	9386
1557	24226	25419
1558	24258	8436
1559	24289	11563
1560	24320	11652
1561	24351	12247
1562	24382	8743
1563	24414	25844
1564	24445	14501
1565	24476	23532
1566	24507	8797
1567	24539	20200
1568	24570	8473
1569	24601	18215
1570	24633	15520
1571	24664	8263
1572	24696	9307
1573	24727	19155
1574	24759	12804
1575	24790	12665
1576	24822	14215
1577	24853	12777
1578	24885	8917
1579	24916	9375
1580	24948	69482
1581	24979	14655
1582	25011	13501
1583	25043	19072
1584	25074	17137
1585	25106	10562
1586	25138	13462
1587	25169	8176
1588	25201	16805
1589	25233	8611
1590	25265	12698
1591	25296	19409
1592	25328	18903
1593	25360	7911
1594	25392	12054
1595	25424	9024
1596	25456	9121
1597	25488	12930
1598	25520	11838
1599	25552	12875
1600	25584	28071
1601	25616	8625
1602	25648	12876
1603	25680	24412
1604	25712	9351
1605	25744	25303
1606	25776	14408
1607	25808	9810
1608	25840	16461
1609	25872	9550
1610	25904	23287
1611	25937	8124
1612	25969	21993
1613	26001	13388
1614	26033	12109
1615	26066	9018
1616	26098	23902
1617	26130	20199
1618	26163	9549
1619	26195	13843
1620	26227	14967
1621	26260	21825
1622	26292	24646
1623	26325	14330
1624	26357	24178
1625	26390	24315
1626	26422	17535
1627	26455	14300
1628	26487	9397
1629	26520	23869
1630	26552	9910
1631	26585	19575
1632	26617	11383
1633	26650	18214
1634	26683	31290
1635	26715	19967
1636	26748	24286
1637	26781	18156
1638	26814	12323
1639	26846	39008
1640	26879	14535
1641	26912	14471
1642	26945	9424
1643	26978	9334
1644	27010	10246
1645	27043	15450
1646	27076	9654
1647	27109	9592
1648	27142	21297
1649	27175	21678
1650	27208	28933
1651	27241	20830
1652	27274	12379
1653	27307	9998
1654	27340	12766
1655	27373	11325
1656	27406	9840
1657	27439	9273
1658	27473	16898
1659	27506	13329
1660	27539	17409
1661	27572	8867
1662	27605	12855
1663	27639	9686
1664	27672	17910
1665	27705	22121
1666	27738	20157
1667	27772	18064
1668	27805	13764
1669	27838	22401
1670	27872	14889
1671	27905	9216
1672	27939	13180
1673	27972	9323
1674	28006	25202
1675	28039	8933
1676	28073	13921
1677	28106	16756
1678	28140	32212
1679	28173	18761
1680	28207	13021
1681	28240	11572
1682	28274	9162
1683	28308	13304
1684	28341	12544
1685	28375	10563
1686	28409	21431
1687	28442	24445
1688	28476	19176
1689	28510	10133
1690	28544	11284
1691	28577	15773
1692	28611	28430
1693	28645	10513
1694	28679	28364
1695	28713	26506
1696	28747	16619
1697	28781	45887
1698	28815	13060
1699	28849	11227
1700	28883	27286
1701	28917	9811
1702	28951	10414
1703	28985	17687
1704	29019	9451
1705	29053	20137
1706	29087	25319
1707	29121	27989
1708	29155	10569
1709	29189	11691
1710	29223	18169
1711	29258	16940
1712	29292	10064
1713	29326	22952
1714	29360	15330
1715	29395	9514
1716	29429	14282
1717	29463	9343
1718	29498	14761
1719	29532	13615
1720	29566	15336
1721	29601	17145
1722	29635	9540
1723	29670	45436
1724	29704	20443
1725	29739	17334
1726	29773	9945
1727	29808	13866
1728	29842	12132
1729	29877	16975
1730	29911	14517
1731	29946	20687
1732	29980	10442
1733	30015	12691
1734	30050	33197
1735	30084	20719
1736	30119	17970
1737	30154	12168
1738	30189	17194
1739	30223	15364
1740	30258	9998
1741	30293	24801
1742	30328	20498
1743	30363	9809
1744	30397	9450
1745	30432	26274
1746	30467	15219
1747	30502	9588
1748	30537	11336
1749	30572	16932
1750	30607	26534
1751	30642	10108
1752	30677	10105
1753	30712	20079
1754	30747	13225
1755	30782	10012
1756	30817	9996
1757	30852	11045
1758	30888	16524
1759	30923	30366
1760	30958	15247
1761	30993	9489
1762	31028	10503
1763	31064	38886
1764	31099	9766
1765	31134	10401
1766	31169	12215
1767	31205	11005
1768	31240	12942
1769	31275	13823
1770	31311	15210
1771	31346	27288
1772	31382	14956
1773	31417	51298
1774	31453	24794
1775	31488	35501
1776	31524	12951
1777	31559	10094
1778	31595	43282
1779	31630	31089
1780	31666	9922
1781	31701	44576
1782	31737	10171
1783	31773	14607
1784	31808	10979
1785	31844	9675
1786	31880	9995
1787	31915	19124
1788	31951	13205
1789	31987	24671
1790	32023	13328
1791	32058	11954
1792	32094	14154
1793	32130	14823
1794	32166	24233
1795	32202	21668
1796	32238	14063
1797	32274	16485
1798	32310	15471
1799	32346	20596
1800	32382	19424
