100	2475	130526
101	2525	136799
102	2575	132675
103	2626	135482
104	2678	137552
105	2730	136799
106	2782	381682
107	2835	164844
108	2889	117724
109	2943	113286
110	2997	108194
111	3052	116474
112	3108	166518
113	3164	128990
114	3220	131152
115	3277	220700
116	3335	139482
117	3393	131711
118	3451	129543
119	3510	128711
120	3570	128805
121	3630	136203
122	3690	140373
123	3751	141077
124	3813	142192
125	3875	152590
126	3937	316264
127	4000	153527
128	4064	154665
129	4128	220351
130	4192	158604
131	4257	187010
132	4323	171936
133	4389	168390
134	4455	175272
135	4522	176188
136	4590	174426
137	4658	191040
138	4726	295137
139	4795	205353
140	4865	197963
141	4935	198568
142	5005	740380
143	5076	193422
144	5148	204981
145	5220	213992
146	5292	236596
147	5365	254673
148	5439	222602
149	5513	224497
150	5587	240977
151	5662	248203
152	5738	238127
153	5814	231357
154	5890	268573
155	5967	255490
156	6045	247605
157	6123	266392
158	6201	253482
159	6280	274889
160	6360	484368
161	6440	275830
162	6520	305220
163	6601	319477
164	6683	360309
165	6765	532221
166	6847	345415
167	6930	736130
168	7014	312552
169	7098	630295
170	7182	329629
171	7267	305731
172	7353	327942
173	7439	323224
174	7525	332211
175	7612	321423
176	7700	359198
177	7788	359595
178	7876	339862
179	7965	363722
180	8055	349234
181	8145	365624
182	8235	480556
183	8326	411954
184	8418	386509
185	8510	394850
186	8602	407745
187	8695	416247
188	8789	377737
189	8883	381900
190	8977	420225
191	9072	417435
192	9168	455638
193	9264	424451
194	9360	978538
195	9457	435301
196	9555	398064
197	9653	1075662
198	9751	412143
199	9850	424037
200	9950	1058369
201	10050	450477
202	10150	426178
203	10251	1347605
204	10353	1154233
205	10455	654009
206	10557	502374
207	10660	983994
208	10764	1103894
209	10868	572653
210	10972	600256
211	11077	541427
212	11183	1046050
213	11289	504352
214	11395	537107
215	11502	584227
216	11610	628586
217	11718	701442
218	11826	808723
219	11935	691088
220	12045	622125
221	12155	741066
222	12265	624489
223	12376	743009
224	12488	779955
225	12600	783393
226	12712	782177
227	12825	1058295
228	12939	1450334
229	13053	1912190
230	13167	1053224
231	13282	1485859
232	13398	1795382
233	13514	1243639
234	13630	1677819
235	13747	1288982
236	13865	1010521
237	13983	959912
238	14101	1053759
239	14220	884396
240	14340	791526
241	14460	858948
242	14580	866120
243	14701	924279
244	14823	969166
245	14945	786648
246	15067	729381
247	15190	783993
248	15314	747929
249	15438	764253
250	15562	870063
251	15687	800871
252	15813	767020
253	15939	1226773
254	16065	827379
255	16192	810430
256	16320	825642
257	16448	822485
258	16576	920896
259	16705	853662
260	16835	817549
261	16965	1079369
262	17095	959230
263	17226	885168
264	17358	896588
265	17490	950687
266	17622	894613
267	17755	1040020
268	17889	1176611
269	18023	1026880
270	18157	971556
271	18292	1188362
272	18428	1072518
273	18564	1102810
274	18700	1233529
275	18837	1125959
276	18975	1423142
277	19113	1311317
278	19251	1002049
279	19390	1046025
280	19530	1269225
281	19670	1622478
282	19810	2009861
283	19951	987776
284	20093	2315871
285	20235	1591538
286	20377	2992901
287	20520	1745534
288	20664	1656636
289	20808	1251464
290	20952	1896393
291	21097	2034400
292	21243	1926279
293	21389	1990423
294	21535	2561941
295	21682	1993915
296	21830	1992095
297	21978	2080560
298	22126	2625340
299	22275	1294584
300	22425	2054157
301	22575	2048973
302	22725	2015691
303	22876	2387597
304	23028	2110472
305	23180	2474033
306	23332	1913732
307	23485	2884524
308	23639	1272961
309	23793	2500200
310	23947	1412035
311	24102	2005579
312	24258	1650291
313	24414	2148670
314	24570	1351563
315	24727	1852966
316	24885	2247702
317	25043	3730410
318	25201	2273506
319	25360	2300378
320	25520	2256565
321	25680	1800270
322	25840	1510891
323	26001	2024510
324	26163	1688148
325	26325	1508713
326	26487	1412409
327	26650	1256821
328	26814	2025307
329	26978	1776375
330	27142	1641012
331	27307	1380996
332	27473	2843949
333	27639	2526515
334	27805	2527665
335	27972	3883680
336	28140	2528910
337	28308	1301307
338	28476	1684333
339	28645	2219792
340	28815	1930046
341	28985	1621890
342	29155	2718620
343	29326	3090240
344	29498	1753113
345	29670	2288400
346	29842	2045103
347	30015	2085891
348	30189	1848376
349	30363	2726279
350	30537	2645221
351	30712	2235459
352	30888	2045490
353	31064	2399862
354	31240	1732428
355	31417	1826386
356	31595	1670809
357	31773	2243629
358	31951	2070756
359	32130	1856236
360	32310	2228170
361	32490	2110125
362	32670	2036486
363	32851	2700922
364	33033	2609686
365	33215	2219850
366	33397	2698993
367	33580	2317564
368	33764	3248870
369	33948	3831680
370	34132	2831048
371	34317	2619252
372	34503	2622050
373	34689	2319106
374	34875	2262942
375	35062	2896750
376	35250	2642591
377	35438	2398051
378	35626	2563532
379	35815	2943296
380	36005	2322625
381	36195	2495959
382	36385	2859077
383	36576	3738342
384	36768	2926665
385	36960	3024655
386	37152	3346706
387	37345	2931314
388	37539	2716877
389	37733	2464169
390	37927	2964002
391	38122	2829473
392	38318	4734010
393	38514	4533062
394	38710	3054437
395	38907	3128957
396	39105	2958124
397	39303	2894180
398	39501	2602585
399	39700	2723311
400	39900	3001311
401	40100	3211773
402	40300	3088373
403	40501	2903294
404	40703	3181161
405	40905	3087193
406	41107	3050949
407	41310	2863626
408	41514	2999570
409	41718	5934768
410	41922	4191918
411	42127	4128283
412	42333	3287591
413	42539	3121247
414	42745	3101700
415	42952	3332979
416	43160	4261263
417	43368	3297124
418	43576	3080016
419	43785	3208814
420	43995	3386744
421	44205	4289664
422	44415	3945862
423	44626	3109612
424	44838	3183724
425	45050	3831392
426	45262	3598409
427	45475	3929930
428	45689	4340971
429	45903	4166305
430	46117	3420101
431	46332	3383860
432	46548	5120265
433	46764	3545189
434	46980	3446020
435	47197	4377004
436	47415	3685507
437	47633	3512560
438	47851	4119805
439	48070	4635128
440	48290	3605838
441	48510	3594479
442	48730	3647752
443	48951	5314510
444	49173	5674470
445	49395	3826889
446	49617	3612265
447	49840	3707544
448	50064	3533313
449	50288	3702512
450	50512	3600758
451	50737	3866137
452	50963	3678787
453	51189	3746419
454	51415	3964169
455	51642	3718002
456	51870	4069330
457	52098	3909541
458	52326	4230160
459	52555	3309784
460	52785	7486633
461	53015	5496732
462	53245	5354660
463	53476	8601503
464	53708	4570781
465	53940	5669266
466	54172	4566890
467	54405	3506961
468	54639	4224400
469	54873	4362205
470	55107	4329993
471	55342	3374387
472	55578	6509776
473	55814	4902049
474	56050	4755341
475	56287	4775589
476	56525	4230342
477	56763	3847960
478	57001	4669898
479	57240	5301041
480	57480	5914709
481	57720	3893468
482	57960	4599685
483	58201	5159173
484	58443	7288677
485	58685	4042002
486	58927	5117360
487	59170	5689386
488	59414	5004985
489	59658	4319446
490	59902	5110907
491	60147	6835470
492	60393	5461088
493	60639	5141912
494	60885	5633657
495	61132	6251299
496	61380	7158409
497	61628	4273962
498	61876	6516221
499	62125	5020573
500	62375	5794804
501	62625	6100972
502	62875	5135770
503	63126	5098331
504	63378	5347036
505	63630	6020278
506	63882	5500198
507	64135	5484935
508	64389	7282582
509	64643	5350604
510	64897	5119538
511	65152	5116417
512	65408	5115375
513	65664	5028914
514	65920	4947633
515	66177	5717963
516	66435	5342268
517	66693	7622613
518	66951	6491190
519	67210	5074719
520	67470	7337814
521	67730	4346327
522	67990	5793401
523	68251	5485783
524	68513	5499597
525	68775	5441449
526	69037	5727435
527	69300	6303538
528	69564	7554217
529	69828	6839346
530	70092	7396527
531	70357	6940564
532	70623	6798625
533	70889	6503345
534	71155	8938153
535	71422	6747765
536	71690	8828830
537	71958	6406460
538	72226	8347578
539	72495	6046981
540	72765	6276201
541	73035	6786407
542	73305	7858692
543	73576	8458546
544	73848	7429730
545	74120	6424868
546	74392	7897809
547	74665	9039035
548	74939	8402538
549	75213	8123008
550	75487	6638661
551	75762	7865037
552	76038	7530250
553	76314	7943733
554	76590	9619521
555	76867	8526672
556	77145	8790063
557	77423	8533566
558	77701	8605272
559	77980	8267564
560	78260	7868990
561	78540	7703836
562	78820	8952757
563	79101	7675435
564	79383	8384228
565	79665	9288364
566	79947	9412490
567	80230	9384314
568	80514	8840259
569	80798	9105947
570	81082	10774714
571	81367	8809449
572	81653	9019852
573	81939	8828427
574	82225	9048724
575	82512	9514892
576	82800	9132057
577	83088	8523265
578	83376	7964774
579	83665	8483411
580	83955	8386283
581	84245	8533344
582	84535	8446037
583	84826	9096376
584	85118	8032796
585	85410	10670463
586	85702	8971570
587	85995	8274671
588	86289	8100239
589	86583	8921836
590	86877	8036731
591	87172	8235218
592	87468	8275986
593	87764	8433646
594	88060	8226351
595	88357	8982097
596	88655	10465177
597	88953	9734850
598	89251	9149511
599	89550	10205045
600	89850	12295459
601	90150	9709890
602	90450	10830903
603	90751	10899363
604	91053	10865378
605	91355	10052024
606	91657	10346913
607	91960	11987516
608	92264	11500204
609	92568	10950731
610	92872	9387147
611	93177	10341872
612	93483	10465578
613	93789	12635179
614	94095	10469654
615	94402	11934316
616	94710	10513893
617	95018	9877513
618	95326	9946074
619	95635	10990431
620	95945	13185402
621	96255	10656347
622	96565	9803286
623	96876	10203693
624	97188	9564519
625	97500	9767440
626	97812	12585638
627	98125	9376901
628	98439	10351380
629	98753	11483001
630	99067	9823084
631	99382	10141504
632	99698	10944651
633	100014	13031028
634	100330	11906374
635	100647	11651652
636	100965	10429721
637	101283	12999155
638	101601	11716354
639	101920	11987696
640	102240	13264059
641	102560	11744761
642	102880	11264030
643	103201	11700774
644	103523	13399752
645	103845	12694675
646	104167	12107653
647	104490	12230428
648	104814	12709013
649	105138	12519052
650	105462	14507991
651	105787	13491652
652	106113	11709419
653	106439	12754873
654	106765	13291311
655	107092	12992137
656	107420	16518663
657	107748	14463992
658	108076	12133809
659	108405	12403104
660	108735	14361406
661	109065	14035508
662	109395	14047796
663	109726	13049860
664	110058	14011145
665	110390	13729489
666	110722	12358545
667	111055	13696337
668	111389	13184816
669	111723	13373686
670	112057	14160595
671	112392	13858563
672	112728	12080466
673	113064	16608620
674	113400	12988075
675	113737	17541414
676	114075	13564118
677	114413	17998925
678	114751	16157558
679	115090	18220385
680	115430	13649256
681	115770	20696987
682	116110	14521475
683	116451	18187538
684	116793	14967630
685	117135	19038292
686	117477	15275389
687	117820	18229934
688	118164	13686523
689	118508	15856286
690	118852	18088643
691	119197	17234415
692	119543	19735537
693	119889	16714100
694	120235	19061971
695	120582	15840685
696	120930	20276639
697	121278	13358614
698	121626	22053165
699	121975	14254503
700	122325	18281088
701	122675	14278465
702	123025	19798809
703	123376	13805599
704	123728	15285788
705	124080	14087805
706	124432	16349087
707	124785	15315604
708	125139	20833135
709	125493	15911452
710	125847	20078895
711	126202	15060195
712	126558	16024044
713	126914	15811943
714	127270	15250411
715	127627	16644908
716	127985	21450599
717	128343	17534925
718	128701	21414762
719	129060	16734795
720	129420	21548333
721	129780	17561050
722	130140	22706343
723	130501	17191499
724	130863	21599009
725	131225	17715073
726	131587	21394365
727	131950	16896225
728	132314	22152269
729	132678	17507084
730	133042	22709688
731	133407	17535694
732	133773	22188313
733	134139	17894272
734	134505	16295226
735	134872	16331552
736	135240	17273433
737	135608	18377011
738	135976	16871029
739	136345	18503367
740	136715	17409820
741	137085	19158760
742	137455	22459171
743	137826	18678659
744	138198	18716817
745	138570	18393859
746	138942	19547268
747	139315	19431248
748	139689	19248271
749	140063	19888033
750	140437	19207575
751	140812	18492566
752	141188	25377612
753	141564	19781978
754	141940	17594865
755	142317	27557432
756	142695	24078811
757	143073	15949559
758	143451	17261028
759	143830	17382966
760	144210	19443441
761	144590	18657719
762	144970	19120359
763	145351	19590522
764	145733	18828706
765	146115	19473135
766	146497	18959612
767	146880	20125083
768	147264	19680401
769	147648	19977934
770	148032	25135224
771	148417	21949139
772	148803	19845936
773	149189	19837818
774	149575	19887824
775	149962	20874896
776	150350	20218818
777	150738	20179861
778	151126	22265160
779	151515	20094934
780	151905	20890944
781	152295	20958772
782	152685	20298623
783	153076	20436552
784	153468	21085193
785	153860	21671259
786	154252	18946993
787	154645	19941013
788	155039	20700345
789	155433	25414235
790	155827	21025859
791	156222	21188675
792	156618	21977424
793	157014	22181966
794	157410	22086663
795	157807	22145640
796	158205	21912217
797	158603	21892686
798	159001	22211362
799	159400	21849823
800	159800	21660084
801	160200	22051106
802	160600	21207789
803	161001	21268057
804	161403	20998177
805	161805	23828240
806	162207	21142679
807	162610	22923548
808	163014	26568724
809	163418	22266881
810	163822	22732763
811	164227	22909863
812	164633	22396926
813	165039	22143012
814	165445	24742632
815	165852	22823517
816	166260	22316674
817	166668	23974183
818	167076	23246356
819	167485	24499601
820	167895	24485601
821	168305	24047217
822	168715	23405722
823	169126	24116305
824	169538	22865736
825	169950	23588195
826	170362	23893600
827	170775	23189952
828	171189	24116138
829	171603	23977469
830	172017	23015911
831	172432	24208082
832	172848	23620281
833	173264	24169014
834	173680	24930542
835	174097	25546895
836	174515	24808018
837	174933	26457560
838	175351	25605337
839	175770	28860062
840	176190	26334387
841	176610	24291271
842	177030	25061057
843	177451	25833276
844	177873	25934026
845	178295	24416587
846	178717	27042654
847	179140	26866389
848	179564	23850142
849	179988	24122608
850	180412	25458741
851	180837	25788327
852	181263	26013695
853	181689	25795320
854	182115	25435502
855	182542	27037961
856	182970	29354757
857	183398	27160421
858	183826	26977520
859	184255	26836661
860	184685	26073889
861	185115	29251433
862	185545	25928124
863	185976	26057324
864	186408	27466941
865	186840	26906452
866	187272	26734728
867	187705	27008715
868	188139	26327137
869	188573	25947971
870	189007	25408096
871	189442	26689800
872	189878	26626978
873	190314	28350722
874	190750	26876915
875	191187	30442765
876	191625	29908153
877	192063	30827997
878	192501	31384875
879	192940	28677383
880	193380	28693373
881	193820	39217617
882	194260	30905387
883	194701	26911652
884	195143	27943300
885	195585	27777394
886	196027	29257069
887	196470	32175789
888	196914	28827158
889	197358	28233790
890	197802	31159617
891	198247	30620707
892	198693	29482074
893	199139	28750891
894	199585	34551121
895	200032	30103878
896	200480	29632978
897	200928	29736619
898	201376	31443183
899	201825	30806285
900	202275	30170286
901	202725	31009449
902	203175	29914977
903	203626	30017779
904	204078	29784062
905	204530	28630556
906	204982	32400913
907	205435	31168220
908	205889	34210189
909	206343	31368499
910	206797	31665661
911	207252	30544830
912	207708	31947426
913	208164	31960633
914	208620	33414175
915	209077	30818431
916	209535	30973979
917	209993	30565015
918	210451	30529550
919	210910	29061346
920	211370	29711743
921	211830	34835731
922	212290	31897260
923	212751	31516844
924	213213	33253134
925	213675	32504201
926	214137	31291092
927	214600	32897298
928	215064	32586623
929	215528	31678634
930	215992	34864997
931	216457	32843230
932	216923	32818341
933	217389	33114169
934	217855	32922936
935	218322	32903770
936	218790	32984113
937	219258	31562499
938	219726	32654396
939	220195	35419593
940	220665	35155186
941	221135	33245594
942	221605	34531859
943	222076	36545151
944	222548	33300164
945	223020	33581604
946	223492	32748705
947	223965	33407272
948	224439	36451718
949	224913	36265264
950	225387	36800669
951	225862	32983806
952	226338	37205578
953	226814	34270622
954	227290	35116694
955	227767	34603320
956	228245	34355817
957	228723	34431063
958	229201	34752787
959	229680	34797473
960	230160	34982375
961	230640	38167902
962	231120	36373671
963	231601	35168588
964	232083	34717587
965	232565	35826055
966	233047	34054268
967	233530	34264463
968	234014	38143342
969	234498	39249498
970	234982	38064768
971	235467	36998711
972	235953	36352169
973	236439	36272590
974	236925	36908326
975	237412	38151595
976	237900	36036911
977	238388	37195471
978	238876	36307592
979	239365	37239588
980	239855	36223892
981	240345	37424281
982	240835	37327910
983	241326	38803990
984	241818	37774532
985	242310	37178946
986	242802	41230419
987	243295	38781182
988	243789	40273373
989	244283	39467429
990	244777	40405355
991	245272	39558072
992	245768	41358810
993	246264	38080462
994	246760	36991940
995	247257	36939220
996	247755	42615503
997	248253	38382449
998	248751	39053118
999	249250	38486644
1000	249750	39536847
1001	250250	39775881
1002	250750	40270259
1003	251251	39306615
1004	251753	36784438
1005	252255	38638011
1006	252757	37209540
1007	253260	41077516
1008	253764	39332790
1009	254268	40491418
1010	254772	40409487
1011	255277	40537376
1012	255783	40148726
1013	256289	42121367
1014	256795	43335406
1015	257302	40330965
1016	257810	41517812
1017	258318	40794401
1018	258826	40013196
1019	259335	41335789
1020	259845	39329192
1021	260355	40027196
1022	260865	44683718
1023	261376	41931175
1024	261888	41532327
1025	262400	42013160
1026	262912	41319508
1027	263425	41244272
1028	263939	41594181
1029	264453	39805012
1030	264967	41036924
1031	265482	40386102
1032	265998	46592880
1033	266514	42448255
1034	267030	42311523
1035	267547	42518241
1036	268065	42235385
1037	268583	43602824
1038	269101	42286675
1039	269620	42397184
1040	270140	43761927
1041	270660	53809500
1042	271180	42669882
1043	271701	42896420
1044	272223	42888240
1045	272745	44753679
1046	273267	44260991
1047	273790	54945238
1048	274314	44091870
1049	274838	47948673
1050	275362	44691150
1051	275887	44540590
1052	276413	43091740
1053	276939	43787645
1054	277465	44036166
1055	277992	45907208
1056	278520	45371333
1057	279048	45946657
1058	279576	43700974
1059	280105	45480298
1060	280635	46313674
1061	281165	45247361
1062	281695	44935797
1063	282226	46195759
1064	282758	48397330
1065	283290	50743434
1066	283822	45165657
1067	284355	45805980
1068	284889	49259169
1069	285423	46090923
1070	285957	45604020
1071	286492	47599336
1072	287028	49863038
1073	287564	45686686
1074	288100	48082688
1075	288637	45433515
1076	289175	44898426
1077	289713	47562185
1078	290251	46414231
1079	290790	46150654
1080	291330	47540906
1081	291870	47878722
1082	292410	47708696
1083	292951	51251411
1084	293493	48171048
1085	294035	46395589
1086	294577	46489630
1087	295120	54319882
1088	295664	51226096
1089	296208	50357512
1090	296752	48082316
1091	297297	48569652
1092	297843	48998789
1093	298389	48382790
1094	298935	47937773
1095	299482	47708603
1096	300030	46954705
1097	300578	47214507
1098	301126	48526250
1099	301675	48470373
1100	302225	49034540
1101	302775	49148678
1102	303325	49421299
1103	303876	49247788
1104	304428	52098498
1105	304980	51043165
1106	305532	52410414
1107	306085	50366463
1108	306639	48308059
1109	307193	48863324
1110	307747	53677987
1111	308302	50495979
1112	308858	50052899
1113	309414	50431654
1114	309970	49920920
1115	310527	50257493
1116	311085	48688302
1117	311643	48787831
1118	312201	53370680
1119	312760	49701815
1120	313320	51209214
1121	313880	50633827
1122	314440	50740469
1123	315001	52075602
1124	315563	53946907
1125	316125	52023728
1126	316687	51465246
1127	317250	51330840
1128	317814	51619316
1129	318378	51442091
1130	318942	54587438
1131	319507	52440849
1132	320073	52726315
1133	320639	52330224
1134	321205	51170243
1135	321772	52272807
1136	322340	50881977
1137	322908	51962111
1138	323476	52127065
1139	324045	53337389
1140	324615	53487397
1141	325185	54486185
1142	325755	54902982
1143	326326	62861691
1144	326898	54148594
1145	327470	54769591
1146	328042	53921359
1147	328615	53526309
1148	329189	55210550
1149	329763	55542867
1150	330337	54581916
1151	330912	53958769
1152	331488	54787818
1153	332064	54743756
1154	332640	53952740
1155	333217	53584240
1156	333795	59909051
1157	334373	56492518
1158	334951	54239924
1159	335530	55329737
1160	336110	54430269
1161	336690	55631380
1162	337270	55162818
1163	337851	55667975
1164	338433	55401561
1165	339015	54988308
1166	339597	54633735
1167	340180	58777814
1168	340764	57539520
1169	341348	55772310
1170	341932	56370454
1171	342517	56340984
1172	343103	55955628
1173	343689	55208217
1174	344275	55780419
1175	344862	58354980
1176	345450	56772087
1177	346038	55918536
1178	346626	57161922
1179	347215	56012893
1180	347805	59240363
1181	348395	58269913
1182	348985	62674762
1183	349576	58440109
1184	350168	55272117
1185	350760	69778492
1186	351352	59544705
1187	351945	57414767
1188	352539	67610645
1189	353133	57653180
1190	353727	56752721
1191	354322	58270344
1192	354918	60537873
1193	355514	58435594
1194	356110	59059510
1195	356707	58739633
1196	357305	59711731
1197	357903	58551000
1198	358501	59685747
1199	359100	59552345
1200	359700	60376464
1201	360300	57745474
1202	360900	59657378
1203	361501	60638718
1204	362103	60970958
1205	362705	63090045
1206	363307	60269746
1207	363910	59722091
1208	364514	59789145
1209	365118	62417860
1210	365722	60794990
1211	366327	60732991
1212	366933	70983304
1213	367539	61903818
1214	368145	60972089
1215	368752	61115111
1216	369360	62707509
1217	369968	68460565
1218	370576	60222334
1219	371185	81706144
1220	371795	67082701
1221	372405	64853777
1222	373015	61510644
1223	373626	62123479
1224	374238	59536614
1225	374850	74268083
1226	375462	61758816
1227	376075	61811313
1228	376689	63678817
1229	377303	71972776
1230	377917	63843846
1231	378532	64319283
1232	379148	73304111
1233	379764	64579908
1234	380380	61693837
1235	380997	64007743
1236	381615	71080294
1237	382233	65691902
1238	382851	64435917
1239	383470	66666817
1240	384090	62002309
1241	384710	61788594
1242	385330	64970469
1243	385951	67784476
1244	386573	66454994
1245	387195	64243146
1246	387817	65042817
1247	388440	66897602
1248	389064	64895337
1249	389688	64976653
1250	390312	63179216
1251	390937	72414914
1252	391563	66329762
1253	392189	65388030
1254	392815	66678488
1255	393442	66545927
1256	394070	63698873
1257	394698	65307695
1258	395326	68762928
1259	395955	66841138
1260	396585	67556655
1261	397215	67887972
1262	397845	71963380
1263	398476	68517765
1264	399108	66597111
1265	399740	65775158
1266	400372	67593019
1267	401005	68780051
1268	401639	70251646
1269	402273	70066677
1270	402907	67079410
1271	403542	66080087
1272	404178	66275835
1273	404814	68794387
1274	405450	67931853
1275	406087	68090768
1276	406725	67564916
1277	407363	76862644
1278	408001	68191495
1279	408640	69345664
1280	409280	67268246
1281	409920	67587325
1282	410560	70479576
1283	411201	69476834
1284	411843	72859850
1285	412485	69805578
1286	413127	69617110
1287	413770	70106408
1288	414414	72518198
1289	415058	71093532
1290	415702	71249352
1291	416347	70668195
1292	416993	76884068
1293	417639	70299118
1294	418285	70746198
1295	418932	69629617
1296	419580	69414071
1297	420228	70589607
1298	420876	70844273
1299	421525	72543967
1300	422175	70699767
1301	422825	70023152
1302	423475	69501719
1303	424126	71685148
1304	424778	72310253
1305	425430	73162847
1306	426082	73472186
1307	426735	73122385
1308	427389	72493335
1309	428043	78820391
1310	428697	71433407
1311	429352	92624407
1312	430008	88111865
1313	430664	73585825
1314	431320	72525787
1315	431977	72221079
1316	432635	72064545
1317	433293	74086470
1318	433951	73217438
1319	434610	73596927
1320	435270	73905833
1321	435930	75547405
1322	436590	74114241
1323	437251	75685801
1324	437913	71798727
1325	438575	81817845
1326	439237	75195305
1327	439900	75159047
1328	440564	77121861
1329	441228	75156008
1330	441892	73085293
1331	442557	76601019
1332	443223	74816586
1333	443889	81561991
1334	444555	78571399
1335	445222	81334920
1336	445890	76167602
1337	446558	75481186
1338	447226	74961746
1339	447895	77951414
1340	448565	76616458
1341	449235	76585089
1342	449905	75040884
1343	450576	74631364
1344	451248	78153842
1345	451920	76243853
1346	452592	76179387
1347	453265	78822540
1348	453939	85157395
1349	454613	78018308
1350	455287	78717435
1351	455962	75902809
1352	456638	84450668
1353	457314	78626053
1354	457990	80354736
1355	458667	79348104
1356	459345	85672676
1357	460023	78113703
1358	460701	80903171
1359	461380	78596638
1360	462060	80007509
1361	462740	80224016
1362	463420	80597629
1363	464101	79498793
1364	464783	77439022
1365	465465	82587519
1366	466147	95314331
1367	466830	82652992
1368	467514	81312260
1369	468198	83439764
1370	468882	78179720
1371	469567	81108675
1372	470253	80109248
1373	470939	81535097
1374	471625	88417993
1375	472312	81360521
1376	473000	82383485
1377	473688	78170765
1378	474376	96637724
1379	475065	82601388
1380	475755	83957349
1381	476445	83217813
1382	477135	80128084
1383	477826	86501229
1384	478518	81272094
1385	479210	83106561
1386	479902	82637445
1387	480595	84673964
1388	481289	83035445
1389	481983	82251931
1390	482677	82653370
1391	483372	85092693
1392	484068	83138782
1393	484764	83044755
1394	485460	82596055
1395	486157	82135461
1396	486855	84662791
1397	487553	85815004
1398	488251	86227661
1399	488950	91966087
1400	489650	85022820
1401	490350	88628430
1402	491050	83027964
1403	491751	92328364
1404	492453	88287609
1405	493155	87476343
1406	493857	84394682
1407	494560	82684796
1408	495264	89590872
1409	495968	86266109
1410	496672	84905583
1411	497377	87141579
1412	498083	87665865
1413	498789	85432107
1414	499495	83878625
1415	500202	93817224
1416	500910	87098046
1417	501618	89678270
1418	502326	86852748
1419	503035	85006251
1420	503745	90879637
1421	504455	88006191
1422	505165	91780703
1423	505876	88542339
1424	506588	88246937
1425	507300	88138817
1426	508012	86145201
1427	508725	92033691
1428	509439	89684834
1429	510153	89716368
1430	510867	86478834
1431	511582	86918468
1432	512298	91141609
1433	513014	90899508
1434	513730	91033179
1435	514447	95954642
1436	515165	89552607
1437	515883	91649890
1438	516601	91090527
1439	517320	109696748
1440	518040	94984597
1441	518760	92161725
1442	519480	102985550
1443	520201	93325519
1444	520923	91050367
1445	521645	92350468
1446	522367	100092332
1447	523090	92818067
1448	523814	92320273
1449	524538	107227560
1450	525262	92596515
1451	525987	92848028
1452	526713	91969887
1453	527439	90427057
1454	528165	96068607
1455	528892	92279694
1456	529620	92918011
1457	530348	92870334
1458	531076	95110423
1459	531805	93460731
1460	532535	90374971
1461	533265	97816182
1462	533995	94084284
1463	534726	94038198
1464	535458	92622356
1465	536190	119787784
1466	536922	108072344
1467	537655	97527502
1468	538389	100280497
1469	539123	112040250
1470	539857	108608414
1471	540592	94672328
1472	541328	96636668
1473	542064	95356132
1474	542800	115392393
1475	543537	102138777
1476	544275	101555978
1477	545013	95207388
1478	545751	100505269
1479	546490	107933268
1480	547230	96773384
1481	547970	99063278
1482	548710	123243495
1483	549451	110218591
1484	550193	99960600
1485	550935	100042365
1486	551677	93940669
1487	552420	98413450
1488	553164	99654571
1489	553908	100037879
1490	554652	102272233
1491	555397	97599665
1492	556143	95710477
1493	556889	127551920
1494	557635	113683782
1495	558382	99919916
1496	559130	105124779
1497	559878	107034285
1498	560626	99715303
1499	561375	102152614
1500	562125	104034146
1501	562875	100519370
1502	563625	100513160
1503	564376	100150714
1504	565128	100990112
1505	565880	122410107
1506	566632	109805388
1507	567385	98799304
1508	568139	99688459
1509	568893	102132714
1510	569647	102665782
1511	570402	103393117
1512	571158	101362185
1513	571914	99953902
1514	572670	114803847
1515	573427	102864103
1516	574185	102565672
1517	574943	98958503
1518	575701	104966943
1519	576460	104769299
1520	577220	105517629
1521	577980	106583501
1522	578740	126969995
1523	579501	113938552
1524	580263	106178649
1525	581025	123488461
1526	581787	112454477
1527	582550	101795558
1528	583314	104786371
1529	584078	104180552
1530	584842	105754172
1531	585607	111971191
1532	586373	106117484
1533	587139	101845665
1534	587905	106433230
1535	588672	105063159
1536	589440	106833797
1537	590208	101537145
1538	590976	105042157
1539	591745	106729375
1540	592515	124092042
1541	593285	106870548
1542	594055	105234871
1543	594826	105256233
1544	595598	108612303
1545	596370	108710607
1546	597142	109794383
1547	597915	105694439
1548	598689	112129725
1549	599463	106028624
1550	600237	116054731
1551	601012	108399161
1552	601788	106676109
1553	602564	120876069
1554	603340	108316446
1555	604117	108262050
1556	604895	105546222
1557	605673	138280594
1558	606451	109920919
1559	607230	110085224
1560	608010	114046727
1561	608790	108881320
1562	609570	106369668
1563	610351	113858517
1564	611133	114342179
1565	611915	109807639
1566	612697	108147325
1567	613480	109080788
1568	614264	112128796
1569	615048	120748691
1570	615832	110778824
1571	616617	128278188
1572	617403	114205267
1573	618189	112039046
1574	618975	112674589
1575	619762	108723612
1576	620550	113124324
1577	621338	110961924
1578	622126	112618135
1579	622915	114136591
1580	623705	117491569
1581	624495	123966316
1582	625285	113030541
1583	626076	113407180
1584	626868	108916555
1585	627660	116790859
1586	628452	114512176
1587	629245	114676916
1588	630039	116191606
1589	630833	113107177
1590	631627	116445223
1591	632422	116163963
1592	633218	115745164
1593	634014	112381820
1594	634810	119521555
1595	635607	117683466
1596	636405	118012878
1597	637203	120741721
1598	638001	114329730
1599	638800	114648728
1600	639600	116858781
1601	640400	118310546
1602	641200	113519353
1603	642001	123263719
1604	642803	117953313
1605	643605	117353553
1606	644407	117835880
1607	645210	118103655
1608	646014	116710466
1609	646818	118544487
1610	647622	120179865
1611	648427	126217256
1612	649233	120680169
1613	650039	116958697
1614	650845	117771286
1615	651652	120326710
1616	652460	118437964
1617	653268	129506737
1618	654076	119840183
1619	654885	117315791
1620	655695	118747140
1621	656505	118874974
1622	657315	122538077
1623	658126	147473984
1624	658938	120711325
1625	659750	118010648
1626	660562	127878047
1627	661375	124229735
1628	662189	122635646
1629	663003	119064794
1630	663817	120682407
1631	664632	120527284
1632	665448	122331443
1633	666264	120523503
1634	667080	119848123
1635	667897	123549876
1636	668715	122231468
1637	669533	118487339
1638	670351	124041484
1639	671170	123339776
1640	671990	124316133
1641	672810	126499087
1642	673630	124192756
1643	674451	124294571
1644	675273	127025943
1645	676095	136039693
1646	676917	134329772
1647	677740	123991405
1648	678564	124232846
1649	679388	125519611
1650	680212	123654165
1651	681037	128645278
1652	681863	126219372
1653	682689	124138276
1654	683515	138150960
1655	684342	128333631
1656	685170	126877857
1657	685998	148375784
1658	686826	136417905
1659	687655	121529847
1660	688485	124779418
1661	689315	128282311
1662	690145	121510644
1663	690976	129670651
1664	691808	127384397
1665	692640	139296619
1666	693472	129896173
1667	694305	122467410
1668	695139	129460409
1669	695973	145007162
1670	696807	139223683
1671	697642	129731679
1672	698478	144740082
1673	699314	149261721
1674	700150	128876938
1675	700987	125792987
1676	701825	130548656
1677	702663	129778324
1678	703501	128575253
1679	704340	132389694
1680	705180	130197960
1681	706020	130477288
1682	706860	131052747
1683	707701	135119120
1684	708543	135891451
1685	709385	132286021
1686	710227	130068231
1687	711070	137654735
1688	711914	132564992
1689	712758	143472547
1690	713602	132414588
1691	714447	128482124
1692	715293	133156185
1693	716139	133067005
1694	716985	130089099
1695	717832	138018774
1696	718680	134286255
1697	719528	147295760
1698	720376	148691405
1699	721225	136322978
1700	722075	167051637
1701	722925	146450444
1702	723775	131183220
1703	724626	133100177
1704	725478	137608075
1705	726330	135239190
1706	727182	134732606
1707	728035	140206569
1708	728889	135610604
1709	729743	133905871
1710	730597	142407082
1711	731452	133565534
1712	732308	137065844
1713	733164	134726520
1714	734020	133150813
1715	734877	137276548
1716	735735	196742926
1717	736593	142402411
1718	737451	137262240
1719	738310	137319995
1720	739170	147829797
1721	740030	135633168
1722	740890	136460324
1723	741751	140416355
1724	742613	138098274
1725	743475	143184356
1726	744337	142129405
1727	745200	140000566
1728	746064	140672037
1729	746928	137354824
1730	747792	141499698
1731	748657	137528221
1732	749523	137416063
1733	750389	139467377
1734	751255	139954499
1735	752122	152612837
1736	752990	139769583
1737	753858	174261885
1738	754726	163412523
1739	755595	139758242
1740	756465	144137927
1741	757335	141677903
1742	758205	141207420
1743	759076	165397551
1744	759948	139772698
1745	760820	142893535
1746	761692	144252307
1747	762565	138578920
1748	763439	145080670
1749	764313	145955502
1750	765187	142279493
1751	766062	142842403
1752	766938	153804699
1753	767814	144176912
1754	768690	140537814
1755	769567	148244471
1756	770445	143996525
1757	771323	156506893
1758	772201	166607627
1759	773080	143277332
1760	773960	142963794
1761	774840	149105096
1762	775720	152923246
1763	776601	144094035
1764	777483	155761419
1765	778365	153611238
1766	779247	155201607
1767	780130	150076670
1768	781014	146479819
1769	781898	148611938
1770	782782	170060954
1771	783667	175918456
1772	784553	148395713
1773	785439	150758366
1774	786325	147326716
1775	787212	147701980
1776	788100	169466678
1777	788988	157069684
1778	789876	162208423
1779	790765	149203992
1780	791655	149777330
1781	792545	148303351
1782	793435	150407646
1783	794326	157223554
1784	795218	148946886
1785	796110	159645964
1786	797002	152118606
1787	797895	154915723
1788	798789	149943171
1789	799683	149457783
1790	800577	169953103
1791	801472	157680169
1792	802368	163176328
1793	803264	169556616
1794	804160	169300311
1795	805057	155276780
1796	805955	155798607
1797	806853	160567115
1798	807751	152851789
1799	808650	179688560
1800	809550	155737020
1801	810450	156387936
1802	811350	156306355
1803	812251	151241094
1804	813153	159668711
1805	814055	156241079
1806	814957	156110717
1807	815860	192042077
1808	816764	162927762
1809	817668	155956229
1810	818572	162263078
1811	819477	153384804
1812	820383	158266350
1813	821289	170388515
1814	822195	165731863
1815	823102	159018290
1816	824010	153853357
1817	824918	155949343
1818	825826	158088594
1819	826735	157278793
1820	827645	155891261
1821	828555	157291103
1822	829465	159239862
1823	830376	165288414
1824	831288	158112417
1825	832200	165509963
1826	833112	156239659
1827	834025	161418204
1828	834939	161535820
1829	835853	154926984
1830	836767	160040372
1831	837682	162526844
1832	838598	181691332
1833	839514	165526913
1834	840430	162313532
1835	841347	159537524
1836	842265	164809158
1837	843183	163598477
1838	844101	173144460
1839	845020	163146599
1840	845940	178733417
1841	846860	162648774
1842	847780	162757041
1843	848701	178795242
1844	849623	169245988
1845	850545	166093295
1846	851467	161841847
1847	852390	166417500
1848	853314	160812093
1849	854238	167678850
1850	855162	164398661
1851	856087	166315055
1852	857013	159656407
1853	857939	172469263
1854	858865	164625048
1855	859792	162878212
1856	860720	166736464
1857	861648	194491333
1858	862576	169619522
1859	863505	183854264
1860	864435	168463789
1861	865365	161620018
1862	866295	166532039
1863	867226	191848489
1864	868158	172946729
1865	869090	169697241
1866	870022	168009635
1867	870955	164055515
1868	871889	167306372
1869	872823	197621994
1870	873757	177405412
1871	874692	165727462
1872	875628	169413303
1873	876564	187952455
1874	877500	178388277
1875	878437	170321294
1876	879375	192103177
1877	880313	172525527
1878	881251	170044267
1879	882190	175893139
1880	883130	174815555
1881	884070	177552809
1882	885010	176225641
1883	885951	200819007
1884	886893	177083869
1885	887835	184644402
1886	888777	182620465
1887	889720	177551042
1888	890664	172728962
1889	891608	182909700
1890	892552	174223107
1891	893497	168091952
1892	894443	172438656
1893	895389	179381150
1894	896335	180468824
1895	897282	190618502
1896	898230	173979607
1897	899178	166589881
1898	900126	175410184
1899	901075	174379473
1900	902025	173775322
1901	902975	187087453
1902	903925	205248518
1903	904876	177117863
1904	905828	175623830
1905	906780	178164859
1906	907732	179268689
1907	908685	221267695
1908	909639	179817351
1909	910593	174658950
1910	911547	181233140
1911	912502	197159546
1912	913458	187240394
1913	914414	196083219
1914	915370	212978798
1915	916327	204208097
1916	917285	228059099
1917	918243	195395981
1918	919201	200746226
1919	920160	190098921
1920	921120	198805687
1921	922080	226080478
1922	923040	192476819
1923	924001	256713406
1924	924963	190318574
1925	925925	201625733
1926	926887	200158084
1927	927850	232897072
1928	928814	201892303
1929	929778	189465405
1930	930742	212086551
1931	931707	235393058
1932	932673	259751661
1933	933639	197339073
1934	934605	235577595
1935	935572	216689416
1936	936540	203036538
1937	937508	214184705
1938	938476	205024852
1939	939445	218806864
1940	940415	208166393
1941	941385	201818348
1942	942355	222717871
1943	943326	207069255
1944	944298	221199862
1945	945270	225664834
1946	946242	203500100
1947	947215	214989799
1948	948189	196017734
1949	949163	197331498
1950	950137	217038716
1951	951112	198028336
1952	952088	203965674
1953	953064	220120939
1954	954040	188519394
1955	955017	186912786
1956	955995	192830023
1957	956973	181253088
1958	957951	189194766
1959	958930	208951676
1960	959910	209512141
1961	960890	190545285
1962	961870	203323145
1963	962851	197174657
1964	963833	193177555
1965	964815	214525047
1966	965797	199144186
1967	966780	209166484
1968	967764	202177739
1969	968748	194231098
1970	969732	188373559
1971	970717	199945328
1972	971703	193031572
1973	972689	191551130
1974	973675	204149731
1975	974662	190583927
1976	975650	209101262
1977	976638	197054803
1978	977626	193916317
1979	978615	187815287
1980	979605	196753610
1981	980595	185167352
1982	981585	193725170
1983	982576	212344392
1984	983568	187791220
1985	984560	206122749
1986	985552	197541184
1987	986545	194556483
1988	987539	193874119
1989	988533	195616840
1990	989527	210225787
1991	990522	197633383
1992	991518	204598580
1993	992514	194658425
1994	993510	197893867
1995	994507	196293703
1996	995505	287351028
1997	996503	224531276
1998	997501	239123414
1999	998500	200469481
2000	999500	193769399
