100	2475	912
101	2525	931
102	2575	1469
103	2626	1094
104	2678	869
105	2730	8802
106	2782	1601
107	2835	1186
108	2889	1268
109	2943	1271
110	2997	1237
111	3052	1136
112	3108	1352
113	3164	698
114	3220	987
115	3277	932
116	3335	967
117	3393	889
118	3451	1037
119	3510	9091
120	3570	1208
121	3630	1298
122	3690	687
123	3751	1826
124	3813	1145
125	3875	1030
126	3937	798
127	4000	1078
128	4064	9816
129	4128	5501
130	4192	920
131	4257	876
132	4323	1170
133	4389	790
134	4455	938
135	4522	879
136	4590	991
137	4658	1285
138	4726	1134
139	4795	1501
140	4865	7459
141	4935	9935
142	5005	1886
143	5076	1407
144	5148	1316
145	5220	1185
146	5292	9226
147	5365	10042
148	5439	993
149	5513	1271
150	5587	9839
151	5662	1170
152	5738	803
153	5814	1812
154	5890	2180
155	5967	2771
156	6045	1476
157	6123	1008
158	6201	2225
159	6280	1700
160	6360	1535
161	6440	1526
162	6520	2366
164	6683	8902
165	6765	1330
166	6847	2625
167	6930	1298
168	7014	1305
169	7098	2135
170	7182	1306
171	7267	1451
172	7353	2943
173	7439	3136
174	7525	1392
175	7612	1440
176	7700	2371
177	7788	1040
178	7876	1599
179	7965	1611
180	8055	1412
181	8145	1463
182	8235	1667
183	8326	983
184	8418	1484
185	8510	2759
186	8602	1385
187	8695	1518
188	8789	2397
189	8883	1426
190	8977	1399
191	9072	1516
192	9168	2482
193	9264	1706
194	9360	2049
195	9457	1729
196	9555	1779
197	9653	1783
198	9751	1903
199	9850	2003
200	9950	2102
201	10050	2606
202	10150	1667
203	10251	2742
204	10353	3368
205	10455	1627
206	10557	1707
207	10660	1421
208	10764	2897
209	10868	1796
210	10972	1264
211	11077	2155
212	11183	1986
213	11289	1776
214	11395	1174
215	11502	1245
216	11610	2900
217	11718	9539
218	11826	1502
219	11935	1220
220	12045	2424
221	12155	2254
222	12265	1756
223	12376	1511
224	12488	1224
225	12600	1376
226	12712	1696
227	12825	1209
228	12939	1268
229	13053	1323
230	13167	2225
231	13282	1459
232	13398	2581
233	13514	16601
234	13630	1529
235	13747	1437
236	13865	2084
237	13983	2582
238	14101	1230
239	14220	2472
240	14340	3390
241	14460	1452
242	14580	16941
243	14701	2192
244	14823	2137
245	14945	2495
246	15067	1984
247	15190	1987
248	15314	2265
249	15438	12165
250	15562	3130
251	15687	2371
252	15813	2933
253	15939	1684
254	16065	1731
255	16192	2724
256	16320	1456
257	16448	2308
259	16705	2096
260	16835	2377
261	16965	2279
262	17095	2567
263	17226	2125
264	17358	3969
265	17490	12385
266	17622	48760
267	17755	1539
268	17889	1454
269	18023	1908
270	18157	1749
271	18292	1581
272	18428	1966
273	18564	2172
274	18700	1459
275	18837	1559
276	18975	2537
277	19113	1418
278	19251	1595
279	19390	2373
280	19530	1721
281	19670	1564
282	19810	2559
283	19951	3482
284	20093	2789
285	20235	3408
286	20377	1937
287	20520	9163
288	20664	2281
289	20808	3166
290	20952	1630
291	21097	3188
292	21243	2589
293	21389	2767
294	21535	1670
295	21682	3258
296	21830	3079
297	21978	1846
298	22126	1577
299	22275	1822
300	22425	2569
301	22575	3305
302	22725	2572
303	22876	3291
304	23028	2626
305	23180	3263
306	23332	1901
307	23485	9069
308	23639	2917
309	23793	10879
310	23947	1824
311	24102	1782
312	24258	1740
313	24414	2488
314	24570	3285
315	24727	2784
316	24885	2153
317	25043	2454
318	25201	3057
319	25360	1851
320	25520	2075
321	25680	1872
322	25840	2439
323	26001	3720
324	26163	1666
325	26325	1757
326	26487	2967
327	26650	1789
328	26814	1765
329	26978	12768
330	27142	10214
331	27307	2371
332	27473	3766
333	27639	2804
334	27805	2539
335	27972	2561
336	28140	2828
337	28308	3483
338	28476	2362
339	28645	1956
340	28815	4353
341	28985	2728
342	29155	2627
343	29326	2895
344	29498	2423
345	29670	2909
346	29842	5604
347	30015	12262
349	30363	2926
350	30537	2877
351	30712	4347
352	30888	1918
353	31064	2153
354	31240	2053
355	31417	2295
356	31595	2460
357	31773	2172
358	31951	5015
359	32130	3036
360	32310	2029
361	32490	5457
362	32670	2988
363	32851	4925
364	33033	3825
365	33215	4136
366	33397	3242
367	33580	4815
368	33764	3107
369	33948	2108
370	34132	2320
371	34317	3153
372	34503	13441
373	34689	4254
374	34875	1954
375	35062	2127
376	35250	5706
377	35438	3559
378	35626	4728
379	35815	2320
380	36005	3350
381	36195	3167
382	36385	2121
383	36576	1920
384	36768	2268
385	36960	3409
386	37152	1986
387	37345	2931
388	37539	2031
389	37733	2016
390	37927	2822
391	38122	3273
392	38318	2042
393	38514	3502
394	38710	2483
395	38907	9948
396	39105	3320
397	39303	2335
398	39501	2894
399	39700	3375
400	39900	2912
401	40100	2153
402	40300	4613
403	40501	3503
404	40703	3083
405	40905	12848
406	41107	2155
407	41310	3691
408	41514	3502
409	41718	3382
410	41922	2332
411	42127	4853
412	42333	2158
413	42539	7480
414	42745	1939
415	42952	2190
416	43160	4255
417	43368	2187
418	43576	3832
419	43785	2604
420	43995	2292
421	44205	3280
422	44415	3561
423	44626	2210
424	44838	5114
425	45050	2359
426	45262	25730
427	45475	3182
428	45689	2246
429	45903	3281
430	46117	3254
431	46332	2575
432	46548	2305
433	46764	5240
434	46980	3686
435	47197	17996
436	47415	2782
437	47633	3993
438	47851	2755
439	48070	2201
440	48290	4216
441	48510	2977
442	48730	4331
443	48951	3571
444	49173	4416
445	49395	2866
446	49617	6434
447	49840	3909
448	50064	4511
449	50288	18308
450	50512	3416
451	50737	3390
452	50963	3438
453	51189	4094
454	51415	2807
455	51642	2365
456	51870	4591
457	52098	4665
458	52326	3741
459	52555	4137
460	52785	2992
461	53015	3513
462	53245	2636
463	53476	4983
464	53708	2850
465	53940	4195
466	54172	4001
467	54405	4221
468	54639	4024
469	54873	2560
470	55107	2652
471	55342	2549
472	55578	3615
473	55814	3113
474	56050	3329
475	56287	4178
476	56525	3463
477	56763	3445
478	57001	4165
479	57240	4140
480	57480	4243
481	57720	4417
482	57960	3335
483	58201	4108
484	58443	4249
485	58685	3344
486	58927	4037
487	59170	2677
488	59414	17208
489	59658	3636
490	59902	4127
491	60147	3140
492	60393	4038
493	60639	4138
494	60885	4097
495	61132	4439
496	61380	3545
497	61628	4503
498	61876	4399
499	62125	4115
500	62375	8675
501	62625	4132
502	62875	2960
503	63126	3197
504	63378	19001
505	63630	3781
506	63882	4863
507	64135	3615
508	64389	4621
509	64643	2886
510	64897	4401
511	65152	3744
512	65408	4653
513	65664	2800
514	65920	3304
515	66177	3832
516	66435	4100
517	66693	2840
518	66951	4056
519	67210	4311
520	67470	4417
521	67730	4020
522	67990	3309
523	68251	2876
524	68513	4243
525	68775	4709
526	69037	3730
527	69300	2616
528	69564	4159
529	69828	6193
530	70092	5051
531	70357	3663
532	70623	4155
533	70889	4336
534	71155	4244
535	71422	3560
536	71690	3877
537	71958	3728
538	72226	3993
539	72495	4187
540	72765	3194
541	73035	3277
542	73305	3422
543	73576	4339
544	73848	6554
545	74120	2954
546	74392	4725
547	74665	4619
548	74939	5360
549	75213	7382
550	75487	4488
551	75762	3432
552	76038	3265
553	76314	5881
554	76590	4006
555	76867	2865
556	77145	30621
557	77423	4478
558	77701	5077
559	77980	3972
560	78260	4503
561	78540	4438
562	78820	5587
563	79101	7416
564	79383	5775
565	79665	4632
566	79947	3705
567	80230	5787
568	80514	4972
569	80798	3900
570	81082	4297
571	81367	3141
572	81653	6655
573	81939	3649
574	82225	4737
575	82512	3523
576	82800	4376
577	83088	3804
578	83376	12961
579	83665	3972
580	83955	3062
581	84245	4630
582	84535	3170
583	84826	4824
584	85118	3439
585	85410	6760
586	85702	3597
587	85995	4392
588	86289	3600
589	86583	5015
590	86877	3820
591	87172	4813
592	87468	3790
593	87764	4602
594	88060	31170
595	88357	5119
596	88655	4749
597	88953	3958
598	89251	4611
599	89550	4726
600	89850	4793
601	90150	5953
602	90450	3600
603	90751	4687
604	91053	5099
605	91355	3526
606	91657	4313
607	91960	3309
608	92264	4498
609	92568	5445
610	92872	3592
611	93177	4846
612	93483	3639
613	93789	4988
614	94095	4533
615	94402	4537
616	94710	6546
617	95018	3708
618	95326	5008
619	95635	4757
620	95945	4973
621	96255	5400
622	96565	3768
623	96876	3816
624	97188	10323
625	97500	5744
626	97812	5383
627	98125	4921
628	98439	5268
629	98753	3587
630	99067	4942
631	99382	5993
632	99698	5470
633	100014	3734
634	100330	4955
635	100647	5194
636	100965	4762
637	101283	4850
638	101601	6436
639	101920	5260
641	102560	4189
642	102880	6209
643	103201	6721
644	103523	4809
645	103845	6442
646	104167	24092
647	104490	5859
648	104814	5296
649	105138	3701
650	105462	4291
651	105787	6335
652	106113	5219
653	106439	5109
654	106765	17453
655	107092	6367
656	107420	10623
657	107748	5384
658	108076	7688
659	108405	7244
660	108735	5986
661	109065	6559
662	109395	5888
663	109726	7474
664	110058	5681
665	110390	9539
666	110722	7054
667	111055	6375
668	111389	6027
669	111723	6455
670	112057	8248
671	112392	4429
672	112728	4410
673	113064	5333
674	113400	11697
675	113737	6701
676	114075	5455
677	114413	4927
678	114751	7288
679	115090	4784
680	115430	4688
681	115770	5831
682	116110	90695
683	116451	8215
684	116793	4394
685	117135	4053
686	117477	9548
687	117820	5654
688	118164	5824
689	118508	6708
690	118852	8354
691	119197	6814
692	119543	5980
693	119889	5312
694	120235	7643
695	120582	7942
696	120930	4612
697	121278	4094
698	121626	6064
699	121975	6730
700	122325	5647
701	122675	4415
702	123025	6268
703	123376	8998
704	123728	8502
705	124080	6997
706	124432	9702
707	124785	7207
708	125139	5555
709	125493	4849
710	125847	7872
711	126202	7069
712	126558	6188
713	126914	6102
714	127270	8295
715	127627	4720
716	127985	4665
717	128343	6531
718	128701	6180
719	129060	4843
720	129420	5895
721	129780	7652
722	130140	4975
723	130501	4201
724	130863	5541
725	131225	7002
726	131587	5598
727	131950	6465
728	132314	4838
729	132678	4715
730	133042	6227
731	133407	6355
732	133773	4388
733	134139	4582
734	134505	4397
735	134872	6422
736	135240	5059
737	135608	13129
738	135976	9497
739	136345	7010
740	136715	6703
741	137085	6524
742	137455	6695
743	137826	6456
744	138198	7067
745	138570	5211
746	138942	6752
747	139315	6444
748	139689	6508
749	140063	7165
750	140437	4854
751	140812	11720
752	141188	4482
753	141564	7255
754	141940	14082
755	142317	4743
756	142695	7499
757	143073	7670
758	143451	4690
759	143830	7391
760	144210	6755
761	144590	5641
762	144970	7434
763	145351	5462
764	145733	6549
765	146115	7824
766	146497	6345
767	146880	6686
768	147264	6011
769	147648	9957
770	148032	6169
771	148417	6988
772	148803	7672
773	149189	6802
774	149575	7302
775	149962	6395
776	150350	7157
777	150738	4992
778	151126	8453
779	151515	6314
780	151905	6083
781	152295	7343
782	152685	34077
783	153076	7091
784	153468	7891
785	153860	6708
786	154252	7552
787	154645	6054
788	155039	6645
789	155433	5684
790	155827	10063
791	156222	6295
792	156618	7142
793	157014	16076
794	157410	8471
795	157807	5621
796	158205	5370
797	158603	5203
798	159001	7324
799	159400	6978
800	159800	6853
801	160200	7774
802	160600	7304
803	161001	7610
804	161403	6240
805	161805	8765
806	162207	7608
807	162610	7890
808	163014	5847
809	163418	10394
810	163822	4769
811	164227	10892
812	164633	9060
813	165039	15241
814	165445	6197
815	165852	5129
816	166260	5440
817	166668	5624
818	167076	5436
819	167485	7085
820	167895	7542
821	168305	6700
822	168715	10312
823	169126	7620
824	169538	11163
825	169950	5720
826	170362	5418
827	170775	22655
828	171189	7985
829	171603	7260
830	172017	8881
831	172432	5565
832	172848	6019
833	173264	8332
834	173680	11976
835	174097	7794
836	174515	12915
837	174933	7569
838	175351	7346
839	175770	10858
840	176190	7636
841	176610	7598
842	177030	7294
843	177451	8428
844	177873	5679
845	178295	12873
846	178717	6008
847	179140	7753
848	179564	17104
849	179988	5983
850	180412	5873
851	180837	7443
852	181263	7908
853	181689	8290
854	182115	85830
855	182542	7437
856	182970	5974
857	183398	8283
858	183826	9560
859	184255	7327
860	184685	5943
861	185115	6943
862	185545	28343
863	185976	13377
864	186408	7988
865	186840	6984
866	187272	8688
867	187705	6738
868	188139	10083
869	188573	25274
870	189007	9167
871	189442	32287
872	189878	5980
873	190314	12980
874	190750	6072
875	191187	8628
876	191625	8753
877	192063	30796
878	192501	7009
879	192940	6429
880	193380	6230
881	193820	10783
882	194260	10687
883	194701	6997
884	195143	9472
885	195585	8565
886	196027	7187
887	196470	6185
888	196914	11329
889	197358	6719
890	197802	6269
891	198247	8112
892	198693	41510
893	199139	6922
894	199585	9240
895	200032	9336
896	200480	6805
897	200928	83478
898	201376	6478
899	201825	9451
900	202275	10130
901	202725	18216
902	203175	9283
903	203626	9635
904	204078	42245
905	204530	10544
906	204982	7466
907	205435	9662
908	205889	6844
909	206343	9168
910	206797	6399
911	207252	6841
912	207708	7003
913	208164	9015
914	208620	8239
915	209077	10381
916	209535	35600
917	209993	10032
918	210451	10617
919	210910	8951
920	211370	8537
921	211830	8947
922	212290	9399
923	212751	7182
924	213213	6550
925	213675	9247
926	214137	8045
927	214600	10046
928	215064	9445
929	215528	7477
930	215992	9168
931	216457	7559
932	216923	9260
933	217389	6363
934	217855	9197
935	218322	6680
936	218790	7395
937	219258	9824
938	219726	7865
939	220195	9567
940	220665	6682
941	221135	10227
942	221605	10236
943	222076	11188
944	222548	7577
945	223020	11363
946	223492	11425
947	223965	9701
948	224439	7364
949	224913	10210
950	225387	15118
951	225862	9932
952	226338	10056
953	226814	9555
954	227290	6392
955	227767	7057
956	228245	10765
957	228723	7217
958	229201	10140
959	229680	9243
960	230160	55400
961	230640	7256
962	231120	10016
963	231601	9309
964	232083	7367
965	232565	20473
966	233047	12156
967	233530	7174
968	234014	7552
969	234498	34210
970	234982	14304
971	235467	14128
972	235953	7017
973	236439	7069
974	236925	9499
975	237412	6930
976	237900	9512
977	238388	9498
978	238876	17220
979	239365	7073
980	239855	7903
981	240345	10214
982	240835	10253
983	241326	9619
984	241818	9699
985	242310	11338
986	242802	9039
987	243295	7316
988	243789	9620
989	244283	7263
990	244777	6658
991	245272	11152
992	245768	6973
993	246264	10021
994	246760	6822
995	247257	7162
996	247755	10231
997	248253	11562
998	248751	7307
999	249250	10784
1000	249750	7745
1001	250250	7406
1003	251251	7134
1004	251753	7661
1005	252255	11911
1006	252757	15491
1007	253260	10785
1008	253764	6893
1009	254268	6451
1010	254772	11487
1011	255277	7420
1012	255783	10559
1013	256289	9817
1014	256795	9979
1015	257302	6889
1016	257810	9701
1017	258318	10228
1018	258826	7150
1019	259335	7039
1020	259845	7596
1021	260355	25602
1022	260865	7433
1023	261376	10784
1024	261888	11232
1025	262400	8955
1026	262912	10735
1027	263425	10135
1028	263939	8993
1029	264453	10655
1030	264967	10838
1031	265482	8002
1032	265998	11162
1033	266514	7104
1034	267030	95271
1035	267547	9158
1036	268065	10680
1037	268583	8449
1038	269101	7060
1039	269620	14975
1040	270140	7140
1041	270660	10694
1042	271180	6948
1043	271701	7117
1044	272223	6616
1045	272745	15352
1046	273267	10203
1047	273790	7246
1048	274314	7531
1049	274838	16026
1050	275362	6566
1051	275887	6697
1052	276413	12891
1053	276939	10232
1054	277465	11242
1055	277992	9493
1056	278520	11923
1057	279048	6970
1058	279576	8623
1059	280105	9821
1060	280635	11995
1061	281165	10072
1062	281695	9616
1063	282226	6695
1064	282758	9330
1065	283290	9419
1067	284355	13092
1068	284889	18300
1069	285423	12259
1070	285957	10150
1071	286492	10455
1072	287028	6486
1073	287564	16460
1074	288100	10155
1075	288637	12911
1076	289175	10296
1077	289713	6775
1079	290790	25651
1080	291330	8634
1081	291870	44928
1082	292410	7160
1083	292951	10858
1084	293493	7762
1085	294035	9597
1086	294577	10664
1087	295120	17588
1088	295664	9638
1089	296208	10217
1090	296752	10638
1091	297297	7905
1092	297843	8660
1093	298389	10080
1094	298935	7735
1095	299482	9008
1096	300030	7973
1097	300578	9970
1098	301126	17246
1099	301675	14187
1101	302775	8241
1102	303325	10195
1103	303876	6631
1104	304428	12381
1105	304980	7167
1106	305532	7966
1107	306085	17579
1108	306639	6970
1109	307193	8077
1110	307747	7765
1111	308302	47891
1112	308858	7638
1113	309414	10227
1114	309970	9678
1115	310527	7901
1116	311085	15936
1117	311643	14918
1118	312201	9658
1119	312760	7894
1120	313320	7012
1121	313880	30635
1122	314440	9247
1123	315001	10452
1124	315563	7276
1125	316125	9631
1126	316687	11871
1127	317250	13399
1128	317814	12962
1129	318378	10296
1130	318942	8914
1131	319507	8477
1132	320073	15237
1133	320639	10803
1134	321205	7722
1135	321772	9201
1136	322340	17063
1137	322908	7796
1138	323476	10362
1139	324045	10296
1140	324615	12063
1141	325185	16420
1142	325755	11317
1143	326326	11772
1144	326898	124619
1145	327470	11682
1146	328042	7629
1147	328615	7407
1148	329189	11762
1149	329763	7703
1150	330337	11343
1151	330912	12665
1152	331488	7223
1153	332064	16143
1154	332640	9538
1155	333217	7589
1156	333795	6887
1157	334373	7067
1158	334951	9839
1159	335530	10979
1160	336110	7321
1161	336690	23119
1162	337270	14401
1163	337851	11371
1164	338433	16929
1165	339015	7246
1166	339597	8128
1168	340764	12073
1169	341348	11095
1170	341932	9919
1171	342517	7038
1172	343103	7790
1173	343689	7701
1174	344275	9248
1175	344862	7049
1176	345450	8255
1177	346038	7615
1178	346626	11601
1179	347215	18553
1180	347805	11915
1181	348395	11358
1182	348985	21318
1183	349576	9285
1184	350168	10971
1185	350760	9728
1186	351352	10577
1187	351945	10287
1188	352539	7942
1189	353133	10674
1190	353727	8855
1191	354322	52777
1192	354918	8286
1193	355514	10678
1194	356110	36506
1195	356707	12700
1196	357305	15410
1197	357903	7865
1198	358501	6695
1199	359100	8772
1200	359700	8037
1201	360300	12227
1202	360900	13359
1203	361501	13721
1204	362103	7932
1205	362705	7571
1206	363307	9890
1207	363910	14543
1208	364514	10374
1209	365118	10679
1210	365722	9673
1211	366327	14853
1212	366933	15539
1214	368145	10431
1215	368752	10369
1216	369360	8157
1217	369968	25296
1218	370576	7204
1219	371185	11417
1220	371795	16194
1221	372405	11216
1222	373015	13384
1223	373626	9041
1224	374238	7319
1225	374850	10793
1226	375462	10735
1227	376075	12725
1229	377303	8213
1230	377917	8730
1231	378532	11303
1232	379148	10970
1233	379764	12370
1234	380380	12028
1235	380997	16943
1236	381615	9948
1237	382233	11130
1238	382851	11343
1239	383470	8046
1241	384710	11700
1242	385330	7788
1243	385951	10934
1244	386573	12046
1245	387195	11976
1246	387817	11393
1247	388440	9169
1248	389064	15473
1249	389688	12895
1250	390312	9739
1251	390937	11187
1252	391563	11886
1253	392189	11890
1254	392815	7869
1255	393442	8355
1256	394070	14659
1257	394698	9190
1258	395326	18647
1259	395955	7661
1261	397215	9422
1262	397845	23436
1263	398476	12963
1264	399108	13368
1265	399740	9802
1266	400372	10392
1267	401005	14611
1268	401639	11967
1269	402273	47075
1270	402907	7958
1271	403542	8037
1272	404178	13403
1273	404814	43567
1274	405450	12812
1275	406087	16073
1276	406725	8806
1277	407363	8863
1278	408001	8793
1279	408640	10760
1280	409280	12776
1281	409920	8137
1282	410560	12043
1283	411201	13163
1284	411843	15704
1285	412485	11180
1286	413127	12628
1287	413770	13699
1288	414414	8334
1289	415058	7872
1290	415702	10977
1291	416347	7857
1292	416993	11085
1293	417639	11548
1294	418285	8790
1295	418932	12399
1296	419580	12078
1297	420228	10888
1298	420876	11846
1299	421525	8633
1300	422175	13024
1301	422825	27159
1302	423475	12238
1303	424126	13372
1304	424778	11622
1305	425430	14138
1306	426082	10152
1307	426735	11916
1308	427389	12071
1309	428043	12100
1310	428697	13770
1311	429352	11916
1312	430008	10723
1313	430664	31782
1314	431320	8747
1315	431977	11651
1316	432635	7718
1317	433293	8582
1318	433951	18320
1319	434610	14745
1320	435270	14109
1321	435930	16251
1322	436590	8418
1323	437251	15635
1324	437913	16788
1325	438575	11959
1326	439237	12227
1327	439900	13430
1328	440564	13452
1329	441228	13019
1330	441892	12985
1331	442557	11605
1332	443223	7909
1333	443889	13663
1334	444555	9319
1335	445222	8085
1336	445890	12326
1337	446558	10786
1338	447226	27477
1339	447895	8682
1340	448565	12950
1341	449235	9032
1342	449905	8995
1343	450576	12061
1344	451248	13034
1345	451920	12728
1346	452592	32802
1347	453265	11102
1348	453939	7914
1349	454613	11485
1350	455287	27530
1351	455962	16110
1352	456638	9188
1353	457314	13169
1354	457990	8478
1355	458667	12689
1356	459345	13192
1357	460023	8315
1358	460701	16520
1359	461380	13998
1360	462060	18678
1361	462740	9406
1362	463420	14896
1363	464101	13033
1364	464783	13768
1365	465465	11673
1366	466147	8593
1367	466830	8450
1368	467514	18100
1369	468198	15390
1371	469567	11641
1372	470253	12910
1373	470939	11538
1374	471625	10190
1375	472312	13824
1376	473000	14286
1377	473688	14180
1378	474376	13447
1379	475065	59856
1380	475755	13418
1381	476445	13987
1382	477135	13816
1383	477826	17211
1385	479210	15258
1386	479902	9448
1387	480595	15608
1389	481983	11207
1390	482677	13654
1391	483372	16118
1392	484068	9978
1393	484764	9242
1394	485460	13063
1395	486157	16267
1396	486855	11191
1397	487553	17195
1398	488251	13534
1399	488950	14608
1400	489650	12434
1401	490350	16416
1402	491050	12814
1403	491751	12586
1404	492453	13243
1405	493155	14286
1406	493857	14058
1407	494560	10802
1408	495264	14285
1409	495968	15212
1410	496672	16582
1411	497377	19728
1412	498083	15269
1413	498789	14949
1414	499495	9109
1417	501618	9057
1418	502326	28847
1419	503035	12106
1420	503745	13870
1421	504455	9118
1422	505165	16991
1423	505876	17220
1424	506588	10007
1425	507300	12448
1426	508012	8992
1427	508725	12526
1428	509439	37349
1429	510153	14957
1430	510867	16114
1431	511582	9172
1432	512298	18775
1433	513014	12724
1434	513730	16508
1435	514447	14954
1436	515165	8921
1437	515883	15601
1438	516601	15920
1439	517320	8611
1440	518040	15967
1441	518760	11508
1442	519480	10290
1443	520201	12659
1444	520923	15893
1445	521645	9931
1446	522367	17383
1447	523090	13993
1448	523814	25556
1449	524538	14107
1450	525262	13189
1451	525987	15962
1452	526713	12941
1453	527439	13401
1454	528165	14001
1455	528892	20405
1456	529620	11532
1457	530348	16191
1458	531076	13439
1459	531805	13181
1461	533265	12444
1462	533995	12301
1463	534726	15976
1464	535458	19218
1465	536190	11913
1466	536922	13340
1467	537655	14140
1468	538389	12312
1469	539123	12641
1470	539857	15571
1471	540592	14213
1472	541328	96792
1473	542064	23154
1474	542800	14383
1475	543537	17948
1476	544275	36805
1477	545013	13601
1478	545751	16371
1479	546490	14584
1480	547230	14581
1481	547970	10115
1482	548710	12200
1483	549451	9607
1484	550193	10890
1485	550935	18550
1486	551677	14975
1487	552420	14745
1488	553164	10300
1489	553908	17732
1490	554652	25185
1491	555397	13883
1492	556143	14787
1493	556889	12253
1494	557635	14677
1495	558382	17997
1496	559130	11890
1497	559878	17025
1498	560626	15881
1499	561375	16690
1500	562125	22504
1501	562875	11624
1502	563625	12918
1503	564376	12519
1504	565128	11526
1505	565880	15540
1506	566632	8840
1507	567385	10754
1508	568139	13771
1509	568893	13759
1510	569647	60530
1511	570402	18828
1512	571158	10844
1513	571914	20530
1514	572670	16423
1515	573427	13649
1516	574185	12630
1517	574943	11240
1518	575701	13758
1519	576460	13594
1520	577220	11094
1521	577980	17081
1522	578740	17619
1523	579501	12930
1524	580263	11595
1525	581025	15038
1526	581787	14047
1527	582550	14900
1528	583314	13666
1529	584078	14474
1530	584842	15940
1531	585607	14146
1532	586373	19803
1533	587139	12714
1534	587905	12463
1535	588672	14231
1536	589440	21255
1537	590208	17880
1538	590976	16331
1539	591745	15474
1540	592515	14399
1541	593285	10475
1542	594055	11125
1543	594826	14004
1545	596370	15603
1546	597142	16207
1547	597915	14454
1548	598689	9772
1549	599463	11492
1550	600237	10219
1551	601012	96086
1552	601788	15642
1553	602564	14535
1554	603340	10040
1555	604117	16044
1556	604895	14946
1557	605673	14759
1558	606451	19044
1559	607230	18115
1560	608010	9805
1561	608790	19378
1562	609570	12176
1563	610351	14279
1564	611133	11288
1565	611915	11136
1566	612697	10311
1567	613480	15986
1568	614264	21759
1569	615048	15920
1570	615832	17778
1571	616617	56720
1572	617403	12634
1574	618975	11424
1575	619762	13139
1576	620550	24092
1577	621338	10148
1578	622126	13803
1579	622915	14775
1580	623705	12204
1581	624495	18015
1582	625285	16508
1583	626076	14214
1584	626868	10097
1585	627660	10692
1586	628452	21924
1587	629245	15719
1588	630039	29896
1589	630833	13280
1590	631627	16932
1591	632422	10907
1592	633218	32250
1593	634014	12572
1594	634810	16130
1595	635607	15700
1596	636405	26205
1597	637203	24964
1598	638001	15969
1599	638800	15205
1600	639600	15645
1601	640400	11111
1602	641200	10477
1603	642001	23186
1604	642803	12757
1605	643605	11535
1607	645210	21236
1608	646014	17015
1609	646818	19423
1610	647622	13565
1611	648427	18361
1612	649233	10286
1613	650039	14402
1614	650845	13372
1615	651652	13539
1616	652460	14434
1617	653268	18634
1618	654076	15215
1619	654885	16105
1620	655695	10629
1621	656505	16899
1622	657315	15355
1623	658126	15224
1624	658938	13541
1625	659750	13706
1626	660562	16122
1627	661375	12550
1628	662189	15150
1629	663003	11097
1630	663817	96164
1631	664632	15565
1632	665448	17982
1633	666264	15553
1634	667080	12445
1635	667897	19225
1636	668715	16628
1637	669533	17416
1638	670351	16525
1639	671170	10003
1640	671990	21026
1641	672810	25190
1642	673630	16658
1643	674451	20281
1644	675273	19987
1645	676095	24143
1646	676917	12799
1647	677740	18554
1648	678564	19663
1649	679388	12406
1650	680212	17619
1651	681037	26013
1652	681863	18261
1653	682689	15965
1654	683515	17070
1655	684342	16752
1656	685170	15400
1657	685998	10590
1658	686826	15260
1659	687655	10301
1660	688485	11215
1661	689315	12938
1662	690145	12360
1663	690976	15587
1664	691808	14227
1665	692640	14006
1666	693472	19445
1667	694305	16887
1668	695139	18245
1669	695973	12276
1670	696807	12082
1671	697642	11726
1672	698478	15840
1673	699314	20843
1674	700150	10587
1675	700987	11309
1676	701825	15080
1677	702663	17130
1678	703501	11744
1679	704340	15005
1680	705180	18876
1681	706020	12152
1682	706860	11368
1684	708543	23646
1685	709385	12499
1686	710227	16937
1687	711070	15686
1688	711914	19053
1689	712758	11191
1690	713602	17456
1691	714447	13644
1692	715293	19706
1693	716139	18174
1694	716985	20381
1695	717832	15843
1696	718680	18645
1697	719528	15760
1698	720376	11179
1699	721225	12331
1700	722075	16967
1701	722925	16247
1702	723775	12453
1703	724626	11777
1704	725478	11836
1705	726330	20936
1706	727182	19172
1707	728035	16412
1708	728889	11999
1709	729743	19989
1710	730597	11300
1711	731452	17318
1712	732308	33033
1714	734020	14904
1715	734877	18063
1716	735735	21209
1717	736593	22107
1718	737451	19219
1719	738310	23855
1720	739170	35994
1721	740030	12659
1723	741751	11585
1724	742613	17964
1725	743475	10580
1726	744337	20796
1728	746064	12321
1730	747792	18944
1731	748657	18907
1732	749523	18669
1733	750389	12012
1734	751255	17234
1735	752122	15701
1736	752990	16298
1737	753858	16120
1738	754726	12830
1739	755595	24800
1740	756465	16578
1741	757335	17869
1742	758205	13860
1743	759076	25468
1744	759948	24593
1745	760820	27688
1746	761692	12641
1747	762565	18102
1748	763439	12624
1749	764313	79917
1750	765187	15730
1751	766062	24254
1752	766938	16881
1753	767814	14016
1754	768690	17501
1755	769567	18356
1756	770445	11620
1757	771323	20297
1758	772201	18728
1759	773080	25747
1760	773960	23411
1761	774840	22629
1762	775720	11753
1763	776601	12770
1764	777483	12233
1765	778365	17815
1766	779247	17940
1767	780130	11999
1768	781014	22303
1769	781898	17010
1770	782782	12532
1771	783667	12282
1772	784553	19394
1773	785439	20173
1774	786325	32397
1775	787212	12766
1776	788100	21982
1777	788988	17417
1778	789876	20517
1779	790765	19312
1780	791655	16522
1781	792545	17586
1782	793435	17934
1783	794326	11944
1784	795218	18305
1785	796110	17820
1786	797002	20332
1787	797895	19222
1788	798789	14765
1789	799683	25352
1790	800577	14260
1791	801472	13711
1792	802368	18959
1793	803264	19966
1794	804160	18088
1795	805057	24385
1796	805955	24418
1797	806853	15340
1798	807751	21484
1799	808650	21986
1800	809550	25456
1801	810450	23615
1802	811350	64246
1803	812251	14521
1804	813153	15839
1805	814055	22522
1807	815860	18922
1808	816764	26004
1809	817668	47637
1810	818572	15781
1811	819477	13359
1812	820383	21392
1813	821289	32379
1814	822195	19536
1815	823102	15414
1816	824010	25831
1817	824918	23860
1818	825826	19526
1819	826735	18664
1820	827645	19986
1821	828555	21624
1822	829465	29679
1823	830376	24784
1824	831288	27254
1825	832200	19569
1826	833112	22680
1827	834025	20102
1828	834939	20996
1829	835853	20333
1830	836767	16282
1831	837682	13800
1832	838598	57301
1833	839514	15417
1834	840430	30061
1836	842265	26556
1837	843183	14713
1838	844101	15321
1839	845020	66730
1840	845940	20926
1841	846860	54512
1842	847780	58626
1843	848701	21500
1844	849623	74933
1845	850545	21587
1846	851467	24430
1847	852390	41507
1848	853314	22881
1849	854238	22900
1850	855162	21865
1851	856087	23800
1852	857013	15180
1853	857939	15418
1854	858865	14786
1855	859792	15427
1856	860720	54216
1857	861648	21086
1858	862576	23195
1859	863505	16308
1860	864435	47609
1861	865365	15645
1863	867226	43531
1864	868158	45633
1865	869090	23438
1866	870022	15660
1867	870955	19256
1868	871889	20038
1869	872823	23626
1870	873757	38254
1871	874692	16600
1872	875628	13520
1873	876564	27574
1874	877500	26156
1875	878437	28876
1876	879375	53498
1877	880313	17675
1878	881251	16406
1879	882190	23298
1880	883130	30713
1881	884070	20627
1882	885010	28824
1883	885951	47728
1884	886893	36220
1885	887835	27748
1886	888777	16842
1887	889720	19632
1888	890664	21142
1889	891608	21368
1890	892552	40558
1891	893497	20894
1892	894443	28285
1893	895389	21820
1894	896335	14904
1895	897282	20223
1896	898230	22419
1897	899178	21007
1898	900126	18760
1900	902025	22234
1901	902975	21924
1902	903925	22570
1903	904876	16075
1904	905828	17263
1905	906780	20054
1906	907732	22556
1907	908685	22118
1908	909639	18714
1909	910593	25670
1910	911547	14627
1911	912502	13750
1912	913458	27414
1913	914414	16072
1914	915370	27143
1915	916327	22573
1917	918243	16100
1918	919201	28764
1919	920160	15325
1920	921120	25513
1921	922080	15872
1922	923040	14768
1923	924001	23241
1924	924963	74187
1925	925925	14492
1927	927850	29735
1928	928814	29447
1929	929778	22130
1930	930742	21049
1932	932673	24317
1933	933639	23589
1934	934605	16786
1935	935572	22649
1936	936540	19206
1937	937508	23523
1938	938476	15516
1939	939445	38652
1940	940415	21490
1941	941385	16194
1942	942355	24736
1943	943326	22526
1944	944298	24909
1945	945270	15235
1946	946242	21970
1947	947215	22495
1948	948189	24535
1949	949163	15377
1950	950137	18861
1951	951112	15431
1952	952088	20817
1953	953064	15068
1954	954040	36873
1955	955017	27821
1956	955995	16664
1957	956973	20656
1958	957951	16617
1959	958930	16977
1960	959910	20583
1961	960890	18946
1962	961870	33299
1964	963833	14770
1965	964815	15750
1966	965797	65926
1967	966780	22519
1968	967764	22382
1969	968748	20901
1970	969732	42521
1971	970717	21667
1972	971703	19793
1973	972689	15841
1974	973675	21982
1975	974662	21906
1976	975650	65997
1977	976638	17109
1978	977626	27380
1979	978615	22908
1980	979605	22831
1981	980595	34022
1982	981585	45796
1983	982576	24229
1984	983568	20090
1985	984560	43954
1986	985552	16738
1987	986545	22936
1988	987539	16217
1989	988533	28856
1990	989527	16787
1991	990522	39040
1993	992514	15538
1994	993510	17795
1995	994507	63641
1996	995505	43019
1997	996503	20422
1998	997501	22012
1999	998500	16312
2000	999500	55015
