100	4950	88
101	5050	88
102	5151	121
103	5253	75
104	5356	74
105	5460	73
106	5565	39
107	5671	42
108	5778	40
109	5886	40
110	5995	38
111	6105	162
112	6216	41
113	6328	40
114	6441	43
115	6555	45
116	6670	44
117	6786	66
118	6903	45
119	7021	47
120	7140	137
121	7260	47
122	7381	48
123	7503	51
124	7626	47
125	7750	56
126	7875	50
127	8001	58
128	8128	53
129	8256	53
130	8385	56
131	8515	59
132	8646	57
133	8778	58
134	8911	62
135	9045	60
136	9180	65
137	9316	61
138	9453	58
139	9591	67
140	9730	74
141	9870	60
142	10011	69
143	10153	65
144	10296	63
145	10440	108
146	10585	72
147	10731	73
148	10878	98
149	11026	91
150	11175	81
151	11325	74
152	11476	366
153	11628	77
154	11781	84
155	11935	83
156	12090	81
157	12246	77
158	12403	98
159	12561	116
160	12720	141
161	12880	105
162	13041	103
163	13203	85
164	13366	93
165	13530	97
166	13695	95
167	13861	81
168	14028	100
169	14196	97
170	14365	94
171	14535	93
172	14706	106
173	14878	96
174	15051	103
175	15225	95
176	15400	115
177	15576	118
178	15753	110
179	15931	114
180	16110	118
181	16290	114
182	16471	124
183	16653	121
184	16836	317
185	17020	117
186	17205	172
187	17391	387
188	17578	123
189	17766	121
190	17955	368
191	18145	140
192	18336	129
193	18528	163
194	18721	282
195	18915	146
196	19110	166
197	19306	131
198	19503	124
199	19701	133
200	19900	139
201	20100	163
202	20301	154
203	20503	136
204	20706	144
205	20910	138
206	21115	148
207	21321	147
208	21528	147
209	21736	150
210	21945	205
211	22155	143
212	22366	170
213	22578	164
214	22791	159
215	23005	161
216	23220	172
217	23436	157
218	23653	166
219	23871	176
220	24090	158
221	24310	426
222	24531	182
223	24753	159
224	24976	270
225	25200	186
226	25425	182
227	25651	174
228	25878	161
229	26106	187
230	26335	196
231	26565	188
232	26796	236
233	27028	194
234	27261	254
235	27495	206
236	27730	201
237	27966	273
238	28203	211
239	28441	211
240	28680	207
241	28920	203
242	29161	199
243	29403	222
244	29646	203
245	29890	202
246	30135	208
247	30381	500
248	30628	371
249	30876	252
250	31125	233
251	31375	219
252	31626	228
253	31878	228
254	32131	225
255	32385	266
256	32640	264
257	32896	426
258	33153	499
259	33411	246
260	33670	588
261	33930	652
262	34191	463
263	34453	614
264	34716	618
265	34980	587
266	35245	717
267	35511	342
268	35778	624
269	36046	736
270	36315	1029
271	36585	240
272	36856	417
273	37128	666
274	37401	693
275	37675	434
276	37950	450
277	38226	703
278	38503	896
279	38781	427
280	39060	604
281	39340	498
282	39621	574
283	39903	486
284	40186	616
285	40470	500
286	40755	641
287	41041	807
288	41328	297
289	41616	363
290	41905	596
291	42195	318
292	42486	608
293	42778	758
294	43071	300
295	43365	583
296	43660	526
297	43956	890
298	44253	317
299	44551	397
300	44850	687
301	45150	394
302	45451	332
303	45753	359
304	46056	550
305	46360	1245
306	46665	339
307	46971	401
308	47278	367
309	47586	961
310	47895	372
311	48205	700
312	48516	993
313	48828	426
314	49141	874
315	49455	1025
316	49770	662
317	50086	929
318	50403	379
319	50721	1348
320	51040	1429
321	51360	1303
322	51681	889
323	52003	1456
324	52326	985
325	52650	807
326	52975	851
327	53301	538
328	53628	473
329	53956	443
330	54285	531
331	54615	399
332	54946	457
333	55278	2011
334	55611	562
335	55945	458
336	56280	1528
337	56616	644
338	56953	1014
339	57291	979
340	57630	857
341	57970	549
342	58311	627
343	58653	1608
344	58996	565
345	59340	934
346	59685	534
347	60031	853
348	60378	1573
349	60726	1730
350	61075	1548
351	61425	754
352	61776	812
353	62128	566
354	62481	667
355	62835	418
356	63190	472
357	63546	564
358	63903	515
359	64261	474
360	64620	647
361	64980	488
362	65341	706
363	65703	473
364	66066	1318
365	66430	481
366	66795	868
367	67161	489
368	67528	510
369	67896	520
370	68265	499
371	68635	498
372	69006	507
373	69378	595
374	69751	1110
375	70125	562
376	70500	1323
377	70876	1137
378	71253	718
379	71631	980
380	72010	608
381	72390	756
382	72771	538
383	73153	744
384	73536	778
385	73920	711
386	74305	927
387	74691	1597
388	75078	557
389	75466	552
390	75855	1046
391	76245	570
392	76636	558
393	77028	879
394	77421	574
395	77815	923
396	78210	581
397	78606	1388
398	79003	1265
399	79401	772
400	79800	738
401	80200	605
402	80601	2649
403	81003	717
404	81406	2117
405	81810	796
406	82215	1117
407	82621	965
408	83028	1955
409	83436	614
410	83845	1091
411	84255	2280
412	84666	662
413	85078	747
414	85491	612
415	85905	983
416	86320	836
417	86736	974
418	87153	645
419	87571	1368
420	87990	794
421	88410	1114
422	88831	660
423	89253	1445
424	89676	655
425	90100	672
426	90525	1826
427	90951	705
428	91378	671
429	91806	1684
430	92235	684
431	92665	2534
432	93096	698
433	93528	743
434	93961	1769
435	94395	718
436	94830	729
437	95266	2028
438	95703	747
439	96141	750
440	96580	2080
441	97020	788
442	97461	2749
443	97903	743
444	98346	730
445	98790	2571
446	99235	819
447	99681	754
448	100128	1846
449	100576	766
450	101025	3288
451	101475	799
452	101926	845
453	102378	813
454	102831	772
455	103285	1330
456	103740	750
457	104196	2585
458	104653	1171
459	105111	824
460	105570	795
461	106030	1753
462	106491	869
463	106953	996
464	107416	808
465	107880	1647
466	108345	921
467	108811	2259
468	109278	820
469	109746	2004
470	110215	869
471	110685	905
472	111156	848
473	111628	844
474	112101	1106
475	112575	1336
476	113050	2675
477	113526	882
478	114003	1507
479	114481	840
480	114960	2990
481	115440	906
482	115921	1960
483	116403	902
484	116886	3152
485	117370	1295
486	117855	2762
487	118341	907
488	118828	1251
489	119316	2263
490	119805	864
491	120295	889
492	120786	911
493	121278	932
494	121771	962
495	122265	909
496	122760	978
497	123256	1011
498	123753	1045
499	124251	919
500	124750	930
501	125250	987
502	125751	912
503	126253	954
504	126756	3110
505	127260	958
506	127765	1423
507	128271	944
508	128778	2316
509	129286	946
510	129795	954
511	130305	968
512	130816	982
513	131328	1137
514	131841	993
515	132355	2652
516	132870	1228
517	133386	1071
518	133903	1087
519	134421	1025
520	134940	2263
521	135460	1049
522	135981	1090
523	136503	1134
524	137026	1784
525	137550	1054
526	138075	1105
527	138601	1036
528	139128	1119
529	139656	3438
530	140185	1551
531	140715	2214
532	141246	1198
533	141778	1935
534	142311	1134
535	142845	1530
536	143380	1067
537	143916	2171
538	144453	1079
539	144991	1073
540	145530	2384
541	146070	1192
542	146611	1126
543	147153	3457
544	147696	1440
545	148240	1167
546	148785	1462
547	149331	2033
548	149878	1073
549	150426	1169
550	150975	1135
551	151525	2990
552	152076	1859
553	152628	1341
554	153181	1284
555	153735	3217
556	154290	1237
557	154846	1201
558	155403	2973
559	155961	1210
560	156520	1179
561	157080	2709
562	157641	1170
563	158203	1167
564	158766	1403
565	159330	1451
566	159895	1445
567	160461	1426
568	161028	3035
569	161596	1223
570	162165	2821
571	162735	1203
572	163306	1193
573	163878	4206
574	164451	1229
575	165025	1389
576	165600	2888
577	166176	1421
578	166753	1264
579	167331	4446
580	167910	1971
581	168490	1502
582	169071	1408
583	169653	1379
584	170236	1279
585	170820	3840
586	171405	2663
587	171991	1296
588	172578	2946
589	173166	1618
590	173755	1950
591	174345	1296
592	174936	1368
593	175528	2137
594	176121	1513
595	176715	1462
596	177310	1345
597	177906	1388
598	178503	2605
599	179101	1297
600	179700	1350
601	180300	1344
602	180901	3682
603	181503	1633
604	182106	1514
605	182710	1378
606	183315	2021
607	183921	1493
608	184528	1376
609	185136	3765
610	185745	1405
611	186355	1442
612	186966	4478
613	187578	2037
614	188191	1513
615	188805	3979
616	189420	1479
617	190036	1652
618	190653	1492
619	191271	4039
620	191890	1512
621	192510	3649
622	193131	1477
623	193753	1508
624	194376	1921
625	195000	1610
626	195625	3689
627	196251	1529
628	196878	1523
629	197506	1542
630	198135	4669
631	198765	1514
632	199396	1589
633	200028	1517
634	200661	1549
635	201295	3597
636	201930	1762
637	202566	1647
638	203203	1512
639	203841	4865
640	204480	6112
641	205120	2087
642	205761	1581
643	206403	1609
644	207046	1604
645	207690	1894
646	208335	1589
647	208981	4860
648	209628	1931
649	210276	1600
650	210925	1984
651	211575	1686
652	212226	1606
653	212878	1578
654	213531	5267
655	214185	1660
656	214840	4220
657	215496	1749
658	216153	1581
659	216811	1824
660	217470	4017
661	218130	2425
662	218791	1704
663	219453	5360
664	220116	3520
665	220780	2024
666	221445	1730
667	222111	2124
668	222778	1670
669	223446	1683
670	224115	5099
671	224785	1711
672	225456	1711
673	226128	1710
674	226801	2155
675	227475	1783
676	228150	5027
677	228826	2239
678	229503	1752
679	230181	1777
680	230860	2023
681	231540	1885
682	232221	2205
683	232903	2393
684	233586	2189
685	234270	3601
686	234955	1902
687	235641	5182
688	236328	1778
689	237016	1801
690	237705	1770
691	238395	5833
692	239086	1809
693	239778	1823
694	240471	1954
695	241165	1989
696	241860	2456
697	242556	6415
698	243253	2482
699	243951	4329
700	244650	1894
701	245350	1923
702	246051	1929
703	246753	3598
704	247456	2063
705	248160	4999
706	248865	1859
707	249571	5740
708	250278	2127
709	250986	2071
710	251695	3081
711	252405	2176
712	253116	2497
713	253828	5187
714	254541	2270
715	255255	2488
716	255970	2227
717	256686	2776
718	257403	2333
719	258121	1910
720	258840	2510
721	259560	2061
722	260281	1927
723	261003	2025
724	261726	1923
725	262450	1901
726	263175	1993
727	263901	5405
728	264628	2022
729	265356	4996
730	266085	2173
731	266815	5516
732	267546	1940
733	268278	4571
734	269011	2077
735	269745	2163
736	270480	2054
737	271216	5721
738	271953	2083
739	272691	6641
740	273430	3045
741	274170	6510
742	274911	2395
743	275653	4729
744	276396	5871
745	277140	2087
746	277885	2166
747	278631	2182
748	279378	2239
749	280126	2116
750	280875	2276
751	281625	2050
752	282376	8663
753	283128	3013
754	283881	2336
755	284635	2078
756	285390	2232
757	286146	5910
758	286903	2102
759	287661	2131
760	288420	2275
761	289180	4116
762	289941	2610
763	290703	6896
764	291466	2328
765	292230	2144
766	292995	5709
767	293761	2264
768	294528	7120
769	295296	2159
770	296065	2590
771	296835	8155
772	297606	2641
773	298378	2192
774	299151	2717
775	299925	4188
776	300700	2270
777	301476	6172
778	302253	4351
779	303031	2861
780	303810	2448
781	304590	2195
782	305371	2240
783	306153	2473
784	306936	3745
785	307720	2578
786	308505	2328
787	309291	2364
788	310078	6964
789	310866	2398
790	311655	2353
791	312445	2359
792	313236	2231
793	314028	2359
794	314821	2326
795	315615	6267
796	316410	2300
797	317206	3194
798	318003	2535
799	318801	7193
800	319600	2372
801	320400	6488
802	321201	2422
803	322003	2560
804	322806	2456
805	323610	2460
806	324415	2590
807	325221	3368
808	326028	2410
809	326836	2404
810	327645	2356
811	328455	2435
812	329266	7465
813	330078	2498
814	330891	2464
815	331705	2485
816	332520	2339
817	333336	3455
818	334153	2515
819	334971	2426
820	335790	2366
821	336610	8289
822	337431	2777
823	338253	7576
824	339076	2477
825	339900	2508
826	340725	4812
827	341551	2554
828	342378	6822
829	343206	2539
830	344035	2784
831	344865	7757
832	345696	2571
833	346528	6212
834	347361	2599
835	348195	2685
836	349030	2764
837	349866	2908
838	350703	8326
839	351541	3387
840	352380	7807
841	353220	2799
842	354061	6687
843	354903	2718
844	355746	7904
845	356590	2897
846	357435	2971
847	358281	3391
848	359128	2663
849	359976	9186
850	360825	2608
851	361675	8597
852	362526	2689
853	363378	3215
854	364231	2856
855	365085	3688
856	365940	3976
857	366796	2664
858	367653	6719
859	368511	2877
860	369370	7928
861	370230	3364
862	371091	2955
863	371953	9085
864	372816	2723
865	373680	3003
866	374545	4152
867	375411	3425
868	376278	3035
869	377146	10656
870	378015	3173
871	378885	3679
872	379756	11390
873	380628	4751
874	381501	3396
875	382375	10479
876	383250	4137
877	384126	3734
878	385003	4300
879	385881	2975
880	386760	3316
881	387640	3950
882	388521	3386
883	389403	3922
884	390286	3777
885	391170	9544
886	392055	3193
887	392941	5647
888	393828	8628
889	394716	2975
890	395605	3146
891	396495	9545
892	397386	7109
893	398278	3785
894	399171	4831
895	400065	14378
896	400960	4634
897	401856	3319
898	402753	3702
899	403651	3897
900	404550	3985
901	405450	3666
902	406351	3960
903	407253	6613
904	408156	4194
905	409060	10687
906	409965	4082
907	410871	12954
908	411778	3405
909	412686	3439
910	413595	3460
911	414505	3640
912	415416	3322
913	416328	3561
914	417241	7967
915	418155	3249
916	419070	3710
917	419986	12945
918	420903	4857
919	421821	4568
920	422740	10373
921	423660	3506
922	424581	3371
923	425503	9649
924	426426	3470
925	427350	3421
926	428275	6563
927	429201	3506
928	430128	3368
929	431056	3398
930	431985	8551
931	432915	3346
932	433846	3241
933	434778	11417
934	435711	7768
935	436645	3541
936	437580	4193
937	438516	4093
938	439453	10243
939	440391	4013
940	441330	3926
941	442270	3826
942	443211	7479
943	444153	3755
944	445096	3375
945	446040	3636
946	446985	7083
947	447931	3721
948	448878	3713
949	449826	9766
950	450775	3491
951	451725	13209
952	452676	4545
953	453628	3483
954	454581	3717
955	455535	12006
956	456490	5409
957	457446	3685
958	458403	3546
959	459361	3732
960	460320	12131
961	461280	11927
962	462241	3827
963	463203	3551
964	464166	3403
965	465130	11346
966	466095	3737
967	467061	3859
968	468028	10778
969	468996	3946
970	469965	6034
971	470935	3505
972	471906	4681
973	472878	9411
974	473851	3711
975	474825	6153
976	475800	3739
977	476776	3903
978	477753	4049
979	478731	4025
980	479710	3873
981	480690	3897
982	481671	3820
983	482653	3781
984	483636	3805
985	484620	3746
986	485605	3844
987	486591	12166
988	487578	4547
989	488566	3588
990	489555	3673
991	490545	3697
992	491536	3605
993	492528	9889
994	493521	3967
995	494515	3866
996	495510	9489
997	496506	3689
998	497503	3818
999	498501	3822
1000	499500	4035
1001	500500	4837
1002	501501	4954
1003	502503	4361
1004	503506	4263
1005	504510	3815
1006	505515	4161
1007	506521	4522
1008	507528	4050
1009	508536	4525
1010	509545	4347
1011	510555	4018
1012	511566	4536
1013	512578	4178
1014	513591	4011
1015	514605	12484
1016	515620	4007
1017	516636	4071
1018	517653	3866
1019	518671	4254
1020	519690	6159
1021	520710	4104
1022	521731	10919
1023	522753	3987
1024	523776	4106
1025	524800	3764
1026	525825	3908
1027	526851	3980
1028	527878	13115
1029	528906	5998
1030	529935	4193
1031	530965	4139
1032	531996	7197
1033	533028	4091
1034	534061	4131
1035	535095	12276
1036	536130	4222
1037	537166	4361
1038	538203	4618
1039	539241	4221
1040	540280	4057
1041	541320	4094
1042	542361	4658
1043	543403	4290
1044	544446	4233
1045	545490	5909
1046	546535	4138
1047	547581	4550
1048	548628	4089
1049	549676	4137
1050	550725	5078
1051	551775	5424
1052	552826	4421
1053	553878	4352
1054	554931	8280
1055	555985	4571
1056	557040	4367
1057	558096	4345
1058	559153	14119
1059	560211	4339
1060	561270	4299
1061	562330	6753
1062	563391	4500
1063	564453	4342
1064	565516	4520
1065	566580	4512
1066	567645	14270
1067	568711	4440
1068	569778	4445
1069	570846	4598
1070	571915	4443
1071	572985	4687
1072	574056	4732
1073	575128	12448
1074	576201	5347
1075	577275	4524
1076	578350	4411
1077	579426	5266
1078	580503	5117
1079	581581	5803
1080	582660	4363
1081	583740	4629
1082	584821	12311
1083	585903	8245
1084	586986	4794
1085	588070	4515
1086	589155	13566
1087	590241	4753
1088	591328	4541
1089	592416	4711
1090	593505	4438
1091	594595	4652
1092	595686	4693
1093	596778	4549
1094	597871	7178
1095	598965	4579
1096	600060	4962
1097	601156	13582
1098	602253	4411
1099	603351	4401
1100	604450	4500
1101	605550	13668
1102	606651	5565
1103	607753	6524
1104	608856	13693
1105	609960	4964
1106	611065	4862
1107	612171	8320
1108	613278	5015
1109	614386	5015
1110	615495	4986
1111	616605	4574
1112	617716	4689
1113	618828	7196
1114	619941	4985
1115	621055	4816
1116	622170	4719
1117	623286	18005
1118	624403	5174
1119	625521	4864
1120	626640	4810
1121	627760	7673
1122	628881	4997
1123	630003	5112
1124	631126	4741
1125	632250	4745
1126	633375	4674
1127	634501	5438
1128	635628	13544
1129	636756	5758
1130	637885	4891
1131	639015	7192
1132	640146	5666
1133	641278	5119
1134	642411	5265
1135	643545	5075
1136	644680	5650
1137	645816	10638
1138	646953	5197
1139	648091	15697
1140	649230	5327
1141	650370	5006
1142	651511	4880
1143	652653	4950
1144	653796	5046
1145	654940	14280
1146	656085	4840
1147	657231	5331
1148	658378	16832
1149	659526	6012
1150	660675	5006
1151	661825	5000
1152	662976	6978
1153	664128	5839
1154	665281	5813
1155	666435	8243
1156	667590	5009
1157	668746	5376
1158	669903	5087
1159	671061	12395
1160	672220	5524
1161	673380	8003
1162	674541	5353
1163	675703	5243
1164	676866	5102
1165	678030	5053
1166	679195	6089
1167	680361	11533
1168	681528	5333
1169	682696	13045
1170	683865	6462
1171	685035	15760
1172	686206	5296
1173	687378	5439
1174	688551	7512
1175	689725	5660
1176	690900	5193
1177	692076	8701
1178	693253	5364
1179	694431	9506
1180	695610	5568
1181	696790	5533
1182	697971	5429
1183	699153	5673
1184	700336	5693
1185	701520	5515
1186	702705	6679
1187	703891	14698
1188	705078	5522
1189	706266	5643
1190	707455	16205
1191	708645	5492
1192	709836	5445
1193	711028	9327
1194	712221	17998
1195	713415	5477
1196	714610	6893
1197	715806	5852
1198	717003	6718
1199	718201	6219
1200	719400	5506
1201	720600	5627
1202	721801	5688
1203	723003	16668
1204	724206	5635
1205	725410	6321
1206	726615	6019
1207	727821	17367
1208	729028	6433
1209	730236	13374
1210	731445	5708
1211	732655	16947
1212	733866	5852
1213	735078	11154
1214	736291	5725
1215	737505	5898
1216	738720	8863
1217	739936	6157
1218	741153	5969
1219	742371	19452
1220	743590	5990
1221	744810	20621
1222	746031	6484
1223	747253	18401
1224	748476	6033
1225	749700	6159
1226	750925	5986
1227	752151	17775
1228	753378	6058
1229	754606	18213
1230	755835	6478
1231	757065	6177
1232	758296	6259
1233	759528	17052
1234	760761	9283
1235	761995	7989
1236	763230	14436
1237	764466	8784
1238	765703	15010
1239	766941	6197
1240	768180	14681
1241	769420	6307
1242	770661	9143
1243	771903	9736
1244	773146	6588
1245	774390	20131
1246	775635	6115
1247	776881	6151
1248	778128	7166
1249	779376	19943
1250	780625	8906
1251	781875	6757
1252	783126	6545
1253	784378	19962
1254	785631	10533
1255	786885	16872
1256	788140	6840
1257	789396	18645
1258	790653	6433
1259	791911	7344
1260	793170	6489
1261	794430	6793
1262	795691	6380
1263	796953	16466
1264	798216	6207
1265	799480	18029
1266	800745	6224
1267	802011	12451
1268	803278	6545
1269	804546	16927
1270	805815	6477
1271	807085	6625
1272	808356	6215
1273	809628	8700
1274	810901	6357
1275	812175	8034
1276	813450	6797
1277	814726	14099
1278	816003	6680
1279	817281	18896
1280	818560	6562
1281	819840	6815
1282	821121	13964
1283	822403	7068
1284	823686	7532
1285	824970	19075
1286	826255	9125
1287	827541	19789
1288	828828	6721
1289	830116	6973
1290	831405	7341
1291	832695	6714
1292	833986	6793
1293	835278	7614
1294	836571	6688
1295	837865	19927
1296	839160	7286
1297	840456	7085
1298	841753	6873
1299	843051	6845
1300	844350	11924
1301	845650	6776
1302	846951	7100
1303	848253	6607
1304	849556	6665
1305	850860	6981
1306	852165	20272
1307	853471	6930
1308	854778	17056
1309	856086	6822
1310	857395	25488
1311	858705	7308
1312	860016	7515
1313	861328	7095
1314	862641	8619
1315	863955	7167
1316	865270	19781
1317	866586	8480
1318	867903	27117
1319	869221	7903
1320	870540	11165
1321	871860	7029
1322	873181	7461
1323	874503	7775
1324	875826	8835
1325	877150	8779
1326	878475	7691
1327	879801	7775
1328	881128	7496
1329	882456	7204
1330	883785	20496
1331	885115	8338
1332	886446	7338
1333	887778	22852
1334	889111	7083
1335	890445	6977
1336	891780	7898
1337	893116	8066
1338	894453	7698
1339	895791	7445
1340	897130	7906
1341	898470	7692
1342	899811	7715
1343	901153	13104
1344	902496	8390
1345	903840	13097
1346	905185	7334
1347	906531	23127
1348	907878	7347
1349	909226	8106
1350	910575	26850
1351	911925	9976
1352	913276	8400
1353	914628	7116
1354	915981	9428
1355	917335	7665
1356	918690	7398
1357	920046	7613
1358	921403	8988
1359	922761	7856
1360	924120	7862
1361	925480	8217
1362	926841	8450
1363	928203	9350
1364	929566	21640
1365	930930	7987
1366	932295	7733
1367	933661	8992
1368	935028	10106
1369	936396	23341
1370	937765	8235
1371	939135	8969
1372	940506	7998
1373	941878	16402
1374	943251	8276
1375	944625	8741
1376	946000	8468
1377	947376	8363
1378	948753	9781
1379	950131	24639
1380	951510	8440
1381	952890	8606
1382	954271	8673
1383	955653	21171
1384	957036	9184
1385	958420	19991
1386	959805	8460
1387	961191	8423
1388	962578	13015
1389	963966	8816
1390	965355	8469
1391	966745	8255
1392	968136	8741
1393	969528	23764
1394	970921	8500
1395	972315	10120
1396	973710	8629
1397	975106	8256
1398	976503	8796
1399	977901	15015
1400	979300	8429
1401	980700	17021
1402	982101	9042
1403	983503	9324
1404	984906	8791
1405	986310	8523
1406	987715	9733
1407	989121	24712
1408	990528	8881
1409	991936	8996
1410	993345	24091
1411	994755	9347
1412	996166	8909
1413	997578	19544
1414	998991	8502
1415	1000405	15750
1416	1001820	8417
1417	1003236	8732
1418	1004653	25197
1419	1006071	10146
1420	1007490	8666
1421	1008910	9527
1422	1010331	9138
1423	1011753	8990
1424	1013176	8465
1425	1014600	8130
1426	1016025	17668
1427	1017451	9446
1428	1018878	10921
1429	1020306	25761
1430	1021735	13267
1431	1023165	9302
1432	1024596	8662
1433	1026028	8869
1434	1027461	9129
1435	1028895	9253
1436	1030330	9181
1437	1031766	25389
1438	1033203	8937
1439	1034641	19989
1440	1036080	8817
1441	1037520	25077
1442	1038961	10788
1443	1040403	8817
1444	1041846	12117
1445	1043290	10056
1446	1044735	9072
1447	1046181	10583
1448	1047628	10158
1449	1049076	8710
1450	1050525	8930
1451	1051975	9989
1452	1053426	8810
1453	1054878	8701
1454	1056331	9628
1455	1057785	23985
1456	1059240	9106
1457	1060696	9379
1458	1062153	10511
1459	1063611	9804
1460	1065070	13629
1461	1066530	8888
1462	1067991	11074
1463	1069453	25665
1464	1070916	9827
1465	1072380	10105
1466	1073845	9140
1467	1075311	28901
1468	1076778	24569
1469	1078246	8776
1470	1079715	9901
1471	1081185	9411
1472	1082656	29544
1473	1084128	9158
1474	1085601	15163
1475	1087075	9540
1476	1088550	10820
1477	1090026	9966
1478	1091503	9694
1479	1092981	9088
1480	1094460	14740
1481	1095940	8968
1482	1097421	10814
1483	1098903	9799
1484	1100386	11002
1485	1101870	14271
1486	1103355	10036
1487	1104841	9021
1488	1106328	9916
1489	1107816	9783
1490	1109305	10557
1491	1110795	9283
1492	1112286	9238
1493	1113778	9747
1494	1115271	15153
1495	1116765	9424
1496	1118260	9096
1497	1119756	9435
1498	1121253	9789
1499	1122751	10819
1500	1124250	16339
1501	1125750	9895
1502	1127251	16702
1503	1128753	9985
1504	1130256	27416
1505	1131760	10709
1506	1133265	13287
1507	1134771	9500
1508	1136278	9370
1509	1137786	9279
1510	1139295	9663
1511	1140805	9386
1512	1142316	9787
1513	1143828	9800
1514	1145341	26298
1515	1146855	10100
1516	1148370	12795
1517	1149886	13260
1518	1151403	24844
1519	1152921	10261
1520	1154440	23836
1521	1155960	10174
1522	1157481	27203
1523	1159003	10320
1524	1160526	15604
1525	1162050	24665
1526	1163575	9978
1527	1165101	10057
1528	1166628	22280
1529	1168156	10507
1530	1169685	22715
1531	1171215	9970
1532	1172746	9927
1533	1174278	9511
1534	1175811	11699
1535	1177345	13796
1536	1178880	10351
1537	1180416	10589
1538	1181953	10540
1539	1183491	21153
1540	1185030	29276
1541	1186570	26697
1542	1188111	21941
1543	1189653	10774
1544	1191196	24778
1545	1192740	11066
1546	1194285	17832
1547	1195831	18490
1548	1197378	25287
1549	1198926	24150
1550	1200475	11238
1551	1202025	10712
1552	1203576	11355
1553	1205128	11236
1554	1206681	21829
1555	1208235	20551
1556	1209790	40451
1557	1211346	15406
1558	1212903	15581
1559	1214461	11634
1560	1216020	11828
1561	1217580	30885
1562	1219141	10843
1563	1220703	35131
1564	1222266	12090
1565	1223830	11140
1566	1225395	11025
1567	1226961	11700
1568	1228528	30043
1569	1230096	11344
1570	1231665	12057
1571	1233235	11471
1572	1234806	11373
1573	1236378	11491
1574	1237951	12980
1575	1239525	10836
1576	1241100	10642
1577	1242676	10765
1578	1244253	21387
1579	1245831	10997
1580	1247410	11368
1581	1248990	11077
1582	1250571	10885
1583	1252153	29113
1584	1253736	10586
1585	1255320	11052
1586	1256905	10369
1587	1258491	14186
1588	1260078	12276
1589	1261666	13009
1590	1263255	28373
1591	1264845	11008
1592	1266436	11686
1593	1268028	11775
1594	1269621	25169
1595	1271215	19290
1596	1272810	23458
1597	1274406	11078
1598	1276003	28767
1599	1277601	10617
1600	1279200	14058
1601	1280800	11036
1602	1282401	10903
1603	1284003	26589
1604	1285606	14009
1605	1287210	30630
1606	1288815	11565
1607	1290421	13180
1608	1292028	12765
1609	1293636	34972
1610	1295245	29762
1611	1296855	11547
1612	1298466	13105
1613	1300078	28732
1614	1301691	10905
1615	1303305	29941
1616	1304920	12433
1617	1306536	16809
1618	1308153	11656
1619	1309771	11315
1620	1311390	10932
1621	1313010	16808
1622	1314631	10941
1623	1316253	11571
1624	1317876	15195
1625	1319500	11713
1626	1321125	11302
1627	1322751	11572
1628	1324378	31978
1629	1326006	12308
1630	1327635	31341
1631	1329265	11761
1632	1330896	11301
1633	1332528	33016
1634	1334161	11644
1635	1335795	17775
1636	1337430	12247
1637	1339066	12049
1638	1340703	36458
1639	1342341	18250
1640	1343980	12060
1641	1345620	15866
1642	1347261	11862
1643	1348903	14834
1644	1350546	11910
1645	1352190	11403
1646	1353835	30282
1647	1355481	11421
1648	1357128	33152
1649	1358776	13675
1650	1360425	26866
1651	1362075	14054
1652	1363726	28070
1653	1365378	11869
1654	1367031	23736
1655	1368685	13188
1656	1370340	14042
1657	1371996	12438
1658	1373653	11141
1659	1375311	32731
1660	1376970	15996
1661	1378630	13049
1662	1380291	12190
1663	1381953	20918
1664	1383616	12235
1665	1385280	14818
1666	1386945	11600
1667	1388611	15122
1668	1390278	12762
1669	1391946	11793
1670	1393615	12441
1671	1395285	12561
1672	1396956	21314
1673	1398628	12566
1674	1400301	34445
1675	1401975	12012
1676	1403650	25975
1677	1405326	11856
1678	1407003	12216
1679	1408681	31656
1680	1410360	12201
1681	1412040	19813
1682	1413721	11975
1683	1415403	12256
1684	1417086	11641
1685	1418770	12739
1686	1420455	21378
1687	1422141	12216
1688	1423828	32130
1689	1425516	12562
1690	1427205	27987
1691	1428895	12880
1692	1430586	30354
1693	1432278	12182
1694	1433971	32429
1695	1435665	13362
1696	1437360	13075
1697	1439056	12690
1698	1440753	12644
1699	1442451	12441
1700	1444150	32322
1701	1445850	13668
1702	1447551	32759
1703	1449253	12764
1704	1450956	13070
1705	1452660	13775
1706	1454365	12481
1707	1456071	17922
1708	1457778	12817
1709	1459486	12157
1710	1461195	13204
1711	1462905	12764
1712	1464616	29354
1713	1466328	12793
1714	1468041	32811
1715	1469755	12848
1716	1471470	13016
1717	1473186	12936
1718	1474903	36034
1719	1476621	13504
1720	1478340	12538
1721	1480060	15105
1722	1481781	31340
1723	1483503	13057
1724	1485226	29719
1725	1486950	13301
1726	1488675	13356
1727	1490401	34526
1728	1492128	12494
1729	1493856	28165
1730	1495585	12756
1731	1497315	21399
1732	1499046	12868
1733	1500778	12815
1734	1502511	23421
1735	1504245	13718
1736	1505980	33597
1737	1507716	13079
1738	1509453	34952
1739	1511191	13023
1740	1512930	34897
1741	1514670	15281
1742	1516411	18381
1743	1518153	13418
1744	1519896	34932
1745	1521640	13935
1746	1523385	15240
1747	1525131	30477
1748	1526878	14150
1749	1528626	12712
1750	1530375	15373
1751	1532125	12758
1752	1533876	13102
1753	1535628	34762
1754	1537381	13499
1755	1539135	13710
1756	1540890	16031
1757	1542646	15441
1758	1544403	17384
1759	1546161	13660
1760	1547920	18186
1761	1549680	13300
1762	1551441	19199
1763	1553203	13278
1764	1554966	19041
1765	1556730	13622
1766	1558495	19801
1767	1560261	14815
1768	1562028	34533
1769	1563796	13013
1770	1565565	35053
1771	1567335	13513
1772	1569106	14104
1773	1570878	12935
1774	1572651	12870
1775	1574425	14009
1776	1576200	13793
1777	1577976	13204
1778	1579753	13771
1779	1581531	26367
1780	1583310	13299
1781	1585090	33413
1782	1586871	14189
1783	1588653	13369
1784	1590436	13120
1785	1592220	13783
1786	1594005	36022
1787	1595791	13325
1788	1597578	20746
1789	1599366	15810
1790	1601155	20991
1791	1602945	13834
1792	1604736	36340
1793	1606528	16374
1794	1608321	16308
1795	1610115	15396
1796	1611910	16590
1797	1613706	32418
1798	1615503	15104
1799	1617301	15736
1800	1619100	17354
1801	1620900	38429
1802	1622701	21481
1803	1624503	17762
1804	1626306	16043
1805	1628110	15684
1806	1629915	14825
1807	1631721	14600
1808	1633528	15872
1809	1635336	16266
1810	1637145	15763
1811	1638955	18524
1812	1640766	16591
1813	1642578	21293
1814	1644391	34951
1815	1646205	16120
1816	1648020	16039
1817	1649836	35991
1818	1651653	16450
1819	1653471	16100
1820	1655290	17756
1821	1657110	39377
1822	1658931	16351
1823	1660753	15605
1824	1662576	35471
1825	1664400	16615
1826	1666225	38806
1827	1668051	16539
1828	1669878	16101
1829	1671706	24418
1830	1673535	16173
1831	1675365	16387
1832	1677196	16449
1833	1679028	16295
1834	1680861	15345
1835	1682695	17933
1836	1684530	19618
1837	1686366	16384
1838	1688203	19018
1839	1690041	16325
1840	1691880	39240
1841	1693720	16330
1842	1695561	15747
1843	1697403	16122
1844	1699246	17499
1845	1701090	16893
1846	1702935	38976
1847	1704781	24127
1848	1706628	17574
1849	1708476	16596
1850	1710325	20461
1851	1712175	17174
1852	1714026	16560
1853	1715878	16462
1854	1717731	41285
1855	1719585	16908
1856	1721440	16588
1857	1723296	32018
1858	1725153	16292
1859	1727011	33266
1860	1728870	19573
1861	1730730	17606
1862	1732591	43404
1863	1734453	17355
1864	1736316	17150
1865	1738180	25597
1866	1740045	40766
1867	1741911	17593
1868	1743778	23717
1869	1745646	18933
1870	1747515	20056
1871	1749385	16901
1872	1751256	19329
1873	1753128	17500
1874	1755001	41871
1875	1756875	17609
1876	1758750	16603
1877	1760626	16991
1878	1762503	41230
1879	1764381	18969
1880	1766260	19716
1881	1768140	19259
1882	1770021	39387
1883	1771903	17674
1884	1773786	18582
1885	1775670	16415
1886	1777555	16301
1887	1779441	17084
1888	1781328	16891
1889	1783216	18311
1890	1785105	28442
1891	1786995	18256
1892	1788886	17864
1893	1790778	26261
1894	1792671	18712
1895	1794565	17801
1896	1796460	17820
1897	1798356	43184
1898	1800253	22616
1899	1802151	20345
1900	1804050	18189
1901	1805950	17405
1902	1807851	20934
1903	1809753	20232
1904	1811656	18448
1905	1813560	41536
1906	1815465	17713
1907	1817371	20324
1908	1819278	18861
1909	1821186	18676
1910	1823095	17691
1911	1825005	17081
1912	1826916	41657
1913	1828828	18734
1914	1830741	21703
1915	1832655	42548
1916	1834570	17828
1917	1836486	17082
1918	1838403	17311
1919	1840321	18403
1920	1842240	47661
1921	1844160	20664
1922	1846081	17773
1923	1848003	17413
1924	1849926	18182
1925	1851850	16852
1926	1853775	17925
1927	1855701	17989
1928	1857628	36744
1929	1859556	18406
1930	1861485	46829
1931	1863415	24059
1932	1865346	17590
1933	1867278	17728
1934	1869211	17071
1935	1871145	19856
1936	1873080	17854
1937	1875016	19635
1938	1876953	17505
1939	1878891	19259
1940	1880830	20060
1941	1882770	17596
1942	1884711	17723
1943	1886653	45518
1944	1888596	19390
1945	1890540	29041
1946	1892485	19641
1947	1894431	18054
1948	1896378	18141
1949	1898326	39251
1950	1900275	19563
1951	1902225	37484
1952	1904176	18661
1953	1906128	45028
1954	1908081	20505
1955	1910035	39149
1956	1911990	17792
1957	1913946	20834
1958	1915903	43320
1959	1917861	18716
1960	1919820	42770
1961	1921780	18700
1962	1923741	18599
1963	1925703	18395
1964	1927666	18588
1965	1929630	17202
1966	1931595	22737
1967	1933561	29818
1968	1935528	18198
1969	1937496	19247
1970	1939465	19218
1971	1941435	17979
1972	1943406	18918
1973	1945378	20086
1974	1947351	19042
1975	1949325	39236
1976	1951300	18801
1977	1953276	19091
1978	1955253	44787
1979	1957231	18791
1980	1959210	18342
1981	1961190	17882
1982	1963171	18573
1983	1965153	18480
1984	1967136	19413
1985	1969120	21829
1986	1971105	17926
1987	1973091	18584
1988	1975078	22916
1989	1977066	18893
1990	1979055	20033
1991	1981045	18478
1992	1983036	19391
1993	1985028	19019
1994	1987021	19808
1995	1989015	19832
1996	1991010	18156
1997	1993006	18543
1998	1995003	40503
1999	1997001	19954
2000	1999000	19135
2001	2001000	40475
2002	2003001	18470
2003	2005003	18880
2004	2007006	18841
2005	2009010	19107
2006	2011015	18657
2007	2013021	20076
2008	2015028	19544
2009	2017036	19201
2010	2019045	20807
2011	2021055	27586
2012	2023066	18894
2013	2025078	26024
2014	2027091	19681
2015	2029105	22259
2016	2031120	20307
2017	2033136	25549
2018	2035153	20483
2019	2037171	37619
2020	2039190	21103
2021	2041210	45308
2022	2043231	19113
2023	2045253	20233
2024	2047276	20055
2025	2049300	45017
2026	2051325	21267
2027	2053351	19991
2028	2055378	39892
2029	2057406	19516
2030	2059435	19648
2031	2061465	18711
2032	2063496	26949
2033	2065528	30258
2034	2067561	48427
2035	2069595	19574
2036	2071630	42896
2037	2073666	20336
2038	2075703	53371
2039	2077741	41804
2040	2079780	21388
2041	2081820	46643
2042	2083861	19899
2043	2085903	20474
2044	2087946	46605
2045	2089990	19144
2046	2092035	25816
2047	2094081	20370
2048	2096128	20072
2049	2098176	20589
2050	2100225	45509
2051	2102275	19221
2052	2104326	18700
2053	2106378	47451
2054	2108431	19562
2055	2110485	23077
2056	2112540	22278
2057	2114596	18985
2058	2116653	20583
2059	2118711	42556
2060	2120770	19044
2061	2122830	19952
2062	2124891	43610
2063	2126953	23384
2064	2129016	19810
2065	2131080	40456
2066	2133145	20546
2067	2135211	19602
2068	2137278	45863
2069	2139346	23442
2070	2141415	19434
2071	2143485	36319
2072	2145556	19635
2073	2147628	33628
2074	2149701	19630
2075	2151775	44201
2076	2153850	20621
2077	2155926	21422
2078	2158003	19384
2079	2160081	50858
2080	2162160	26408
2081	2164240	21504
2082	2166321	19542
2083	2168403	20241
2084	2170486	30968
2085	2172570	20612
2086	2174655	20390
2087	2176741	23511
2088	2178828	19382
2089	2180916	19567
2090	2183005	36815
2091	2185095	21907
2092	2187186	48113
2093	2189278	20552
2094	2191371	63363
2095	2193465	19713
2096	2195560	20914
2097	2197656	19750
2098	2199753	19299
2099	2201851	20048
2100	2203950	20842
2101	2206050	19827
2102	2208151	21989
2103	2210253	22301
2104	2212356	19986
2105	2214460	20946
2106	2216565	20837
2107	2218671	20448
2108	2220778	31682
2109	2222886	19917
2110	2224995	22439
2111	2227105	19591
2112	2229216	20772
2113	2231328	20612
2114	2233441	19424
2115	2235555	19133
2116	2237670	44496
2117	2239786	22777
2118	2241903	19923
2119	2244021	21345
2120	2246140	20015
2121	2248260	20898
2122	2250381	48984
2123	2252503	21808
2124	2254626	52450
2125	2256750	21993
2126	2258875	52028
2127	2261001	20421
2128	2263128	19721
2129	2265256	50652
2130	2267385	22395
2131	2269515	20977
2132	2271646	21843
2133	2273778	49279
2134	2275911	20736
2135	2278045	20213
2136	2280180	20196
2137	2282316	19889
2138	2284453	20583
2139	2286591	49306
2140	2288730	20701
2141	2290870	19995
2142	2293011	29913
2143	2295153	20428
2144	2297296	32133
2145	2299440	20934
2146	2301585	20511
2147	2303731	20754
2148	2305878	21012
2149	2308026	19856
2150	2310175	20854
2151	2312325	50774
2152	2314476	20885
2153	2316628	47596
2154	2318781	21731
2155	2320935	20382
2156	2323090	22605
2157	2325246	30085
2158	2327403	23464
2159	2329561	23217
2160	2331720	41970
2161	2333880	21577
2162	2336041	33403
2163	2338203	22280
2164	2340366	20687
2165	2342530	22110
2166	2344695	30450
2167	2346861	21240
2168	2349028	20254
2169	2351196	55081
2170	2353365	20875
2171	2355535	21118
2172	2357706	26327
2173	2359878	47412
2174	2362051	20760
2175	2364225	19731
2176	2366400	54259
2177	2368576	21463
2178	2370753	21831
2179	2372931	20860
2180	2375110	19873
2181	2377290	55467
2182	2379471	21175
2183	2381653	22908
2184	2383836	25594
2185	2386020	21460
2186	2388205	21657
2187	2390391	31323
2188	2392578	22479
2189	2394766	21485
2190	2396955	21279
2191	2399145	46177
2192	2401336	22318
2193	2403528	50677
2194	2405721	22166
2195	2407915	21069
2196	2410110	53906
2197	2412306	22103
2198	2414503	21638
2199	2416701	35855
2200	2418900	21059
2201	2421100	31573
2202	2423301	21568
2203	2425503	23003
2204	2427706	50087
2205	2429910	20811
2206	2432115	31096
2207	2434321	21463
2208	2436528	22621
2209	2438736	22235
2210	2440945	31137
2211	2443155	22967
2212	2445366	22325
2213	2447578	44884
2214	2449791	23423
2215	2452005	21822
2216	2454220	48494
2217	2456436	21652
2218	2458653	45259
2219	2460871	22884
2220	2463090	54882
2221	2465310	23199
2222	2467531	22631
2223	2469753	22223
2224	2471976	21255
2225	2474200	32519
2226	2476425	21623
2227	2478651	24564
2228	2480878	22492
2229	2483106	21847
2230	2485335	22041
2231	2487565	23012
2232	2489796	22100
2233	2492028	23240
2234	2494261	59100
2235	2496495	23739
2236	2498730	50111
2237	2500966	21965
2238	2503203	23183
2239	2505441	22413
2240	2507680	24162
2241	2509920	52299
2242	2512161	29176
2243	2514403	25182
2244	2516646	21916
2245	2518890	25049
2246	2521135	59071
2247	2523381	26595
2248	2525628	22311
2249	2527876	25171
2250	2530125	54238
2251	2532375	23208
2252	2534626	23602
2253	2536878	22772
2254	2539131	21059
2255	2541385	53194
2256	2543640	23263
2257	2545896	22338
2258	2548153	52055
2259	2550411	22965
2260	2552670	58358
2261	2554930	22610
2262	2557191	23757
2263	2559453	22795
2264	2561716	26077
2265	2563980	58764
2266	2566245	23087
2267	2568511	23359
2268	2570778	23014
2269	2573046	23155
2270	2575315	22608
2271	2577585	51256
2272	2579856	24225
2273	2582128	52379
2274	2584401	23364
2275	2586675	24211
2276	2588950	23536
2277	2591226	23259
2278	2593503	22613
2279	2595781	28737
2280	2598060	24572
2281	2600340	36147
2282	2602621	23513
2283	2604903	26047
2284	2607186	59792
2285	2609470	22989
2286	2611755	50675
2287	2614041	24669
2288	2616328	55246
2289	2618616	23090
2290	2620905	44832
2291	2623195	24335
2292	2625486	23587
2293	2627778	22797
2294	2630071	24028
2295	2632365	24052
2296	2634660	40662
2297	2636956	23408
2298	2639253	56926
2299	2641551	23820
2300	2643850	23840
2301	2646150	24364
2302	2648451	23185
2303	2650753	28878
2304	2653056	24272
2305	2655360	24221
2306	2657665	25650
2307	2659971	24564
2308	2662278	27427
2309	2664586	57306
2310	2666895	24445
2311	2669205	23592
2312	2671516	34299
2313	2673828	23883
2314	2676141	23353
2315	2678455	24921
2316	2680770	25270
2317	2683086	30599
2318	2685403	24537
2319	2687721	26881
2320	2690040	25280
2321	2692360	24312
2322	2694681	63961
2323	2697003	24903
2324	2699326	23683
2325	2701650	24581
2326	2703975	33296
2327	2706301	25487
2328	2708628	24468
2329	2710956	61497
2330	2713285	25423
2331	2715615	59635
2332	2717946	25103
2333	2720278	41476
2334	2722611	25044
2335	2724945	24415
2336	2727280	29875
2337	2729616	24102
2338	2731953	53339
2339	2734291	24489
2340	2736630	60979
2341	2738970	24741
2342	2741311	23908
2343	2743653	24774
2344	2745996	28743
2345	2748340	24860
2346	2750685	23671
2347	2753031	24130
2348	2755378	24119
2349	2757726	54770
2350	2760075	25280
2351	2762425	25338
2352	2764776	25574
2353	2767128	52448
2354	2769481	25264
2355	2771835	32041
2356	2774190	25512
2357	2776546	24610
2358	2778903	51327
2359	2781261	25047
2360	2783620	25485
2361	2785980	45063
2362	2788341	25160
2363	2790703	25272
2364	2793066	23982
2365	2795430	25844
2366	2797795	26346
2367	2800161	25034
2368	2802528	24771
2369	2804896	64691
2370	2807265	25350
2371	2809635	51479
2372	2812006	25840
2373	2814378	26305
2374	2816751	27339
2375	2819125	25333
2376	2821500	25289
2377	2823876	26549
2378	2826253	45139
2379	2828631	29294
2380	2831010	27000
2381	2833390	26531
2382	2835771	26047
2383	2838153	26049
2384	2840536	25902
2385	2842920	27428
2386	2845305	29748
2387	2847691	26565
2388	2850078	54933
2389	2852466	28609
2390	2854855	26714
2391	2857245	55988
2392	2859636	26282
2393	2862028	28554
2394	2864421	55731
2395	2866815	27380
2396	2869210	27850
2397	2871606	48949
2398	2874003	27124
2399	2876401	28358
2400	2878800	27042
2401	2881200	62070
2402	2883601	27339
2403	2886003	28012
2404	2888406	34322
2405	2890810	65055
2406	2893215	26572
2407	2895621	73092
2408	2898028	27217
2409	2900436	27572
2410	2902845	26154
2411	2905255	26339
2412	2907666	55814
2413	2910078	26951
2414	2912491	28915
2415	2914905	63482
2416	2917320	26967
2417	2919736	27126
2418	2922153	27662
2419	2924571	65126
2420	2926990	27176
2421	2929410	27619
2422	2931831	66896
2423	2934253	27704
2424	2936676	28273
2425	2939100	28045
2426	2941525	59125
2427	2943951	28160
2428	2946378	32941
2429	2948806	59769
2430	2951235	28476
2431	2953665	26303
2432	2956096	31685
2433	2958528	65122
2434	2960961	27718
2435	2963395	35687
2436	2965830	28339
2437	2968266	39089
2438	2970703	29798
2439	2973141	31102
2440	2975580	70800
2441	2978020	41923
2442	2980461	27409
2443	2982903	27794
2444	2985346	28833
2445	2987790	59255
2446	2990235	27948
2447	2992681	60054
2448	2995128	27970
2449	2997576	28855
2450	3000025	70912
2451	3002475	27401
2452	3004926	27063
2453	3007378	27196
2454	3009831	27869
2455	3012285	28047
2456	3014740	31534
2457	3017196	66768
2458	3019653	28783
2459	3022111	28127
2460	3024570	28083
2461	3027030	27827
2462	3029491	30491
2463	3031953	29160
2464	3034416	27665
2465	3036880	28166
2466	3039345	27899
2467	3041811	30535
2468	3044278	27306
2469	3046746	29505
2470	3049215	43222
2471	3051685	28429
2472	3054156	28180
2473	3056628	28253
2474	3059101	29326
2475	3061575	29752
2476	3064050	65307
2477	3066526	27273
2478	3069003	28973
2479	3071481	27963
2480	3073960	28792
2481	3076440	57093
2482	3078921	29306
2483	3081403	51163
2484	3083886	29748
2485	3086370	30774
2486	3088855	30432
2487	3091341	32917
2488	3093828	29404
2489	3096316	29153
2490	3098805	29136
2491	3101295	28241
2492	3103786	68475
2493	3106278	28754
2494	3108771	30490
2495	3111265	67805
2496	3113760	31888
2497	3116256	28709
2498	3118753	64942
2499	3121251	29255
2500	3123750	30603
