100	4950	20412
101	5050	26541
102	5151	22059
103	5253	19243
104	5356	20789
105	5460	20800
106	5565	21456
107	5671	197315
108	5778	20778
109	5886	20960
110	5995	23069
111	6105	24042
112	6216	24410
113	6328	21749
114	6441	22152
115	6555	21391
116	6670	21923
117	6786	30816
118	6903	229564
119	7021	22432
120	7140	21123
121	7260	145429
122	7381	30050
123	7503	21885
124	7626	21898
125	7750	22088
126	7875	21896
127	8001	21910
128	8128	22669
129	8256	22063
130	8385	20324
131	8515	22255
132	8646	19928
133	8778	22978
134	8911	22057
135	9045	35862
136	9180	21275
137	9316	22388
138	9453	21842
139	9591	37766
140	9730	22441
141	9870	22656
142	10011	22794
143	10153	23320
144	10296	22795
145	10440	22880
146	10585	57648
147	10731	22349
148	10878	24065
149	11026	22706
150	11175	25529
151	11325	23868
152	11476	23824
153	11628	23462
154	11781	22122
155	11935	22016
156	12090	22445
157	12246	20145
158	12403	22645
159	12561	23514
160	12720	22152
161	12880	42934
162	13041	23081
163	13203	22061
164	13366	28880
165	13530	23795
166	13695	26849
167	13861	24965
168	14028	23594
169	14196	23988
170	14365	22290
171	14535	23560
172	14706	152411
173	14878	24748
174	15051	23167
175	15225	24073
176	15400	24349
177	15576	23027
178	15753	24166
179	15931	24585
180	16110	24720
181	16290	27687
182	16471	25089
183	16653	23709
184	16836	25184
185	17020	22560
186	17205	22735
187	17391	24113
188	17578	29497
189	17766	24375
190	17955	23880
191	18145	25313
192	18336	24507
193	18528	26036
194	18721	26485
195	18915	109491
196	19110	25167
197	19306	24622
198	19503	24529
199	19701	25863
200	19900	26299
201	20100	25484
202	20301	24852
203	20503	25694
204	20706	27219
205	20910	25557
206	21115	26636
207	21321	91585
208	21528	26851
209	21736	22915
210	21945	27169
211	22155	26928
212	22366	24038
213	22578	26886
214	22791	27598
215	23005	25997
216	23220	26246
217	23436	27795
218	23653	26763
219	23871	26172
220	24090	27486
221	24310	26596
222	24531	26663
223	24753	26279
224	24976	25712
225	25200	30628
226	25425	30469
227	25651	26000
228	25878	24386
229	26106	27348
230	26335	25767
231	26565	23262
232	26796	27686
233	27028	27789
234	27261	27359
235	27495	26691
236	27730	26263
237	27966	28458
238	28203	27149
239	28441	27880
240	28680	27806
241	28920	27155
242	29161	289102
243	29403	28520
244	29646	26059
245	29890	27629
246	30135	50299
247	30381	32061
248	30628	23428
249	30876	26678
250	31125	30184
251	31375	27350
252	31626	64258
253	31878	24075
254	32131	28104
255	32385	27558
256	32640	29996
257	32896	23920
258	33153	27468
259	33411	40720
260	33670	62106
261	33930	28632
262	34191	27364
263	34453	29144
264	34716	26953
265	34980	29818
266	35245	27832
267	35511	27784
268	35778	28802
269	36046	27997
270	36315	27122
271	36585	29414
272	36856	169102
273	37128	28989
274	37401	29478
275	37675	29836
276	37950	29460
277	38226	30961
278	38503	31007
279	38781	28968
280	39060	30010
281	39340	28141
282	39621	29041
283	39903	27249
284	40186	29128
285	40470	30368
286	40755	34608
287	41041	29657
288	41328	24931
289	41616	30011
290	41905	29355
291	42195	30285
292	42486	30787
293	42778	30068
294	43071	30155
295	43365	29348
296	43660	31545
297	43956	29326
298	44253	29759
299	44551	30948
300	44850	29638
301	45150	30640
302	45451	31974
303	45753	30305
304	46056	30564
305	46360	29264
306	46665	29560
307	46971	52262
308	47278	148640
309	47586	34944
310	47895	31540
311	48205	30874
312	48516	53309
313	48828	30063
314	49141	29719
315	49455	30375
316	49770	31646
317	50086	30934
318	50403	30619
319	50721	45527
320	51040	32437
321	51360	30136
322	51681	32495
323	52003	34297
324	52326	31234
325	52650	26175
326	52975	30419
327	53301	68377
328	53628	47622
329	53956	31157
330	54285	31445
331	54615	29409
332	54946	37252
333	55278	31931
334	55611	26000
335	55945	26120
336	56280	24442
337	56616	27072
338	56953	31554
339	57291	30262
340	57630	31160
341	57970	29216
342	58311	34596
343	58653	31116
344	58996	27596
345	59340	26347
346	59685	32723
347	60031	26899
348	60378	28753
349	60726	32718
350	61075	31425
351	61425	32036
352	61776	32118
353	62128	34748
354	62481	29547
355	62835	33099
356	63190	32344
357	63546	31087
358	63903	33753
359	64261	34969
360	64620	31933
361	64980	33965
362	65341	35224
363	65703	32464
364	66066	32772
365	66430	34933
366	66795	30216
367	67161	33317
368	67528	30735
369	67896	32711
370	68265	27227
371	68635	111814
372	69006	47726
373	69378	34495
374	69751	44418
375	70125	28629
376	70500	35271
377	70876	35171
378	71253	33638
379	71631	33827
380	72010	34506
381	72390	33205
382	72771	33568
383	73153	35614
384	73536	32839
385	73920	36407
386	74305	35829
387	74691	32195
388	75078	34248
389	75466	35808
390	75855	33981
391	76245	29409
392	76636	34830
393	77028	34153
394	77421	35294
395	77815	29007
396	78210	35345
397	78606	35387
398	79003	36142
399	79401	37104
400	79800	34957
401	80200	34287
402	80601	39050
403	81003	34849
404	81406	30584
405	81810	34704
406	82215	30715
407	82621	33527
408	83028	34646
409	83436	83116
410	83845	47850
411	84255	34509
412	84666	35400
413	85078	34337
414	85491	40282
415	85905	37713
416	86320	35918
417	86736	46243
418	87153	35641
419	87571	37291
420	87990	34713
421	88410	35540
422	88831	30463
423	89253	37016
424	89676	38376
425	90100	28835
426	90525	30934
427	90951	196231
428	91378	35296
429	91806	182260
430	92235	35212
431	92665	61743
432	93096	34893
433	93528	35952
434	93961	35743
435	94395	37129
436	94830	36243
437	95266	36396
438	95703	37818
439	96141	36397
440	96580	36084
441	97020	33461
442	97461	36156
443	97903	37716
444	98346	30896
445	98790	36635
446	99235	37969
447	99681	37780
448	100128	30713
449	100576	37875
450	101025	37746
451	101475	36708
452	101926	36523
453	102378	36694
454	102831	35952
455	103285	38262
456	103740	37627
457	104196	30768
458	104653	38632
459	105111	38883
460	105570	37155
461	106030	36032
462	106491	35817
463	106953	41417
464	107416	38413
465	107880	31412
466	108345	494917
467	108811	36387
468	109278	41129
469	109746	37398
470	110215	30998
471	110685	38923
472	111156	66211
473	111628	31115
474	112101	38322
475	112575	40606
476	113050	37640
477	113526	32563
478	114003	37901
479	114481	38556
480	114960	38730
481	115440	38510
482	115921	38918
483	116403	38742
484	116886	38635
485	117370	40887
486	117855	37662
487	118341	39286
488	118828	39549
489	119316	38535
490	119805	39027
491	120295	39330
492	120786	59359
493	121278	39362
494	121771	44184
495	122265	38952
496	122760	38903
497	123256	41077
498	123753	32506
499	124251	40552
500	124750	47282
501	125250	39012
502	125751	40431
503	126253	33050
504	126756	38064
505	127260	33561
506	127765	33065
507	128271	39238
508	128778	37327
509	129286	39759
510	129795	33083
511	130305	38338
512	130816	39237
513	131328	42095
514	131841	33839
515	132355	34012
516	132870	38978
517	133386	38678
518	133903	40611
519	134421	40843
520	134940	42642
521	135460	40276
522	135981	43275
523	136503	42829
524	137026	46830
525	137550	40991
526	138075	36335
527	138601	34594
528	139128	34962
529	139656	44313
530	140185	51662
531	140715	49662
532	141246	75841
533	141778	43372
534	142311	37190
535	142845	45296
536	143380	47202
537	143916	44424
538	144453	47775
539	144991	46072
540	145530	38788
541	146070	47473
542	146611	47452
543	147153	39209
544	147696	43857
545	148240	47631
546	148785	44726
547	149331	45111
548	149878	44508
549	150426	197744
550	150975	37413
551	151525	45098
552	152076	49436
553	152628	45267
554	153181	48585
555	153735	48011
556	154290	47148
557	154846	40400
558	155403	45102
559	155961	47775
560	156520	46779
561	157080	47114
562	157641	48181
563	158203	46605
564	158766	43930
565	159330	49380
566	159895	48699
567	160461	39715
568	161028	45759
569	161596	47755
570	162165	37923
571	162735	38064
572	163306	48614
573	163878	52895
574	164451	45393
575	165025	135903
576	165600	47640
577	166176	48299
578	166753	48141
579	167331	46686
580	167910	116713
581	168490	48867
582	169071	38217
583	169653	51584
584	170236	38439
585	170820	48398
586	171405	48022
587	171991	44463
588	172578	58856
589	173166	38680
590	173755	46824
591	174345	38725
592	174936	41368
593	175528	53354
594	176121	46339
595	176715	47031
596	177310	47085
597	177906	48992
598	178503	50592
599	179101	41275
600	179700	42851
601	180300	71452
602	180901	48915
603	181503	41938
604	182106	51805
605	182710	46943
606	183315	46670
607	183921	189782
608	184528	47953
609	185136	46524
610	185745	46708
611	186355	38316
612	186966	47304
613	187578	38753
614	188191	48083
615	188805	48165
616	189420	46716
617	190036	50195
618	190653	47387
619	191271	49909
620	191890	47747
621	192510	46787
622	193131	47200
623	193753	47250
624	194376	49306
625	195000	46700
626	195625	47041
627	196251	39468
628	196878	39218
629	197506	47789
630	198135	46122
631	198765	38551
632	199396	47856
633	200028	48082
634	200661	47413
635	201295	39414
636	201930	49009
637	202566	55064
638	203203	38593
639	203841	40557
640	204480	68957
641	205120	45808
642	205761	48670
643	206403	39484
644	207046	49919
645	207690	47652
646	208335	50253
647	208981	50576
648	209628	127158
649	210276	48346
650	210925	47518
651	211575	48642
652	212226	39507
653	212878	47163
654	213531	50445
655	214185	47828
656	214840	47449
657	215496	63887
658	216153	50522
659	216811	48631
660	217470	48620
661	218130	49331
662	218791	50291
663	219453	49118
664	220116	50052
665	220780	48723
666	221445	48680
667	222111	47352
668	222778	49630
669	223446	50988
670	224115	217863
671	224785	45024
672	225456	207257
673	226128	48766
674	226801	50208
675	227475	51351
676	228150	50049
677	228826	50912
678	229503	49960
679	230181	54372
680	230860	50086
681	231540	51347
682	232221	61138
683	232903	57503
684	233586	50616
685	234270	51855
686	234955	51835
687	235641	50278
688	236328	49669
689	237016	49427
690	237705	54535
691	238395	41922
692	239086	41208
693	239778	48669
694	240471	49880
695	241165	49053
696	241860	51933
697	242556	53261
698	243253	62288
699	243951	52839
700	244650	54279
701	245350	47410
702	246051	52003
703	246753	55130
705	248160	57847
706	248865	54071
707	249571	51429
708	250278	53654
709	250986	50905
710	251695	50998
711	252405	55383
712	253116	66279
713	253828	71472
714	254541	53895
715	255255	52552
716	255970	54045
717	256686	44605
718	257403	52981
719	258121	54491
720	258840	52193
721	259560	43148
722	260281	112605
723	261003	50301
724	261726	66943
725	262450	53456
726	263175	40981
727	263901	41504
728	264628	54432
729	265356	49642
730	266085	51827
731	266815	235099
732	267546	41593
733	268278	54431
734	269011	50896
735	269745	52183
736	270480	210459
737	271216	51801
738	271953	50805
739	272691	53328
740	273430	51299
741	274170	50872
742	274911	52737
743	275653	53350
744	276396	60062
745	277140	54116
746	277885	52512
747	278631	231318
748	279378	54643
749	280126	52567
750	280875	53969
751	281625	54098
752	282376	53793
753	283128	52279
754	283881	57997
755	284635	54070
756	285390	75221
757	286146	52962
758	286903	54840
759	287661	55927
760	288420	53813
761	289180	43149
762	289941	53912
763	290703	56123
764	291466	56210
765	292230	54178
766	292995	53170
767	293761	54755
768	294528	44455
769	295296	54097
770	296065	58911
771	296835	55186
772	297606	227615
773	298378	86584
774	299151	53600
775	299925	55747
776	300700	57359
777	301476	49430
778	302253	56773
779	303031	57223
780	303810	45073
781	304590	58264
782	305371	197414
783	306153	55453
784	306936	57164
785	307720	56519
786	308505	45783
787	309291	55233
788	310078	45127
789	310866	53865
790	311655	44545
791	312445	58926
792	313236	57863
793	314028	53224
794	314821	52395
795	315615	141080
796	316410	54115
797	317206	54262
798	318003	57608
799	318801	45615
800	319600	58003
801	320400	59745
802	321201	67481
803	322003	84860
804	322806	55388
805	323610	114606
806	324415	101093
807	325221	49141
808	326028	58800
809	326836	55777
810	327645	134561
811	328455	56502
812	329266	45470
813	330078	50361
814	330891	56328
815	331705	53583
816	332520	45150
817	333336	58307
818	334153	55177
819	334971	149678
820	335790	55776
821	336610	45628
822	337431	58787
823	338253	57641
824	339076	47071
825	339900	58228
826	340725	54069
827	341551	45762
828	342378	44604
829	343206	68349
830	344035	62207
831	344865	58929
832	345696	56282
833	346528	223983
834	347361	84441
835	348195	57640
836	349030	60918
837	349866	44517
838	350703	71054
839	351541	60282
840	352380	46218
841	353220	57529
842	354061	45874
843	354903	58040
844	355746	62315
845	356590	45881
846	357435	56530
847	358281	60153
848	359128	59093
849	359976	64860
850	360825	183063
851	361675	60888
852	362526	62313
853	363378	61135
854	364231	76184
855	365085	67212
856	365940	77259
857	366796	53009
858	367653	68858
859	368511	58388
860	369370	67580
861	370230	61203
862	371091	58902
863	371953	60099
864	372816	57471
865	373680	60223
866	374545	60164
867	375411	62565
868	376278	169843
869	377146	59874
870	378015	45011
871	378885	59122
872	379756	52396
873	380628	59737
874	381501	58720
875	382375	45719
876	383250	61905
877	384126	86683
878	385003	60948
879	385881	64026
880	386760	59798
881	387640	60897
882	388521	63100
883	389403	47120
884	390286	70393
885	391170	57357
886	392055	47544
887	392941	60168
888	393828	59410
889	394716	61662
890	395605	46960
891	396495	61452
892	397386	61469
893	398278	87120
894	399171	62107
895	400065	60335
896	400960	60511
897	401856	47973
898	402753	61543
899	403651	58297
900	404550	60058
901	405450	57967
902	406351	60351
903	407253	71178
904	408156	61204
905	409060	60242
906	409965	60758
907	410871	225637
908	411778	84340
909	412686	61433
910	413595	64161
911	414505	61447
912	415416	91387
913	416328	61093
914	417241	59022
915	418155	118233
916	419070	62961
917	419986	47469
918	420903	61413
919	421821	62623
920	422740	63754
921	423660	68831
922	424581	137507
923	425503	62523
924	426426	210231
925	427350	60427
926	428275	59747
927	429201	64186
928	430128	62970
929	431056	62738
930	431985	63613
931	432915	59229
932	433846	48067
933	434778	60364
934	435711	228657
935	436645	65099
936	437580	63619
937	438516	102267
938	439453	47836
939	440391	63278
940	441330	60267
941	442270	64092
942	443211	61110
943	444153	62308
944	445096	62669
945	446040	65453
946	446985	123031
947	447931	62072
948	448878	61465
949	449826	48281
950	450775	70347
951	451725	76646
952	452676	60652
953	453628	62907
954	454581	49808
955	455535	62469
956	456490	74875
957	457446	49368
958	458403	63126
959	459361	60915
960	460320	62570
961	461280	62912
962	462241	61456
963	463203	235742
964	464166	264488
965	465130	118646
966	466095	64676
967	467061	64122
968	468028	52149
969	468996	69049
970	469965	63944
971	470935	62647
972	471906	63651
973	472878	63337
974	473851	189101
975	474825	69860
976	475800	60075
977	476776	64309
978	477753	183600
979	478731	63078
980	479710	65269
981	480690	65163
982	481671	64004
983	482653	64127
984	483636	99727
985	484620	64870
986	485605	109668
987	486591	193034
988	487578	101476
989	488566	58222
990	489555	63467
991	490545	58717
992	491536	65706
993	492528	49931
994	493521	64244
995	494515	62019
996	495510	66291
997	496506	49230
998	497503	67020
999	498501	96377
1000	499500	64631
1001	500500	64427
1002	501501	50537
1003	502503	48540
1004	503506	61125
1005	504510	116481
1006	505515	70695
1007	506521	64516
1008	507528	121061
1009	508536	62883
1010	509545	47521
1011	510555	63973
1012	511566	50231
1013	512578	65941
1014	513591	138884
1015	514605	51225
1016	515620	63788
1017	516636	99072
1018	517653	50784
1019	518671	60998
1020	519690	186872
1021	520710	65912
1022	521731	66072
1023	522753	66717
1024	523776	64032
1025	524800	50464
1026	525825	66820
1027	526851	50861
1028	527878	66788
1029	528906	66370
1030	529935	51532
1031	530965	66840
1032	531996	59606
1033	533028	64592
1034	534061	62569
1035	535095	63300
1036	536130	50503
1037	537166	66470
1038	538203	61967
1039	539241	51529
1040	540280	66031
1041	541320	71270
1042	542361	51199
1043	543403	63791
1044	544446	53888
1045	545490	52608
1046	546535	69554
1047	547581	62665
1048	548628	58696
1049	549676	71294
1050	550725	67594
1051	551775	62960
1052	552826	71657
1053	553878	64067
1054	554931	47758
1055	555985	62406
1056	557040	71869
1057	558096	73421
1058	559153	74496
1059	560211	51236
1060	561270	68530
1061	562330	70514
1062	563391	68456
1063	564453	65774
1064	565516	55014
1065	566580	62176
1066	567645	69410
1067	568711	73762
1068	569778	63395
1069	570846	50919
1070	571915	49791
1071	572985	65155
1072	574056	66763
1073	575128	215034
1074	576201	66027
1075	577275	51114
1076	578350	65693
1077	579426	64349
1078	580503	52870
1079	581581	72054
1080	582660	53251
1081	583740	72078
1082	584821	68308
1083	585903	136791
1084	586986	75010
1085	588070	244559
1086	589155	70097
1087	590241	74486
1088	591328	77036
1089	592416	72227
1090	593505	76130
1091	594595	175407
1092	595686	70342
1093	596778	75993
1094	597871	69500
1095	598965	68737
1096	600060	73655
1097	601156	72312
1098	602253	71786
1099	603351	69130
1100	604450	67655
1101	605550	68950
1102	606651	68661
1103	607753	72821
1104	608856	65667
1105	609960	51681
1106	611065	68955
1107	612171	60283
1108	613278	68160
1110	615495	58874
1111	616605	73621
1112	617716	68490
1113	618828	77416
1114	619941	73898
1115	621055	73270
1116	622170	64961
1117	623286	69826
1118	624403	68704
1119	625521	72145
1120	626640	52084
1121	627760	65757
1122	628881	51920
1123	630003	66078
1124	631126	66791
1125	632250	69993
1126	633375	59745
1127	634501	166509
1128	635628	218607
1129	636756	154738
1130	637885	68047
1131	639015	57105
1132	640146	77672
1133	641278	59067
1134	642411	69471
1136	644680	102852
1137	645816	74928
1138	646953	74221
1139	648091	53853
1140	649230	347101
1141	650370	54399
1142	651511	71158
1143	652653	59287
1144	653796	82217
1145	654940	71699
1146	656085	78167
1147	657231	71645
1148	658378	75495
1149	659526	55858
1150	660675	69737
1151	661825	61516
1152	662976	88503
1153	664128	68333
1154	665281	82581
1155	666435	68531
1156	667590	55166
1157	668746	80204
1158	669903	74631
1159	671061	74864
1160	672220	61365
1161	673380	70862
1162	674541	69799
1163	675703	146137
1164	676866	74430
1165	678030	69257
1166	679195	73762
1167	680361	71530
1168	681528	58150
1169	682696	74079
1170	683865	71170
1171	685035	69202
1172	686206	79621
1173	687378	61786
1174	688551	55537
1175	689725	158406
1176	690900	67699
1177	692076	179224
1178	693253	74519
1179	694431	73913
1180	695610	68204
1181	696790	53248
1182	697971	74511
1183	699153	57512
1184	700336	70249
1185	701520	115755
1186	702705	72440
1187	703891	55023
1188	705078	86780
1189	706266	191016
1190	707455	73206
1191	708645	76504
1192	709836	59001
1193	711028	107488
1194	712221	71562
1195	713415	68581
1196	714610	55559
1197	715806	100277
1198	717003	76122
1199	718201	76050
1200	719400	69787
1201	720600	71625
1202	721801	70854
1203	723003	55885
1204	724206	78776
1205	725410	80296
1206	726615	71625
1207	727821	74639
1208	729028	74611
1209	730236	75087
1210	731445	574128
1211	732655	83204
1212	733866	70625
1213	735078	70146
1214	736291	61122
1215	737505	66911
1216	738720	79436
1217	739936	74237
1218	741153	68651
1219	742371	85774
1220	743590	68658
1221	744810	76660
1222	746031	74996
1223	747253	81508
1224	748476	92829
1225	749700	72903
1226	750925	56117
1227	752151	119054
1228	753378	74737
1229	754606	190807
1230	755835	74311
1231	757065	58206
1232	758296	184592
1233	759528	72205
1234	760761	73954
1235	761995	74737
1236	763230	59014
1237	764466	72754
1238	765703	72372
1239	766941	73421
1240	768180	77888
1241	769420	172220
1242	770661	73178
1243	771903	70240
1244	773146	69742
1245	774390	55004
1246	775635	72930
1247	776881	71526
1248	778128	76310
1249	779376	79186
1250	780625	75323
1251	781875	72304
1252	783126	80811
1253	784378	350510
1254	785631	74697
1255	786885	78429
1256	788140	79535
1257	789396	88474
1258	790653	77335
1259	791911	79287
1260	793170	78690
1261	794430	129865
1262	795691	76882
1263	796953	71096
1264	798216	71856
1265	799480	70462
1266	800745	71837
1267	802011	73195
1268	803278	56470
1269	804546	75346
1270	805815	71009
1271	807085	55450
1272	808356	72733
1273	809628	72810
1274	810901	82871
1275	812175	62011
1276	813450	75019
1277	814726	61349
1278	816003	73742
1279	817281	73218
1280	818560	72194
1281	819840	106347
1282	821121	86840
1283	822403	76258
1284	823686	71550
1285	824970	74243
1286	826255	73321
1287	827541	74057
1288	828828	139356
1289	830116	198805
1290	831405	75695
1291	832695	73301
1292	833986	75327
1293	835278	79094
1294	836571	59827
1295	837865	184396
1296	839160	74122
1297	840456	78229
1298	841753	113407
1299	843051	77104
1300	844350	58670
1301	845650	74678
1302	846951	64594
1303	848253	73766
1304	849556	95426
1305	850860	71814
1306	852165	77048
1307	853471	57757
1308	854778	58102
1309	856086	60575
1310	857395	70868
1311	858705	58078
1312	860016	73553
1313	861328	86629
1314	862641	55389
1315	863955	74867
1316	865270	70941
1317	866586	67063
1318	867903	61238
1319	869221	73109
1320	870540	77625
1321	871860	191263
1322	873181	72572
1323	874503	139839
1324	875826	75493
1325	877150	75916
1326	878475	156148
1327	879801	139758
1328	881128	78416
1329	882456	76486
1330	883785	182989
1331	885115	81372
1332	886446	73245
1333	887778	57451
1334	889111	78536
1335	890445	60704
1336	891780	60643
1337	893116	56810
1338	894453	76616
1339	895791	77810
1340	897130	78833
1341	898470	76195
1342	899811	80650
1343	901153	83302
1344	902496	72265
1345	903840	72760
1346	905185	74001
1347	906531	136447
1348	907878	75787
1349	909226	73574
1350	910575	76900
1351	911925	72264
1352	913276	80674
1353	914628	77426
1354	915981	76315
1355	917335	78937
1356	918690	76036
1357	920046	219836
1358	921403	202881
1359	922761	133798
1360	924120	74434
1361	925480	76837
1362	926841	77445
1363	928203	77683
1364	929566	59275
1365	930930	77837
1366	932295	60020
1367	933661	200806
1368	935028	74612
1369	936396	75706
1370	937765	60002
1371	939135	57930
1372	940506	58079
1373	941878	73925
1374	943251	57884
1375	944625	57817
1376	946000	74733
1377	947376	76450
1378	948753	59483
1379	950131	77861
1380	951510	77401
1381	952890	58962
1382	954271	59840
1383	955653	77860
1384	957036	59081
1385	958420	76477
1386	959805	75221
1387	961191	74990
1388	962578	59221
1389	963966	103884
1390	965355	76602
1391	966745	75471
1392	968136	57765
1393	969528	58465
1394	970921	93349
1395	972315	107325
1396	973710	75980
1397	975106	76098
1398	976503	77169
1399	977901	76341
1400	979300	59317
1401	980700	77723
1402	982101	104280
1403	983503	79656
1404	984906	93670
1405	986310	78651
1406	987715	75754
1407	989121	78862
1408	990528	78432
1409	991936	75615
1410	993345	76503
1411	994755	76121
1412	996166	79348
1413	997578	77489
1414	998991	59675
1415	1000405	76559
1416	1001820	58608
1417	1003236	59555
1418	1004653	59387
1419	1006071	77647
1420	1007490	77503
1421	1008910	75275
1422	1010331	74162
1423	1011753	78022
1424	1013176	75927
1425	1014600	60356
1426	1016025	77366
1427	1017451	78089
1428	1018878	77913
1429	1020306	166202
1430	1021735	59427
1431	1023165	61157
1432	1024596	61284
1433	1026028	80165
1434	1027461	61069
1435	1028895	86595
1436	1030330	60964
1437	1031766	107520
1438	1033203	76509
1439	1034641	84571
1440	1036080	77575
1441	1037520	78159
1442	1038961	77984
1443	1040403	76699
1444	1041846	59607
1445	1043290	121208
1446	1044735	82122
1447	1046181	80724
1448	1047628	60213
1449	1049076	211741
1450	1050525	250171
1451	1051975	58217
1452	1053426	78115
1453	1054878	84481
1454	1056331	78153
1455	1057785	60038
1456	1059240	80857
1457	1060696	77397
1458	1062153	60502
1459	1063611	77260
1460	1065070	76510
1461	1066530	219984
1462	1067991	121959
1463	1069453	76297
1464	1070916	83782
1465	1072380	80019
1466	1073845	60205
1467	1075311	60995
1468	1076778	59685
1469	1078246	61730
1470	1079715	62281
1471	1081185	79853
1472	1082656	81007
1473	1084128	82618
1474	1085601	81159
1475	1087075	241294
1476	1088550	77727
1477	1090026	79844
1478	1091503	80308
1479	1092981	80720
1480	1094460	78353
1481	1095940	60200
1482	1097421	213260
1483	1098903	78878
1484	1100386	79315
1485	1101870	102106
1486	1103355	78670
1487	1104841	61185
1488	1106328	59843
1489	1107816	92720
1490	1109305	79658
1491	1110795	79819
1492	1112286	61869
1493	1113778	77825
1494	1115271	78994
1495	1116765	61460
1496	1118260	81807
1497	1119756	79902
1498	1121253	79349
1499	1122751	81146
1500	1124250	87922
1501	1125750	80498
1502	1127251	82285
1503	1128753	80955
1504	1130256	81189
1505	1131760	172522
1506	1133265	80052
1507	1134771	81568
1508	1136278	83367
1509	1137786	206945
1510	1139295	82946
1511	1140805	82300
1512	1142316	64074
1513	1143828	80483
1514	1145341	79451
1515	1146855	66408
1516	1148370	62016
1517	1149886	80818
1518	1151403	78202
1519	1152921	80266
1520	1154440	155813
1521	1155960	134735
1522	1157481	81373
1523	1159003	83433
1524	1160526	77930
1525	1162050	81309
1526	1163575	82746
1527	1165101	63175
1528	1166628	61911
1529	1168156	63205
1530	1169685	87258
1531	1171215	80254
1532	1172746	82527
1533	1174278	80443
1534	1175811	81439
1535	1177345	80946
1536	1178880	81564
1537	1180416	142162
1538	1181953	144931
1539	1183491	62663
1540	1185030	187442
1541	1186570	82025
1542	1188111	63095
1543	1189653	79961
1544	1191196	77966
1545	1192740	79840
1546	1194285	60801
1547	1195831	78619
1548	1197378	81742
1549	1198926	82373
1550	1200475	80840
1551	1202025	81126
1552	1203576	61565
1553	1205128	83661
1554	1206681	89747
1555	1208235	83896
1556	1209790	91252
1557	1211346	86067
1558	1212903	85967
1559	1214461	255181
1560	1216020	84112
1561	1217580	83306
1562	1219141	83811
1563	1220703	80531
1564	1222266	81310
1565	1223830	63032
1566	1225395	160117
1567	1226961	80508
1568	1228528	80542
1569	1230096	82844
1570	1231665	81227
1571	1233235	83062
1572	1234806	81171
1573	1236378	92097
1574	1237951	211295
1575	1239525	61293
1576	1241100	90424
1577	1242676	86534
1578	1244253	82609
1579	1245831	84376
1580	1247410	79737
1581	1248990	110828
1582	1250571	83947
1583	1252153	69291
1584	1253736	84982
1585	1255320	96615
1586	1256905	130083
1587	1258491	83381
1588	1260078	82548
1589	1261666	81785
1590	1263255	67610
1591	1264845	240599
1592	1266436	62151
1593	1268028	84465
1594	1269621	92045
1595	1271215	79607
1596	1272810	68891
1597	1274406	61553
1598	1276003	66947
1599	1277601	63387
1600	1279200	64813
1601	1280800	88561
1602	1282401	91601
1603	1284003	90199
1604	1285606	86410
1605	1287210	85071
1606	1288815	84644
1607	1290421	79802
1608	1292028	85599
1609	1293636	83979
1610	1295245	85568
1611	1296855	89692
1612	1298466	81557
1613	1300078	372174
1614	1301691	84616
1615	1303305	87933
1616	1304920	65311
1617	1306536	88961
1618	1308153	88360
1619	1309771	86120
1620	1311390	81565
1621	1313010	213275
1622	1314631	84236
1623	1316253	85482
1624	1317876	85237
1625	1319500	89380
1626	1321125	63528
1627	1322751	62419
1628	1324378	86338
1629	1326006	84551
1630	1327635	244430
1631	1329265	81051
1632	1330896	68570
1633	1332528	87088
1634	1334161	87398
1635	1335795	65522
1636	1337430	143459
1637	1339066	64294
1638	1340703	91303
1639	1342341	68081
1640	1343980	88218
1641	1345620	82060
1642	1347261	82598
1643	1348903	83380
1644	1350546	90338
1645	1352190	143820
1646	1353835	233661
1647	1355481	87824
1648	1357128	85779
1649	1358776	125309
1650	1360425	130958
1651	1362075	179538
1652	1363726	89024
1653	1365378	86849
1654	1367031	63432
1655	1368685	86281
1656	1370340	98857
1657	1371996	112766
1658	1373653	71180
1659	1375311	94867
1660	1376970	84539
1661	1378630	84662
1662	1380291	84812
1663	1381953	87803
1664	1383616	89859
1665	1385280	89264
1666	1386945	67327
1667	1388611	86834
1668	1390278	68187
1669	1391946	68390
1670	1393615	85888
1671	1395285	85182
1672	1396956	87071
1673	1398628	89880
1674	1400301	86562
1675	1401975	85984
1676	1403650	188061
1677	1405326	87371
1678	1407003	86590
1679	1408681	88225
1680	1410360	89702
1681	1412040	66045
1682	1413721	89182
1683	1415403	89542
1684	1417086	90926
1685	1418770	88383
1686	1420455	85691
1687	1422141	69611
1688	1423828	91430
1689	1425516	66276
1690	1427205	89792
1691	1428895	66403
1692	1430586	84476
1693	1432278	87048
1694	1433971	165706
1695	1435665	83213
1696	1437360	90373
1697	1439056	83580
1698	1440753	84601
1699	1442451	227018
1700	1444150	132890
1701	1445850	92931
1702	1447551	84315
1703	1449253	102519
1704	1450956	85530
1705	1452660	90905
1706	1454365	90454
1707	1456071	66425
1708	1457778	90231
1709	1459486	225988
1710	1461195	116218
1711	1462905	86530
1712	1464616	107097
1713	1466328	92232
1714	1468041	222995
1715	1469755	85004
1716	1471470	94000
1717	1473186	239783
1718	1474903	91085
1719	1476621	92038
1720	1478340	89906
1721	1480060	64454
1722	1481781	84048
1723	1483503	87473
1724	1485226	69742
1725	1486950	91639
1726	1488675	92605
1727	1490401	115509
1728	1492128	88174
1729	1493856	88826
1730	1495585	249613
1731	1497315	86301
1732	1499046	91066
1733	1500778	136861
1734	1502511	66667
1735	1504245	88445
1736	1505980	67680
1737	1507716	102205
1738	1509453	89171
1739	1511191	86236
1740	1512930	158236
1741	1514670	114647
1742	1516411	90859
1743	1518153	66774
1744	1519896	89450
1745	1521640	66673
1746	1523385	104096
1747	1525131	402306
1748	1526878	80687
1749	1528626	91766
1750	1530375	150800
1751	1532125	85111
1752	1533876	92496
1753	1535628	118406
1754	1537381	170044
1755	1539135	65404
1756	1540890	67727
1757	1542646	186635
1758	1544403	88988
1759	1546161	68715
1760	1547920	117126
1761	1549680	67454
1762	1551441	127524
1763	1553203	67431
1764	1554966	90363
1765	1556730	76830
1766	1558495	71190
1767	1560261	94429
1768	1562028	90976
1769	1563796	92085
1770	1565565	92627
1771	1567335	73016
1772	1569106	93370
1773	1570878	87078
1774	1572651	89551
1775	1574425	95542
1776	1576200	94471
1777	1577976	111959
1778	1579753	74758
1779	1581531	95350
1780	1583310	65769
1781	1585090	89494
1782	1586871	88500
1783	1588653	226142
1784	1590436	93169
1785	1592220	87520
1786	1594005	91242
1787	1595791	93068
1788	1597578	93251
1789	1599366	88113
1790	1601155	89374
1791	1602945	90070
1792	1604736	68842
1793	1606528	95223
1794	1608321	90331
1795	1610115	93276
1796	1611910	124651
1797	1613706	92200
1798	1615503	372578
1799	1617301	91866
1800	1619100	92429
1801	1620900	129998
1802	1622701	246072
1803	1624503	94570
1804	1626306	193693
1805	1628110	95206
1806	1629915	98052
1807	1631721	91391
1808	1633528	95868
1809	1635336	70618
1810	1637145	91339
1811	1638955	90511
1812	1640766	70637
1813	1642578	94450
1814	1644391	93009
1815	1646205	172644
1816	1648020	97652
1817	1649836	91422
1818	1651653	92907
1819	1653471	93019
1820	1655290	70714
1821	1657110	93103
1822	1658931	151603
1823	1660753	98312
1824	1662576	354510
1825	1664400	117204
1826	1666225	250251
1827	1668051	96840
1828	1669878	92795
1829	1671706	103478
1830	1673535	98952
1831	1675365	94041
1832	1677196	93019
1833	1679028	182516
1834	1680861	254251
1835	1682695	94435
1836	1684530	94317
1837	1686366	119009
1838	1688203	92913
1839	1690041	243263
1840	1691880	69672
1841	1693720	93850
1842	1695561	94870
1843	1697403	92365
1844	1699246	90099
1845	1701090	71652
1846	1702935	70710
1847	1704781	101277
1848	1706628	121064
1849	1708476	94060
1850	1710325	171885
1851	1712175	70938
1852	1714026	71744
1853	1715878	71190
1854	1717731	70368
1855	1719585	94935
1856	1721440	93860
1857	1723296	95171
1858	1725153	95183
1859	1727011	71361
1860	1728870	92862
1861	1730730	93312
1862	1732591	687969
1863	1734453	194561
1864	1736316	248549
1865	1738180	71398
1866	1740045	248764
1867	1741911	173326
1868	1743778	123633
1869	1745646	181170
1870	1747515	74004
1871	1749385	94556
1872	1751256	255775
1873	1753128	127780
1874	1755001	94707
1875	1756875	170331
1876	1758750	72380
1877	1760626	95622
1878	1762503	93933
1879	1764381	93508
1880	1766260	94233
1881	1768140	137765
1882	1770021	216188
1883	1771903	95405
1884	1773786	137317
1885	1775670	91988
1886	1777555	103930
1887	1779441	95070
1888	1781328	95501
1889	1783216	73384
1890	1785105	199290
1891	1786995	98354
1892	1788886	101582
1893	1790778	73966
1894	1792671	72374
1895	1794565	234266
1896	1796460	110285
1897	1798356	73196
1898	1800253	218835
1899	1802151	96349
1900	1804050	95764
1901	1805950	96913
1902	1807851	93364
1903	1809753	209137
1904	1811656	117969
1905	1813560	187096
1906	1815465	73344
1907	1817371	142482
1908	1819278	95940
1909	1821186	97261
1910	1823095	95123
1911	1825005	99047
1912	1826916	223410
1913	1828828	94340
1914	1830741	220022
1915	1832655	72111
1916	1834570	96725
1917	1836486	97239
1918	1838403	95250
1919	1840321	98895
1920	1842240	76658
1921	1844160	98381
1922	1846081	95946
1923	1848003	130720
1924	1849926	124660
1925	1851850	395395
1926	1853775	243519
1927	1855701	249214
1928	1857628	161255
1929	1859556	96677
1930	1861485	96496
1931	1863415	72326
1932	1865346	220793
1933	1867278	96133
1934	1869211	97863
1935	1871145	97561
1936	1873080	103882
1937	1875016	98516
1938	1876953	97144
1939	1878891	129923
1940	1880830	73111
1941	1882770	209662
1942	1884711	97064
1943	1886653	98823
1944	1888596	98008
1945	1890540	104246
1946	1892485	96626
1947	1894431	79976
1948	1896378	104506
1949	1898326	209877
1950	1900275	114204
1951	1902225	96408
1952	1904176	124604
1953	1906128	96659
1954	1908081	153856
1955	1910035	96595
1956	1911990	99963
1957	1913946	92812
1958	1915903	95416
1959	1917861	98844
1960	1919820	154796
1961	1921780	98279
1962	1923741	74335
1963	1925703	99265
1964	1927666	100028
1965	1929630	98509
1966	1931595	98720
1967	1933561	97413
1968	1935528	73679
1969	1937496	98307
1970	1939465	101480
1971	1941435	99075
1972	1943406	99236
1973	1945378	97483
1974	1947351	74846
1975	1949325	100314
1976	1951300	98420
1977	1953276	74559
1978	1955253	100675
1979	1957231	98069
1980	1959210	239352
1981	1961190	98127
1982	1963171	101829
1983	1965153	102133
1984	1967136	101453
1985	1969120	98913
1986	1971105	100024
1987	1973091	107572
1988	1975078	100779
1989	1977066	98633
1990	1979055	99829
1991	1981045	74576
1992	1983036	76475
1993	1985028	100910
1994	1987021	222527
1995	1989015	99241
1996	1991010	99844
1997	1993006	230795
1998	1995003	114992
1999	1997001	101665
2000	1999000	97966
2001	2001000	99101
2002	2003001	101250
2003	2005003	83087
2004	2007006	75142
2005	2009010	99295
2006	2011015	102307
2007	2013021	220184
2008	2015028	100105
2009	2017036	99556
2010	2019045	99956
2011	2021055	309789
2012	2023066	100660
2013	2025078	76598
2014	2027091	182754
2015	2029105	105496
2016	2031120	76856
2017	2033136	228079
2018	2035153	97775
2019	2037171	117341
2020	2039190	99216
2021	2041210	99806
2022	2043231	116194
2023	2045253	78018
2024	2047276	251378
2025	2049300	101955
2026	2051325	112463
2027	2053351	99861
2028	2055378	97113
2029	2057406	76059
2030	2059435	139523
2031	2061465	105014
2032	2063496	216592
2033	2065528	102185
2034	2067561	177504
2035	2069595	249649
2036	2071630	102358
2037	2073666	101106
2038	2075703	99502
2039	2077741	99023
2040	2079780	249229
2041	2081820	75684
2042	2083861	100621
2043	2085903	100475
2044	2087946	102090
2045	2089990	76945
2046	2092035	102442
2047	2094081	102738
2048	2096128	102370
2049	2098176	105755
2050	2100225	247818
2051	2102275	237628
2052	2104326	102382
2053	2106378	106885
2054	2108431	103765
2055	2110485	117535
2056	2112540	240298
2057	2114596	241863
2058	2116653	110644
2059	2118711	114535
2060	2120770	105134
2061	2122830	177038
2062	2124891	234884
2063	2126953	104695
2064	2129016	101199
2065	2131080	161801
2066	2133145	110628
2067	2135211	106414
2068	2137278	105785
2069	2139346	106633
2070	2141415	111252
2071	2143485	80922
2072	2145556	123676
2073	2147628	105095
2074	2149701	100699
2075	2151775	111535
2076	2153850	282260
2077	2155926	229720
2078	2158003	82986
2079	2160081	106887
2080	2162160	140081
2081	2164240	123822
2082	2166321	222279
2083	2168403	99349
2084	2170486	106222
2085	2172570	109264
2086	2174655	240913
2087	2176741	76918
2088	2178828	105552
2089	2180916	226785
2090	2183005	108571
2091	2185095	107905
2092	2187186	108150
2093	2189278	115320
2094	2191371	108349
2095	2193465	115420
2096	2195560	104387
2097	2197656	251429
2098	2199753	107947
2099	2201851	104257
2100	2203950	227013
2101	2206050	88018
2102	2208151	114109
2103	2210253	103110
2104	2212356	109674
2105	2214460	107227
2106	2216565	103536
2107	2218671	81160
2108	2220778	106053
2109	2222886	102518
2110	2224995	103886
2111	2227105	164703
2112	2229216	106652
2113	2231328	101764
2114	2233441	143695
2115	2235555	265952
2116	2237670	223363
2117	2239786	104604
2118	2241903	105418
2119	2244021	166491
2120	2246140	110495
2121	2248260	200449
2122	2250381	110032
2123	2252503	163680
2124	2254626	183155
2125	2256750	230213
2126	2258875	120066
2127	2261001	113110
2128	2263128	107732
2129	2265256	109030
2130	2267385	100653
2131	2269515	104308
2132	2271646	86224
2133	2273778	111808
2134	2275911	103126
2135	2278045	100143
2136	2280180	116847
2137	2282316	99588
2138	2284453	357012
2139	2286591	104648
2140	2288730	102957
2141	2290870	246028
2142	2293011	251340
2143	2295153	188235
2144	2297296	191600
2145	2299440	108757
2146	2301585	103415
2147	2303731	109833
2148	2305878	246327
2149	2308026	106075
2150	2310175	112446
2151	2312325	110581
2152	2314476	115192
2153	2316628	111075
2154	2318781	202741
2155	2320935	99902
2156	2323090	98051
2157	2325246	110146
2158	2327403	119578
2159	2329561	103181
2160	2331720	81780
2161	2333880	230145
2162	2336041	115499
2163	2338203	102203
2164	2340366	104314
2165	2342530	101766
2166	2344695	112852
2167	2346861	107716
2168	2349028	102846
2169	2351196	121505
2170	2353365	86433
2171	2355535	79660
2172	2357706	104081
2173	2359878	102899
2174	2362051	78313
2175	2364225	144059
2176	2366400	105123
2177	2368576	107238
2178	2370753	101064
2179	2372931	108742
2180	2375110	79326
2181	2377290	106062
2182	2379471	106804
2183	2381653	104720
2184	2383836	188171
2185	2386020	100555
2186	2388205	117250
2187	2390391	79346
2188	2392578	107328
2189	2394766	183770
2190	2396955	103973
2191	2399145	80780
2192	2401336	252284
2193	2403528	102991
2194	2405721	106775
2195	2407915	80076
2196	2410110	120969
2197	2412306	110551
2198	2414503	104123
2199	2416701	110385
2200	2418900	316162
2201	2421100	133391
2202	2423301	102520
2203	2425503	107668
2204	2427706	106511
2205	2429910	105471
2206	2432115	116541
2207	2434321	80822
2208	2436528	105288
2209	2438736	213209
2210	2440945	110096
2211	2443155	199144
2212	2445366	108417
2213	2447578	118147
2214	2449791	130929
2215	2452005	158594
2216	2454220	80081
2217	2456436	88114
2218	2458653	107458
2219	2460871	110912
2220	2463090	133953
2221	2465310	227347
2222	2467531	241485
2223	2469753	200487
2224	2471976	87811
2225	2474200	104598
2226	2476425	104614
2227	2478651	107776
2228	2480878	104653
2229	2483106	109574
2230	2485335	112148
2231	2487565	108940
2232	2489796	110848
2233	2492028	113905
2234	2494261	112544
2235	2496495	123619
2236	2498730	124734
2237	2500966	114172
2238	2503203	109182
2239	2505441	174949
2240	2507680	112478
2241	2509920	106458
2242	2512161	136789
2243	2514403	109014
2244	2516646	82843
2245	2518890	159809
2246	2521135	108643
2247	2523381	145409
2248	2525628	107488
2249	2527876	106155
2250	2530125	121807
2251	2532375	133218
2252	2534626	109100
2253	2536878	112522
2254	2539131	84914
2255	2541385	107568
2256	2543640	115494
2257	2545896	111594
2258	2548153	82142
2259	2550411	106127
2260	2552670	79069
2261	2554930	106086
2262	2557191	106260
2263	2559453	109231
2264	2561716	103993
2265	2563980	82757
2266	2566245	108757
2267	2568511	81168
2268	2570778	109027
2269	2573046	81161
2270	2575315	128524
2271	2577585	116653
2272	2579856	106740
2273	2582128	227415
2274	2584401	119291
2275	2586675	109738
2276	2588950	90216
2277	2591226	151062
2278	2593503	108074
2279	2595781	118287
2280	2598060	92455
2281	2600340	178351
2282	2602621	116052
2283	2604903	109723
2284	2607186	302317
2285	2609470	214525
2286	2611755	120300
2287	2614041	113424
2289	2618616	107585
2290	2620905	82992
2291	2623195	112060
2292	2625486	96663
2293	2627778	118972
2294	2630071	109857
2295	2632365	81928
2296	2634660	279360
2297	2636956	142671
2298	2639253	110776
2299	2641551	110519
2300	2643850	113929
2301	2646150	111333
2302	2648451	251961
2303	2650753	108095
2304	2653056	127079
2305	2655360	147892
2306	2657665	117791
2307	2659971	118813
2308	2662278	169340
2309	2664586	85377
2310	2666895	404614
2311	2669205	107034
2312	2671516	120706
2313	2673828	110281
2314	2676141	88705
2315	2678455	126654
2316	2680770	108644
2317	2683086	126884
2318	2685403	110054
2319	2687721	90456
2320	2690040	146138
2321	2692360	108677
2322	2694681	112375
2323	2697003	142401
2324	2699326	109300
2325	2701650	85631
2326	2703975	109765
2327	2706301	107813
2328	2708628	112978
2329	2710956	203050
2330	2713285	116544
2331	2715615	127165
2332	2717946	137658
2333	2720278	86476
2334	2722611	111320
2335	2724945	168510
2336	2727280	140934
2337	2729616	112955
2338	2731953	135960
2339	2734291	113917
2340	2736630	130150
2341	2738970	107543
2342	2741311	158146
2343	2743653	113010
2344	2745996	133301
2345	2748340	228997
2346	2750685	109235
2347	2753031	84803
2348	2755378	80979
2349	2757726	113484
2350	2760075	115602
2351	2762425	112222
2352	2764776	112545
2353	2767128	80900
2354	2769481	81113
2355	2771835	121799
2356	2774190	116860
2357	2776546	113857
2358	2778903	109366
2359	2781261	81532
2360	2783620	116171
2361	2785980	83604
2362	2788341	166500
2363	2790703	114960
2364	2793066	107671
2365	2795430	208818
2366	2797795	110613
2367	2800161	111335
2368	2802528	126244
2369	2804896	255997
2370	2807265	118515
2371	2809635	114019
2372	2812006	262433
2373	2814378	110083
2374	2816751	108545
2375	2819125	83888
2376	2821500	299599
2377	2823876	84434
2378	2826253	115494
2379	2828631	114814
2380	2831010	117323
2381	2833390	195400
2382	2835771	84502
2383	2838153	112911
2384	2840536	112780
2385	2842920	116976
2386	2845305	395564
2387	2847691	429852
2388	2850078	116313
2389	2852466	145949
2390	2854855	153950
2391	2857245	115117
2392	2859636	177669
2393	2862028	118258
2394	2864421	118409
2395	2866815	115777
2396	2869210	111192
2397	2871606	133628
2398	2874003	111578
2399	2876401	84161
2400	2878800	113555
2401	2881200	109804
2402	2883601	85663
2403	2886003	115724
2404	2888406	113906
2405	2890810	104114
2406	2893215	160909
2407	2895621	116210
2408	2898028	169517
2409	2900436	114395
2410	2902845	112495
2411	2905255	85318
2412	2907666	127423
2413	2910078	217466
2414	2912491	114532
2415	2914905	113258
2416	2917320	112303
2417	2919736	120162
2418	2922153	112502
2419	2924571	118857
2420	2926990	140823
2421	2929410	133367
2422	2931831	117004
2423	2934253	120419
2424	2936676	85624
2425	2939100	110120
2426	2941525	88402
2427	2943951	123138
2428	2946378	85126
2429	2948806	117065
2430	2951235	232548
2431	2953665	271963
2432	2956096	122769
2433	2958528	121499
2434	2960961	357686
2435	2963395	114743
2436	2965830	115642
2437	2968266	116172
2438	2970703	131455
2439	2973141	88517
2440	2975580	113917
2441	2978020	84196
2442	2980461	87123
2443	2982903	117439
2444	2985346	217749
2445	2987790	118509
2446	2990235	117979
2447	2992681	108387
2448	2995128	147199
2449	2997576	117049
2450	3000025	112966
2451	3002475	114843
2452	3004926	129430
2453	3007378	115782
2454	3009831	98129
2455	3012285	248548
2456	3014740	255932
2457	3017196	197339
2458	3019653	120937
2459	3022111	120804
2460	3024570	265870
2461	3027030	420253
2462	3029491	153261
2463	3031953	122544
2464	3034416	116753
2465	3036880	117693
2466	3039345	114720
2467	3041811	116855
2468	3044278	86810
2469	3046746	118122
2470	3049215	118341
2471	3051685	456583
2472	3054156	128280
2473	3056628	90567
2474	3059101	181919
2475	3061575	120763
2476	3064050	91006
2477	3066526	86455
2478	3069003	114943
2479	3071481	118642
2480	3073960	160773
2481	3076440	153454
2482	3078921	118106
2483	3081403	88004
2484	3083886	121507
2485	3086370	117971
2486	3088855	199363
2487	3091341	115441
2488	3093828	121004
2489	3096316	118494
2490	3098805	169293
2491	3101295	126919
2492	3103786	144824
2493	3106278	120908
2494	3108771	121060
2495	3111265	91170
2496	3113760	121289
2497	3116256	121372
2498	3118753	119340
2499	3121251	225509
2500	3123750	88324
2501	3126250	115300
2502	3128751	111433
2503	3131253	117844
2504	3133756	149123
2505	3136260	88388
2506	3138765	126644
2507	3141271	86987
2508	3143778	120635
2509	3146286	124739
2510	3148795	117651
2511	3151305	218107
2512	3153816	124632
2513	3156328	121661
2514	3158841	117850
2515	3161355	147857
2516	3163870	222254
2517	3166386	121706
2518	3168903	115390
2519	3171421	116386
2520	3173940	88423
2521	3176460	115087
2522	3178981	135098
2523	3181503	118797
2524	3184026	182083
2525	3186550	118437
2526	3189075	115419
2527	3191601	140412
2528	3194128	114162
2529	3196656	88176
2530	3199185	117858
2531	3201715	86284
2532	3204246	122713
2533	3206778	121576
2534	3209311	157685
2535	3211845	120756
2536	3214380	120194
2537	3216916	226664
2538	3219453	113872
2539	3221991	238695
2540	3224530	143066
2541	3227070	144820
2542	3229611	323111
2543	3232153	122925
2544	3234696	88194
2545	3237240	119162
2546	3239785	206299
2547	3242331	94529
2548	3244878	425976
2549	3247426	118215
2550	3249975	143114
2551	3252525	120349
2552	3255076	90721
2553	3257628	89715
2554	3260181	120418
2555	3262735	119542
2556	3265290	142527
2557	3267846	213294
2558	3270403	148875
2559	3272961	137432
2560	3275520	121312
2561	3278080	140605
2562	3280641	267750
2563	3283203	155069
2564	3285766	133857
2565	3288330	101666
2566	3290895	139884
2567	3293461	122342
2568	3296028	120184
2569	3298596	681120
2570	3301165	339014
2571	3303735	160585
2572	3306306	683606
2573	3308878	119446
2574	3311451	275718
2575	3314025	117434
2576	3316600	127974
2577	3319176	120345
2578	3321753	124604
2579	3324331	119371
2580	3326910	124376
2581	3329490	122302
2582	3332071	123434
2583	3334653	116361
2584	3337236	276710
2585	3339820	87481
2586	3342405	120617
2587	3344991	128670
2588	3347578	188403
2589	3350166	120504
2590	3352755	90570
2591	3355345	125625
2592	3357936	132319
2593	3360528	124807
2594	3363121	126229
2595	3365715	119822
2596	3368310	108855
2597	3370906	123233
2598	3373503	91581
2599	3376101	129274
2600	3378700	95154
2601	3381300	133734
2602	3383901	93808
2603	3386503	137776
2604	3389106	90760
2605	3391710	90822
2606	3394315	95175
2607	3396921	129729
2608	3399528	158056
2609	3402136	213224
2610	3404745	138907
2611	3407355	132670
2612	3409966	130148
2613	3412578	145586
2614	3415191	127759
2615	3417805	124168
2616	3420420	225639
2617	3423036	115723
2618	3425653	118868
2619	3428271	212693
2620	3430890	119414
2621	3433510	161544
2622	3436131	128833
2623	3438753	131448
2624	3441376	127756
2625	3444000	127937
2626	3446625	123990
2627	3449251	122780
2628	3451878	266533
2629	3454506	119658
2630	3457135	130203
2631	3459765	239123
2632	3462396	148498
2633	3465028	96694
2634	3467661	128402
2635	3470295	122293
2636	3472930	125776
2637	3475566	128824
2638	3478203	383552
2639	3480841	344135
2640	3483480	117557
2641	3486120	124010
2642	3488761	127222
2643	3491403	108320
2644	3494046	119770
2645	3496690	121176
2646	3499335	90760
2647	3501981	134562
2648	3504628	212473
2649	3507276	276063
2650	3509925	421738
2651	3512575	183489
2652	3515226	128213
2653	3517878	603731
2654	3520531	130431
2655	3523185	100112
2656	3525840	148481
2657	3528496	200079
2658	3531153	149038
2659	3533811	107738
2660	3536470	220561
2661	3539130	220384
2662	3541791	405893
2663	3544453	151466
2664	3547116	249615
2665	3549780	270624
2666	3552445	126761
2667	3555111	122966
2668	3557778	210558
2669	3560446	347185
2670	3563115	119674
2671	3565785	411495
2672	3568456	194115
2673	3571128	244479
2674	3573801	174793
2675	3576475	126263
2676	3579150	704531
2678	3584503	140835
2679	3587181	127915
2680	3589860	89773
2681	3592540	94517
2682	3595221	118984
2683	3597903	299799
2684	3600586	257060
2685	3603270	279992
2686	3605955	121696
2687	3608641	196645
2688	3611328	214612
2689	3614016	334622
2690	3616705	150293
2691	3619395	310491
2692	3622086	129491
2693	3624778	126374
2694	3627471	122776
2695	3630165	126747
2696	3632860	126598
2697	3635556	287750
2698	3638253	120732
2699	3640951	253227
2700	3643650	227774
2701	3646350	278815
2702	3649051	284567
2703	3651753	320039
2704	3654456	254230
2705	3657160	377343
2706	3659865	107707
2707	3662571	364146
2708	3665278	134292
2709	3667986	266266
2710	3670695	127495
2711	3673405	134008
2712	3676116	167322
2713	3678828	129355
2714	3681541	124595
2715	3684255	714113
2716	3686970	125348
2717	3689686	127249
2718	3692403	94464
2719	3695121	133240
2720	3697840	243023
2721	3700560	109180
2722	3703281	253807
2723	3706003	134072
2724	3708726	232600
2725	3711450	128552
2726	3714175	181344
2727	3716901	101602
2728	3719628	130321
2729	3722356	127371
2730	3725085	124018
2731	3727815	133314
2732	3730546	134090
2733	3733278	154608
2734	3736011	128788
2735	3738745	200843
2736	3741480	338810
2737	3744216	268428
2738	3746953	222710
2739	3749691	271969
2740	3752430	263353
2741	3755170	130151
2742	3757911	255061
2743	3760653	136249
2744	3763396	166927
2745	3766140	144088
2746	3768885	146186
2747	3771631	94595
2748	3774378	129250
2749	3777126	99756
2750	3779875	131963
2751	3782625	303992
2752	3785376	130899
2753	3788128	113594
2754	3790881	254062
2755	3793635	128687
2756	3796390	204502
2757	3799146	287396
2758	3801903	530817
2759	3804661	130238
2761	3810180	311830
2763	3815703	188815
2764	3818466	223171
2765	3821230	214010
2766	3823995	131251
2767	3826761	181774
2768	3829528	166984
2769	3832296	157548
2770	3835065	307189
2771	3837835	233480
2772	3840606	287172
2773	3843378	129536
2774	3846151	352369
2775	3848925	421843
2776	3851700	175158
2777	3854476	159460
2778	3857253	442595
2779	3860031	133882
2780	3862810	124516
2781	3865590	146666
2782	3868371	138694
2783	3871153	97980
2784	3873936	130681
2785	3876720	411324
2786	3879505	129535
2787	3882291	131545
2788	3885078	243468
2789	3887866	135150
2790	3890655	130110
2791	3893445	96986
2792	3896236	131181
2793	3899028	137943
2794	3901821	138068
2795	3904615	151721
2796	3907410	129134
2797	3910206	133369
2798	3913003	123710
2799	3915801	412235
2800	3918600	127634
2801	3921400	101410
2802	3924201	145244
2803	3927003	98390
2804	3929806	167239
2805	3932610	130865
2806	3935415	134022
2807	3938221	130619
2808	3941028	98767
2809	3943836	134485
2810	3946645	281905
2811	3949455	272287
2812	3952266	255729
2813	3955078	180651
2814	3957891	588158
2815	3960705	381518
2816	3963520	392889
2817	3966336	140945
2818	3969153	133385
2819	3971971	130289
2820	3974790	141239
2821	3977610	131053
2823	3983253	133489
2824	3986076	131680
2825	3988900	137469
2827	3994551	129713
2828	3997378	130903
2829	4000206	176659
2830	4003035	132754
2831	4005865	303430
2832	4008696	345419
2833	4011528	132000
2834	4014361	126659
2835	4017195	152916
2836	4020030	224200
2837	4022866	199423
2838	4025703	660586
2839	4028541	472569
2840	4031380	126591
2841	4034220	136066
2842	4037061	131808
2843	4039903	99954
2844	4042746	137399
2845	4045590	162723
2846	4048435	131191
2847	4051281	97297
2848	4054128	100797
2849	4056976	130609
2850	4059825	98821
2851	4062675	249855
2852	4065526	135323
2853	4068378	128533
2854	4071231	132138
2855	4074085	137414
2856	4076940	305883
2857	4079796	136918
2858	4082653	110367
2859	4085511	176058
2860	4088370	144299
2861	4091230	318137
2862	4094091	168827
2863	4096953	179286
2864	4099816	150546
2865	4102680	133222
2866	4105545	133477
2867	4108411	156706
2868	4111278	320280
2870	4117015	189323
2871	4119885	247384
2872	4122756	167717
2873	4125628	140294
2874	4128501	346684
2875	4131375	198232
2876	4134250	193511
2877	4137126	402448
2878	4140003	230126
2879	4142881	209491
2880	4145760	228112
2881	4148640	130599
2882	4151521	218840
2883	4154403	243777
2884	4157286	245372
2887	4165941	135008
2888	4168828	723501
2889	4171716	147781
2891	4177495	132180
2892	4180386	482612
2893	4183278	118177
2895	4189065	309942
2896	4191960	405643
2897	4194856	218906
2898	4197753	235093
2900	4203550	103432
2901	4206450	799166
2902	4209351	177414
2903	4212253	213640
2904	4215156	132805
2905	4218060	212048
2906	4220965	140153
2907	4223871	132638
2908	4226778	98860
2909	4229686	212494
2910	4232595	343322
2911	4235505	173529
2912	4238416	134074
2913	4241328	132871
2914	4244241	131148
2915	4247155	138598
2916	4250070	173058
2917	4252986	108283
2918	4255903	134836
2919	4258821	139743
2921	4264660	153765
2922	4267581	133174
2923	4270503	167504
2924	4273426	457468
2926	4279275	136314
2927	4282201	144415
2928	4285128	137175
2929	4288056	102033
2931	4293915	136732
2932	4296846	134776
2933	4299778	175260
2934	4302711	135495
2935	4305645	135988
2936	4308580	111215
2937	4311516	211835
2938	4314453	139146
2939	4317391	147275
2940	4320330	148846
2941	4323270	143163
2942	4326211	153473
2943	4329153	135984
2944	4332096	137084
2945	4335040	257195
2946	4337985	97586
2947	4340931	266030
2948	4343878	165537
2949	4346826	153819
2950	4349775	132985
2951	4352725	136043
2952	4355676	150546
2953	4358628	145278
2954	4361581	142183
2955	4364535	100424
2956	4367490	136446
2957	4370446	133229
2958	4373403	600300
2959	4376361	172088
2960	4379320	120678
2961	4382280	260210
2962	4385241	840531
2963	4388203	101200
2964	4391166	109431
2965	4394130	103945
2966	4397095	151825
2967	4400061	226100
2968	4403028	188971
2969	4405996	142494
2970	4408965	281417
2971	4411935	278433
2972	4414906	137892
2973	4417878	148009
2974	4420851	151374
2975	4423825	227735
2976	4426800	136942
2977	4429776	241613
2978	4432753	132698
2979	4435731	115615
2980	4438710	140214
2981	4441690	135156
2982	4444671	138975
2983	4447653	102199
2984	4450636	101560
2985	4453620	179089
2986	4456605	176315
2987	4459591	142541
2988	4462578	105031
2989	4465566	200814
2990	4468555	221396
2991	4471545	138768
2992	4474536	139779
2993	4477528	112099
2994	4480521	198893
2995	4483515	142327
2996	4486510	402611
2997	4489506	141115
2998	4492503	136077
2999	4495501	141279
3000	4498500	266969
