100	4950	153740
101	5050	88988
102	5151	118210
103	5253	541371
104	5356	80022
105	5460	374914
106	5565	453405
107	5671	914311
108	5778	303284
109	5886	944720
110	5995	328073
111	6105	107699
112	6216	776253
113	6328	1992009
114	6441	350629
115	6555	635457
116	6670	205215
117	6786	462316
118	6903	817950
119	7021	219352
120	7140	537792
121	7260	889715
122	7381	998418
123	7503	159944
124	7626	1052013
125	7750	163647
126	7875	579462
127	8001	1212733
128	8128	177905
129	8256	494494
130	8385	1129573
131	8515	454325
132	8646	1276527
133	8778	195106
134	8911	800113
135	9045	202563
136	9180	1400174
137	9316	313814
138	9453	2441205
139	9591	988778
140	9730	236203
141	9870	712638
142	10011	1404947
143	10153	229364
144	10296	427997
145	10440	476680
146	10585	1297505
147	10731	268590
148	10878	1459995
149	11026	608945
150	11175	700773
151	11325	233071
152	11476	238664
153	11628	166888
154	11781	382256
155	11935	1745752
156	12090	227026
157	12246	1402847
158	12403	1617724
159	12561	265971
160	12720	1889009
161	12880	1228263
162	13041	175649
163	13203	255983
164	13366	270585
165	13530	771720
166	13695	1877445
167	13861	1819241
168	14028	474713
169	14196	1815397
170	14365	374313
171	14535	2108254
172	14706	706870
173	14878	295961
174	15051	315635
175	15225	417929
176	15400	1845125
177	15576	1371554
178	15753	241554
179	15931	343860
180	16110	458410
181	16290	848227
182	16471	329382
183	16653	2281584
184	16836	2424625
185	17020	2192352
186	17205	1469519
187	17391	385424
188	17578	1229603
189	17766	1410003
190	17955	2405638
191	18145	2681734
192	18336	366820
193	18528	572323
194	18721	3108590
195	18915	2560929
196	19110	2138740
197	19306	1166485
198	19503	2489273
199	19701	279482
200	19900	293512
201	20100	3107906
202	20301	422280
203	20503	2866895
204	20706	773540
205	20910	445151
206	21115	317030
207	21321	2514642
208	21528	451228
209	21736	978975
210	21945	1150623
211	22155	486391
212	22366	3412214
213	22578	462454
214	22791	490349
215	23005	3262093
216	23220	3977077
217	23436	4133035
218	23653	2588279
219	23871	517232
220	24090	3569606
221	24310	1700475
222	24531	358304
223	24753	3325383
224	24976	2087823
225	25200	3410481
226	25425	599334
227	25651	3776852
228	25878	650572
229	26106	564737
230	26335	554585
231	26565	3110824
232	26796	2058058
233	27028	1846176
234	27261	4461653
235	27495	3685119
236	27730	2939988
237	27966	595440
238	28203	595040
239	28441	1986178
240	28680	605908
241	28920	5838511
242	29161	436197
243	29403	417687
244	29646	5195648
245	29890	728977
246	30135	447505
247	30381	4135349
248	30628	2750994
249	30876	1909677
250	31125	3717293
251	31375	5032191
252	31626	698085
253	31878	2018799
254	32131	1746787
255	32385	485333
256	32640	494925
257	32896	2074515
258	33153	3098092
259	33411	714679
260	33670	1418840
261	33930	847865
262	34191	672495
263	34453	6549150
264	34716	705826
265	34980	952743
266	35245	765155
267	35511	743642
268	35778	742474
269	36046	5682446
270	36315	715071
271	36585	770558
272	36856	602649
273	37128	3072256
274	37401	1338914
275	37675	825495
276	37950	930804
277	38226	4438934
278	38503	6966432
279	38781	1150717
280	39060	5717444
281	39340	788920
282	39621	732117
283	39903	3646873
284	40186	924333
285	40470	826305
286	40755	845925
287	41041	1833393
288	41328	1214074
289	41616	3805898
290	41905	5369591
291	42195	3449233
292	42486	8086359
293	42778	3504828
294	43071	967101
295	43365	993884
296	43660	942778
297	43956	3544625
298	44253	922313
299	44551	999866
300	44850	962705
301	45150	1263428
302	45451	992858
303	45753	991384
304	46056	984397
305	46360	987876
306	46665	1013727
307	46971	7071585
308	47278	1116141
309	47586	3354664
310	47895	1101910
311	48205	9281721
312	48516	1018791
313	48828	914401
314	49141	6954551
315	49455	2432620
316	49770	1454716
317	50086	5691889
318	50403	5972180
319	50721	5408477
320	51040	7094093
321	51360	1537045
322	51681	3907596
323	52003	8197622
324	52326	3448850
325	52650	6298601
326	52975	3934821
327	53301	6054151
328	53628	918986
329	53956	1150256
330	54285	1095180
331	54615	7316771
332	54946	4741540
333	55278	3925506
334	55611	1904283
335	55945	869183
336	56280	8195421
337	56616	1206527
338	56953	1137404
339	57291	1132766
340	57630	878056
341	57970	3893260
342	58311	3219534
343	58653	6566995
344	58996	1595901
345	59340	3499537
346	59685	1158367
347	60031	7163835
348	60378	1179295
349	60726	1342013
350	61075	902918
351	61425	7981065
352	61776	6679429
353	62128	9749811
354	62481	9816796
355	62835	1337794
356	63190	1375963
357	63546	1434570
358	63903	7968788
359	64261	1703997
360	64620	11796902
361	64980	1379607
362	65341	11863588
363	65703	9743171
364	66066	1312863
365	66430	1238240
366	66795	3034313
367	67161	1357599
368	67528	3456448
369	67896	1634193
370	68265	1792684
371	68635	1299595
372	69006	1019644
373	69378	1576248
374	69751	12807475
375	70125	6248664
376	70500	1359834
377	70876	7046101
378	71253	1468784
379	71631	10619025
380	72010	1522997
381	72390	3731372
382	72771	4069162
383	73153	5411304
384	73536	10783899
385	73920	10863593
386	74305	8743821
387	74691	5428056
388	75078	1906003
389	75466	3474326
390	75855	11370974
391	76245	1461652
392	76636	11391608
393	77028	1528697
394	77421	1801552
395	77815	1608153
396	78210	5371436
397	78606	5115207
398	79003	1615300
399	79401	8774588
400	79800	3969749
401	80200	1718574
402	80601	1740493
403	81003	1256986
404	81406	9705389
405	81810	5453203
406	82215	1484559
407	82621	1823285
408	83028	1732195
409	83436	1771304
410	83845	10332814
411	84255	1685688
412	84666	1694338
413	85078	12969007
414	85491	1841226
415	85905	1772185
416	86320	1739788
417	86736	1883980
418	87153	1992078
419	87571	10750476
420	87990	1662171
421	88410	5992356
422	88831	3169714
423	89253	2463026
424	89676	14662273
425	90100	2187866
426	90525	2550797
427	90951	2594707
428	91378	14557021
429	91806	1811942
430	92235	10732076
431	92665	2013460
432	93096	9832684
433	93528	16478380
434	93961	14108401
435	94395	2011180
436	94830	2076107
437	95266	4091928
438	95703	2044614
439	96141	13038878
440	96580	2219080
441	97020	8605200
442	97461	2458067
443	97903	15817067
444	98346	8891657
445	98790	2189117
446	99235	2219965
447	99681	11874148
448	100128	2291364
449	100576	16230519
450	101025	1902922
451	101475	20784540
452	101926	7268965
453	102378	3168648
454	102831	2293231
455	103285	2313434
456	103740	1581768
457	104196	14049177
458	104653	2079822
459	105111	2319118
460	105570	2384522
461	106030	5043270
462	106491	1729262
463	106953	4381205
464	107416	2398840
465	107880	2330465
466	108345	6302385
467	108811	5912001
468	109278	7654207
469	109746	13745360
470	110215	2763854
471	110685	16148972
472	111156	2540842
473	111628	13845820
474	112101	1991751
475	112575	17180662
476	113050	6610557
477	113526	15949473
478	114003	2675347
479	114481	2494986
480	114960	15476021
481	115440	3836525
482	115921	10625927
483	116403	3049650
484	116886	2728238
485	117370	12241483
486	117855	2370774
487	118341	7213177
488	118828	11221859
489	119316	3181858
490	119805	5872345
491	120295	2928334
492	120786	7317322
493	121278	4613042
494	121771	7811424
495	122265	18339487
496	122760	10511854
497	123256	15443370
498	123753	4433832
499	124251	3617338
500	124750	8181090
501	125250	2706465
502	125751	3163563
503	126253	7680467
504	126756	26956300
505	127260	3199282
506	127765	19814997
507	128271	16833733
508	128778	2976918
509	129286	21130480
510	129795	3267218
511	130305	17263682
512	130816	3230077
513	131328	3222536
514	131841	3238704
515	132355	16446813
516	132870	2544852
517	133386	3288195
518	133903	3351274
519	134421	5375009
520	134940	3187660
521	135460	24482168
522	135981	4237900
523	136503	3619410
524	137026	3831983
525	137550	19635167
526	138075	2556666
527	138601	3223543
528	139128	3229407
529	139656	6067118
530	140185	4524952
531	140715	3422767
532	141246	17558998
533	141778	3176473
534	142311	16210955
535	142845	2506512
536	143380	3703723
537	143916	8253870
538	144453	21080325
539	144991	11558451
540	145530	3235186
541	146070	11759160
542	146611	24966409
543	147153	30618325
544	147696	18639534
545	148240	10972456
546	148785	10736383
547	149331	3814695
548	149878	4014914
549	150426	3621125
550	150975	10523441
551	151525	28692462
552	152076	14458916
553	152628	3857255
554	153181	12282047
555	153735	2652919
556	154290	4126132
557	154846	3809121
558	155403	21805979
559	155961	13409226
560	156520	22382209
561	157080	5483821
562	157641	18757120
563	158203	2622077
564	158766	18654539
565	159330	3209225
566	159895	6787080
567	160461	3740510
568	161028	25628612
569	161596	3717732
570	162165	5004631
571	162735	27448897
572	163306	4090837
573	163878	3808527
574	164451	4604857
575	165025	3682545
576	165600	10651885
577	166176	3728952
578	166753	26263601
579	167331	8385097
580	167910	3760810
581	168490	4731083
582	169071	27608721
583	169653	3921520
584	170236	23876005
585	170820	5419879
586	171405	12213776
587	171991	4134362
588	172578	26269288
589	173166	10266748
590	173755	4076946
591	174345	9444235
592	174936	9655692
593	175528	20962581
594	176121	22540588
595	176715	4047259
596	177310	26077104
597	177906	5880764
598	178503	3979424
599	179101	4027275
600	179700	6537430
601	180300	3354177
602	180901	4060109
603	181503	5120970
604	182106	21390251
605	182710	6003972
606	183315	4440198
607	183921	9042135
608	184528	15772799
609	185136	4188494
610	185745	4664588
611	186355	14406320
612	186966	8804565
613	187578	14421790
614	188191	7908145
615	188805	4580613
616	189420	23276198
617	190036	4705356
618	190653	30710519
619	191271	4312990
620	191890	31480481
621	192510	28997927
622	193131	20867775
623	193753	4501206
624	194376	4847603
625	195000	14609546
626	195625	4327908
627	196251	10709619
628	196878	21890235
629	197506	6102963
630	198135	5091402
631	198765	32135625
632	199396	32756650
633	200028	34193789
634	200661	12484875
635	201295	9950022
636	201930	21454417
637	202566	4372262
638	203203	25579558
639	203841	3999937
640	204480	27603815
641	205120	4753781
642	205761	5088087
643	206403	54282058
644	207046	25539860
645	207690	4058649
646	208335	22471727
647	208981	6180093
648	209628	19597656
649	210276	6748462
650	210925	5373202
651	211575	4977746
652	212226	5035241
653	212878	6973323
654	213531	46118130
655	214185	3920487
656	214840	5895652
657	215496	21117360
658	216153	29938162
659	216811	4981020
660	217470	5393343
661	218130	28703331
662	218791	24391216
663	219453	5223324
664	220116	6877536
665	220780	5540252
666	221445	33401588
667	222111	21651421
668	222778	14922547
669	223446	5023865
670	224115	5978158
671	224785	6413350
672	225456	39212477
673	226128	24423954
674	226801	5947377
675	227475	38973860
676	228150	16630221
677	228826	4733418
678	229503	27917599
679	230181	12069155
680	230860	5622208
681	231540	4910116
682	232221	35112331
683	232903	6724105
684	233586	32591351
685	234270	5613619
686	234955	24389406
687	235641	33498320
688	236328	16849398
689	237016	16766843
690	237705	35648832
691	238395	4525604
692	239086	33442259
693	239778	5610527
694	240471	47452129
695	241165	5639890
696	241860	5977536
697	242556	18573354
698	243253	6251560
699	243951	11518578
700	244650	28326411
701	245350	6750018
702	246051	31525547
703	246753	40619241
704	247456	32743094
705	248160	45108348
706	248865	20191498
707	249571	28053231
708	250278	6765928
709	250986	16073271
710	251695	29473001
711	252405	40201399
712	253116	8893949
713	253828	18003822
714	254541	44577072
715	255255	43952877
716	255970	10687277
717	256686	5946600
718	257403	38191040
719	258121	40467150
720	258840	12516247
721	259560	6216276
722	260281	6490051
723	261003	10030912
724	261726	5842803
725	262450	8211395
726	263175	6020928
727	263901	47737444
728	264628	46480582
729	265356	38671395
730	266085	7890425
731	266815	48631533
732	267546	6013640
733	268278	49698696
734	269011	6768925
735	269745	6837356
736	270480	12017372
737	271216	6827470
738	271953	6560621
739	272691	5654012
740	273430	6556561
741	274170	6315943
742	274911	31602436
743	275653	45214317
744	276396	7013945
745	277140	56460537
746	277885	44225952
747	278631	19858868
748	279378	5680062
749	280126	6680331
750	280875	36893780
751	281625	30489257
752	282376	36790569
753	283128	18885254
754	283881	7549135
755	284635	31369187
756	285390	21134392
757	286146	7416298
758	286903	8350356
759	287661	63778006
760	288420	18001696
761	289180	12478317
762	289941	16729252
763	290703	48964450
764	291466	38396947
765	292230	6709534
766	292995	7145119
767	293761	6123440
768	294528	7459007
769	295296	8329223
770	296065	30870862
771	296835	7426206
772	297606	45719875
773	298378	26675718
774	299151	58387894
775	299925	11093922
776	300700	57105660
777	301476	7254603
778	302253	7249995
779	303031	5793194
780	303810	6730589
781	304590	7574157
782	305371	14349208
783	306153	51658033
784	306936	38176801
785	307720	18425804
786	308505	8076119
787	309291	16374342
788	310078	7673599
789	310866	58550068
790	311655	8049624
791	312445	14581168
792	313236	45222157
793	314028	28344891
794	314821	9526822
795	315615	10070295
796	316410	15040188
797	317206	53928330
798	318003	10073052
799	318801	15678062
800	319600	58279005
801	320400	47342378
802	321201	35471932
803	322003	7748040
804	322806	9049825
805	323610	8060224
806	324415	6129281
807	325221	7804420
808	326028	8506030
809	326836	30190036
810	327645	9532766
811	328455	12387298
812	329266	46444982
813	330078	8943710
814	330891	69544936
815	331705	38472360
816	332520	14853564
817	333336	8383651
818	334153	7803218
819	334971	9151694
820	335790	58709769
821	336610	55061035
822	337431	66542316
823	338253	64697979
824	339076	9273078
825	339900	8682168
826	340725	54467976
827	341551	63205094
828	342378	10189720
829	343206	73036445
830	344035	35104539
831	344865	8200892
832	345696	59592626
833	346528	60417450
834	347361	62798275
835	348195	16344696
836	349030	28717629
837	349866	7051024
838	350703	36704836
839	351541	9178895
840	352380	56974836
841	353220	8690494
842	354061	49075301
843	354903	20404925
844	355746	32963552
845	356590	83467232
846	357435	65408295
847	358281	59287104
848	359128	8140146
849	359976	13057203
850	360825	16048393
851	361675	11533847
852	362526	18757178
853	363378	68722393
854	364231	32108289
855	365085	10167355
856	365940	8904128
857	366796	12397407
858	367653	9313105
859	368511	8891096
860	369370	11133586
861	370230	34607279
862	371091	61604501
863	371953	61890146
864	372816	32884897
865	373680	41083431
866	374545	70670422
867	375411	59499599
868	376278	9688835
869	377146	65720096
870	378015	10068914
871	378885	65558860
872	379756	10635559
873	380628	9992376
874	381501	11344164
875	382375	52790418
876	383250	36702384
877	384126	11736062
878	385003	10546715
879	385881	10247235
880	386760	11345711
881	387640	59431786
882	388521	14906217
883	389403	46902589
884	390286	9968720
885	391170	8862460
886	392055	31835960
887	392941	10715150
888	393828	25372380
889	394716	10767424
890	395605	35485265
891	396495	44653430
892	397386	9969998
893	398278	11591874
894	399171	66051246
895	400065	10146395
896	400960	22878312
897	401856	21702794
898	402753	9640859
899	403651	12609449
900	404550	47796520
901	405450	10850741
902	406351	86337272
903	407253	18989911
904	408156	10393681
905	409060	40330646
906	409965	8998800
907	410871	11136335
908	411778	10414219
909	412686	64419898
910	413595	13303376
911	414505	11582310
912	415416	15770673
913	416328	22717333
914	417241	10310715
915	418155	15625372
916	419070	10919875
917	419986	10681764
918	420903	10320884
919	421821	10104239
920	422740	10819174
921	423660	17929750
922	424581	10832590
923	425503	10477909
924	426426	65685076
925	427350	10318132
926	428275	10512203
927	429201	19331832
928	430128	27720511
929	431056	28859776
930	431985	17818064
931	432915	11885629
932	433846	17081672
933	434778	10691111
934	435711	10208211
935	436645	52023519
936	437580	11271184
937	438516	15085807
938	439453	11326765
939	440391	9381640
940	441330	11286059
941	442270	67873927
942	443211	10699847
943	444153	10951189
944	445096	49285950
945	446040	11468116
946	446985	10524125
947	447931	8445460
948	448878	52866258
949	449826	26340135
950	450775	12019703
951	451725	11780864
952	452676	16970643
953	453628	45104906
954	454581	75752751
955	455535	54375337
956	456490	11310599
957	457446	12161154
958	458403	38945329
959	459361	11936157
960	460320	10792527
961	461280	9932014
962	462241	11305747
963	463203	76998293
964	464166	11959137
965	465130	36143092
966	466095	20818698
967	467061	18687259
968	468028	12182464
969	468996	24467090
970	469965	40826799
971	470935	80935219
972	471906	71912859
973	472878	11602167
974	473851	11428463
975	474825	12546410
976	475800	26071579
977	476776	11824271
978	477753	12053740
979	478731	11682754
980	479710	11596269
981	480690	82062249
982	481671	77291406
983	482653	11419440
984	483636	63883989
985	484620	89251332
986	485605	48200852
987	486591	32083979
988	487578	11395183
989	488566	68211366
990	489555	10286953
991	490545	12695252
992	491536	13713247
993	492528	74692075
994	493521	22358593
995	494515	20088918
996	495510	14486216
997	496506	12538750
998	497503	91994830
999	498501	12248243
1000	499500	11333379
1001	500500	72563152
1002	501501	25820081
1003	502503	15011182
1004	503506	22052473
1005	504510	59769442
1006	505515	79932965
1007	506521	93494967
1008	507528	78766125
1009	508536	13325377
1010	509545	13942547
1011	510555	11875990
1012	511566	27325504
1013	512578	53310171
1014	513591	12459417
1015	514605	13115379
1016	515620	57181885
1017	516636	15117250
1018	517653	12975623
1019	518671	23075060
1020	519690	11892668
1021	520710	13835636
1022	521731	88418942
1023	522753	53392472
1024	523776	14432977
1025	524800	85418769
1026	525825	74361490
1027	526851	13885961
1028	527878	13224342
1029	528906	12973083
1030	529935	95983075
1031	530965	14030075
1032	531996	13749125
1033	533028	58830160
1034	534061	96732543
1035	535095	45393919
1036	536130	19061903
1037	537166	41527799
1038	538203	87131135
1039	539241	92165243
1040	540280	56823020
1041	541320	13168839
1042	542361	55509301
1043	543403	26321525
1044	544446	14261409
1045	545490	15822713
1046	546535	14564991
1047	547581	57681827
1048	548628	12818764
1049	549676	14861736
1050	550725	89139465
1051	551775	13184251
1052	552826	13277394
1053	553878	13336039
1054	554931	79497708
1055	555985	15681309
1056	557040	12000634
1057	558096	34356420
1058	559153	13895356
1059	560211	14395773
1060	561270	52548285
1061	562330	34680177
1062	563391	15626871
1063	564453	99119980
1064	565516	13413264
1065	566580	14972407
1066	567645	83897870
1067	568711	14291000
1068	569778	14098134
1069	570846	12702905
1070	571915	38056454
1071	572985	12827497
1072	574056	13944305
1073	575128	58574820
1074	576201	31798933
1075	577275	13675106
1076	578350	38041652
1077	579426	13931294
1078	580503	16565164
1079	581581	76866239
1080	582660	32525581
1081	583740	56023689
1082	584821	15159759
1083	585903	33229612
1084	586986	95719905
1085	588070	14451240
1086	589155	15123791
1087	590241	66717949
1088	591328	18690956
1089	592416	58559613
1090	593505	13199687
1091	594595	74902830
1092	595686	12999170
1093	596778	29656593
1094	597871	102001692
1095	598965	24591524
1096	600060	15384419
1097	601156	68607308
1098	602253	104615849
1099	603351	82184692
1100	604450	71501486
1101	605550	73748208
1102	606651	14095190
1103	607753	67313666
1104	608856	16097352
1105	609960	69102659
1106	611065	16226417
1107	612171	16471808
1108	613278	28491468
1109	614386	16062144
1110	615495	54057447
1111	616605	14789228
1112	617716	14661298
1113	618828	109611262
1114	619941	13836543
1115	621055	14727076
1116	622170	97395887
1117	623286	18968553
1118	624403	98769909
1119	625521	46569534
1120	626640	19237616
1121	627760	108080601
1122	628881	15279339
1123	630003	13501429
1124	631126	37040564
1125	632250	17231638
1126	633375	81111658
1127	634501	21901143
1128	635628	141931451
1129	636756	110074464
1130	637885	105088226
1131	639015	21118570
1132	640146	16625910
1133	641278	115748553
1134	642411	14625100
1135	643545	14694791
1136	644680	111026410
1137	645816	14726444
1138	646953	14479890
1139	648091	126850571
1140	649230	34179417
1141	650370	14836219
1142	651511	67348658
1143	652653	16961807
1144	653796	108146825
1145	654940	15962938
1146	656085	51810736
1147	657231	15665812
1148	658378	17265920
1149	659526	13914966
1150	660675	27373845
1151	661825	67415721
1152	662976	121498660
1153	664128	105442102
1154	665281	29670979
1155	666435	86366252
1156	667590	42753633
1157	668746	36687457
1158	669903	16410346
1159	671061	40119989
1160	672220	84846060
1161	673380	14191035
1162	674541	63472189
1163	675703	99167140
1164	676866	47094773
1165	678030	35467990
1166	679195	55295442
1167	680361	15923223
1168	681528	17062353
1169	682696	16658770
1170	683865	17291917
1171	685035	75988852
1172	686206	16640895
1173	687378	87602714
1174	688551	24265992
1175	689725	82767801
1176	690900	43960602
1177	692076	24434671
1178	693253	114290430
1179	694431	132719878
1180	695610	80787737
1181	696790	37969840
1182	697971	21070605
1183	699153	14509516
1184	700336	96895153
1185	701520	59124886
1186	702705	116742757
1187	703891	74763594
1188	705078	32948064
1189	706266	35606915
1190	707455	15772620
1191	708645	110628333
1192	709836	49113816
1193	711028	41590594
1194	712221	16315882
1195	713415	17844752
1196	714610	72651721
1197	715806	41895136
1198	717003	99562311
1199	718201	18909032
1200	719400	59150642
1201	720600	18247218
1202	721801	27561292
1203	723003	54117749
1204	724206	36364301
1205	725410	96961334
1206	726615	19543375
1207	727821	17988535
1208	729028	17885173
1209	730236	14218732
1210	731445	54767128
1211	732655	19089010
1212	733866	23774201
1213	735078	70247269
1214	736291	16283590
1215	737505	19545569
1216	738720	31363726
1217	739936	19494266
1218	741153	18651718
1219	742371	23979422
1220	743590	124738580
1221	744810	28698941
1222	746031	17700586
1223	747253	61049259
1224	748476	42367804
1225	749700	122627840
1226	750925	69820830
1227	752151	19101924
1228	753378	93196251
1229	754606	20451087
1230	755835	143643517
1231	757065	17076313
1232	758296	121186582
1233	759528	19321637
1234	760761	62524380
1235	761995	111631190
1236	763230	17444940
1237	764466	125293138
1238	765703	18181183
1239	766941	20046267
1240	768180	92274665
1241	769420	22913223
1242	770661	36846768
1243	771903	21883731
1244	773146	39184315
1245	774390	54795162
1246	775635	14606174
1247	776881	16656251
1248	778128	33775809
1249	779376	21011266
1250	780625	108611174
1251	781875	141965925
1252	783126	122507436
1253	784378	48494231
1254	785631	41978376
1255	786885	127874412
1256	788140	52134698
1257	789396	19823447
1258	790653	19286671
1259	791911	122907608
1260	793170	26446404
1261	794430	109997341
1262	795691	87301915
1263	796953	41321610
1264	798216	96995671
1265	799480	70961166
1266	800745	39041222
1267	802011	119324705
1268	803278	17644608
1269	804546	71657525
1270	805815	75436987
1271	807085	19475464
1272	808356	134131847
1273	809628	76094352
1274	810901	120601458
1275	812175	133503092
1276	813450	18548965
1277	814726	16042681
1278	816003	18947139
1279	817281	22974813
1280	818560	50974475
1281	819840	22022793
1282	821121	20759991
1283	822403	127392659
1284	823686	43144599
1285	824970	21511401
1286	826255	142971013
1287	827541	20523744
1288	828828	20665244
1289	830116	89774755
1290	831405	72748615
1291	832695	21107363
1292	833986	20640582
1293	835278	25005397
1294	836571	22117990
1295	837865	35555534
1296	839160	127205907
1297	840456	134566157
1298	841753	17676577
1299	843051	17742637
1300	844350	86140590
1301	845650	133967248
1302	846951	119196846
1303	848253	92185036
1304	849556	56970076
1305	850860	19561737
1306	852165	23066778
1307	853471	21264857
1308	854778	112177160
1309	856086	19966482
1310	857395	106632391
1311	858705	19762829
1312	860016	19792136
1313	861328	21157963
1314	862641	149153097
1315	863955	102484422
1316	865270	25666537
1317	866586	20921131
1318	867903	84608057
1319	869221	19970443
1320	870540	113188109
1321	871860	21724429
1322	873181	134766745
1323	874503	22189405
1324	875826	23938396
1325	877150	62589555
1326	878475	24070763
1327	879801	41677536
1328	881128	107259949
1329	882456	19326433
1330	883785	25943736
1331	885115	20302637
1332	886446	133565922
1333	887778	74160556
1334	889111	22941602
1335	890445	57588426
1336	891780	137663612
1337	893116	63641835
1338	894453	46077890
1339	895791	19262572
1340	897130	22078739
1341	898470	41968302
1342	899811	21995735
1343	901153	74302941
1344	902496	95037026
1345	903840	53196042
1346	905185	30778208
1347	906531	23595354
1348	907878	64039437
1349	909226	25663379
1350	910575	87271158
1351	911925	146925512
1352	913276	154370440
1353	914628	137060009
1354	915981	22350703
1355	917335	141141979
1356	918690	87038842
1357	920046	80440636
1358	921403	37590849
1359	922761	33300257
1360	924120	23495216
1361	925480	28191919
1362	926841	22433177
1363	928203	99366335
1364	929566	21699889
1365	930930	156168717
1366	932295	23738213
1367	933661	31062901
1368	935028	63826355
1369	936396	30225217
1370	937765	30599345
1371	939135	24883622
1372	940506	121708588
1373	941878	24578790
1374	943251	153024822
1375	944625	24252230
1376	946000	21772412
1377	947376	21555814
1378	948753	73008558
1379	950131	24276677
1380	951510	25789961
1381	952890	151185820
1382	954271	33176762
1383	955653	19444156
1384	957036	20662785
1385	958420	24989060
1386	959805	52189348
1387	961191	62841813
1388	962578	23918475
1389	963966	25871207
1390	965355	78639365
1391	966745	70210991
1392	968136	89531072
1393	969528	34132792
1394	970921	122591356
1395	972315	52819893
1396	973710	91922596
1397	975106	83311730
1398	976503	21809639
1399	977901	20721720
1400	979300	72134998
1401	980700	24976899
1402	982101	30844700
1403	983503	33665380
1404	984906	60205204
1405	986310	140788064
1406	987715	138140769
1407	989121	85266031
1408	990528	24858869
1409	991936	24204030
1410	993345	105741567
1411	994755	25458998
1412	996166	84268880
1413	997578	74916523
1414	998991	46452095
1415	1000405	124585824
1416	1001820	144095581
1417	1003236	25498336
1418	1004653	28222737
1419	1006071	28630800
1420	1007490	42235161
1421	1008910	158975822
1422	1010331	22743282
1423	1011753	31283179
1424	1013176	158474770
1425	1014600	28872049
1426	1016025	124696713
1427	1017451	157399172
1428	1018878	142079386
1429	1020306	38601123
1430	1021735	21054574
1431	1023165	64447601
1432	1024596	30659997
1433	1026028	123687901
1434	1027461	163364142
1435	1028895	188655232
1436	1030330	121046289
1437	1031766	23267833
1438	1033203	153651678
1439	1034641	52324370
1440	1036080	24266823
1441	1037520	119008976
1442	1038961	24987406
1443	1040403	63501845
1444	1041846	52077712
1445	1043290	26726155
1446	1044735	130828079
1447	1046181	28477665
1448	1047628	26656315
1449	1049076	155713497
1450	1050525	74424355
1451	1051975	86133320
1452	1053426	27968615
1453	1054878	55234551
1454	1056331	22088821
1455	1057785	27395235
1456	1059240	44658964
1457	1060696	146908210
1458	1062153	77383270
1459	1063611	25726676
1460	1065070	26805389
1461	1066530	149465445
1462	1067991	23815292
1463	1069453	28743261
1464	1070916	24364466
1465	1072380	25601637
1466	1073845	22799911
1467	1075311	110628424
1468	1076778	25206905
1469	1078246	25318206
1470	1079715	26268025
1471	1081185	27066784
1472	1082656	25704726
1473	1084128	25962266
1474	1085601	27873119
1475	1087075	30522594
1476	1088550	27694649
1477	1090026	24181520
1478	1091503	30419694
1479	1092981	170883509
1480	1094460	26038334
1481	1095940	59798480
1482	1097421	26401792
1483	1098903	31759224
1484	1100386	37571120
1485	1101870	120091921
1486	1103355	25893553
1487	1104841	161343719
1488	1106328	25530813
1489	1107816	60492713
1490	1109305	128952680
1491	1110795	48140504
1492	1112286	110731240
1493	1113778	55374224
1494	1115271	88001628
1495	1116765	26607159
1496	1118260	26666570
1497	1119756	28344076
1498	1121253	28748235
1499	1122751	30259112
1500	1124250	109298024
1501	1125750	24660564
1502	1127251	24486329
1503	1128753	52780620
1504	1130256	42270319
1505	1131760	174017632
1506	1133265	108391341
1507	1134771	30864293
1508	1136278	25339785
1509	1137786	136716968
1510	1139295	37179557
1511	1140805	141690738
1512	1142316	110014306
1513	1143828	27987863
1514	1145341	27643624
1515	1146855	43075490
1516	1148370	24426316
1517	1149886	129598463
1518	1151403	25299626
1519	1152921	30480849
1520	1154440	26587335
1521	1155960	51466502
1522	1157481	195597254
1523	1159003	191860191
1524	1160526	161128622
1525	1162050	32963879
1526	1163575	38979637
1527	1165101	61366498
1528	1166628	25919585
1529	1168156	67147354
1530	1169685	120021864
1531	1171215	108361407
1532	1172746	34088546
1533	1174278	27807110
1534	1175811	26659578
1535	1177345	28011649
1536	1178880	37274392
1537	1180416	44368126
1538	1181953	30000195
1539	1183491	25377578
1540	1185030	30633554
1541	1186570	28633014
1542	1188111	33617659
1543	1189653	165818674
1544	1191196	27504589
1545	1192740	133578446
1546	1194285	110029577
1547	1195831	103475996
1548	1197378	33650807
1549	1198926	196078662
1550	1200475	194956897
1551	1202025	175450446
1552	1203576	28035928
1553	1205128	168271059
1554	1206681	72570391
1555	1208235	27311307
1556	1209790	28469306
1557	1211346	29506262
1558	1212903	31715055
1559	1214461	185835709
1560	1216020	101029340
1561	1217580	161016328
1562	1219141	31329220
1563	1220703	121968667
1564	1222266	100336170
1565	1223830	24350462
1566	1225395	106868511
1567	1226961	30037036
1568	1228528	30111066
1569	1230096	63064308
1570	1231665	29894636
1571	1233235	28529580
1572	1234806	100494734
1573	1236378	30328285
1574	1237951	35967724
1575	1239525	26741464
1576	1241100	31480354
1577	1242676	117415955
1578	1244253	149266155
1579	1245831	107365622
1580	1247410	108739683
1581	1248990	64787619
1582	1250571	155078892
1583	1252153	151478868
1584	1253736	74346932
1585	1255320	29858176
1586	1256905	193512276
1587	1258491	28185994
1588	1260078	30350831
1589	1261666	107734946
1590	1263255	30749574
1591	1264845	120371984
1592	1266436	28363755
1593	1268028	30714513
1594	1269621	113804805
1595	1271215	29682182
1596	1272810	36726336
1597	1274406	30843531
1598	1276003	136324640
1599	1277601	207190718
1600	1279200	207674779
1601	1280800	44953759
1602	1282401	34501515
1603	1284003	91453349
1604	1285606	41011348
1605	1287210	38767815
1606	1288815	33116197
1607	1290421	65323189
1608	1292028	31884556
1609	1293636	60559675
1610	1295245	30586644
1611	1296855	32738856
1612	1298466	30005600
1613	1300078	27970772
1614	1301691	29269593
1615	1303305	31062268
1616	1304920	30985644
1617	1306536	30501188
1618	1308153	194596435
1619	1309771	29911221
1620	1311390	28274342
1621	1313010	35297643
1622	1314631	96610006
1623	1316253	157107876
1624	1317876	150375939
1625	1319500	128482251
1626	1321125	106242645
1627	1322751	32706629
1628	1324378	35082361
1629	1326006	64183105
1630	1327635	31294541
1631	1329265	32606217
1632	1330896	35948559
1633	1332528	48844746
1634	1334161	56169714
1635	1335795	204280628
1636	1337430	111739150
1637	1339066	31869328
1638	1340703	135385348
1639	1342341	165099256
1640	1343980	187227020
1641	1345620	32497852
1642	1347261	228835308
1643	1348903	79827792
1644	1350546	31813140
1645	1352190	61517355
1646	1353835	119586695
1647	1355481	207933798
1648	1357128	213462101
1649	1358776	128048070
1650	1360425	38147967
1651	1362075	36006412
1652	1363726	33791116
1653	1365378	166949517
1654	1367031	33050110
1655	1368685	39541215
1656	1370340	130571312
1657	1371996	68817690
1658	1373653	206389309
1659	1375311	135820246
1660	1376970	32098922
1661	1378630	39360180
1662	1380291	63245818
1663	1381953	149908647
1664	1383616	187379912
1665	1385280	189019781
1666	1386945	176722636
1667	1388611	85064793
1668	1390278	34518434
1669	1391946	37458179
1670	1393615	39302505
1671	1395285	178335470
1672	1396956	38783082
1673	1398628	129362186
1674	1400301	33897634
1675	1401975	192294055
1676	1403650	34733454
1677	1405326	33426561
1678	1407003	224172505
1679	1408681	119982265
1680	1410360	34305732
1681	1412040	222996991
1682	1413721	31352463
1683	1415403	35642054
1684	1417086	225732430
1685	1418770	33017400
1686	1420455	102992663
1687	1422141	215346825
1688	1423828	207562924
1689	1425516	169536942
1690	1427205	33483405
1691	1428895	32875276
1692	1430586	172478318
1693	1432278	37091948
1694	1433971	61804317
1695	1435665	125219417
1696	1437360	30770963
1697	1439056	130553392
1698	1440753	33380208
1699	1442451	36050488
1700	1444150	126824218
1701	1445850	123693950
1702	1447551	56021892
1703	1449253	155975770
1704	1450956	206014503
1705	1452660	178959762
1706	1454365	122603875
1707	1456071	124207902
1708	1457778	40707747
1709	1459486	34270377
1710	1461195	127178703
1711	1462905	34440016
1712	1464616	36061513
1713	1466328	144428566
1714	1468041	36728491
1715	1469755	239156047
1716	1471470	237209596
1717	1473186	161808766
1718	1474903	34341532
1719	1476621	119126128
1720	1478340	87983758
1721	1480060	132767238
1722	1481781	37400832
1723	1483503	37412107
1724	1485226	87299029
1725	1486950	145669551
1726	1488675	87786731
1727	1490401	37011012
1728	1492128	32605893
1729	1493856	40059599
1730	1495585	288825271
1731	1497315	90026629
1732	1499046	88306398
1733	1500778	34824872
1734	1502511	41117819
1735	1504245	211587180
1736	1505980	143434401
1737	1507716	75898882
1738	1509453	38433208
1739	1511191	286951606
1740	1512930	215621286
1741	1514670	200878024
1742	1516411	173744993
1743	1518153	40043219
1744	1519896	67118839
1745	1521640	172154687
1746	1523385	36228199
1747	1525131	62143642
1748	1526878	141506623
1749	1528626	226996371
1750	1530375	43529135
1751	1532125	68031983
1752	1533876	39853705
1753	1535628	174711004
1754	1537381	284695503
1755	1539135	291443248
1756	1540890	151277215
1757	1542646	211928028
1758	1544403	34746036
1759	1546161	120636693
1760	1547920	238580851
1761	1549680	36876507
1762	1551441	33661455
1763	1553203	35393052
1764	1554966	37244245
1765	1556730	180747819
1766	1558495	232997365
1767	1560261	237364378
1768	1562028	167084816
1769	1563796	113655814
1770	1565565	45300790
1771	1567335	94134468
1772	1569106	38845752
1773	1570878	137202266
1774	1572651	76196040
1775	1574425	38661554
1776	1576200	41084637
1777	1577976	39390333
1778	1579753	40367201
1779	1581531	32421788
1780	1583310	37905337
1781	1585090	38437662
1782	1586871	137256660
1783	1588653	39901353
1784	1590436	38136426
1785	1592220	36588173
1786	1594005	216352486
1787	1595791	41135969
1788	1597578	36176623
1789	1599366	86210523
1790	1601155	151780498
1791	1602945	265990099
1792	1604736	261765809
1793	1606528	199913192
1794	1608321	44402035
1795	1610115	248024137
1796	1611910	54149445
1797	1613706	80204923
1798	1615503	264703438
1799	1617301	118784634
1800	1619100	55515339
1801	1620900	110430958
1802	1622701	44606820
1803	1624503	278678091
1804	1626306	41364465
1805	1628110	47910100
1806	1629915	237611321
1807	1631721	116197904
1808	1633528	56561264
1809	1635336	43190288
1810	1637145	53902893
1811	1638955	45106267
1812	1640766	38027379
1813	1642578	97725827
1814	1644391	41051133
1815	1646205	43608957
1816	1648020	39637671
1817	1649836	230328374
1818	1651653	49947542
1819	1653471	185895263
1820	1655290	175662344
1821	1657110	92969107
1822	1658931	200974411
1823	1660753	57456275
1824	1662576	95578322
1825	1664400	97630964
1826	1666225	47566582
1827	1668051	42940794
1828	1669878	242904233
1829	1671706	110182943
1830	1673535	252823824
1831	1675365	282707944
1832	1677196	208601377
1833	1679028	185507769
1834	1680861	50229804
1835	1682695	47222214
1836	1684530	45288120
1837	1686366	227068833
1838	1688203	49945488
1839	1690041	64187500
1840	1691880	134653577
1841	1693720	45569346
1842	1695561	219534425
1843	1697403	42815074
1844	1699246	248110563
1845	1701090	43739165
1846	1702935	45704428
1847	1704781	40592886
1848	1706628	265327347
1849	1708476	69535880
1850	1710325	57053837
1851	1712175	254154363
1852	1714026	39631649
1853	1715878	252564104
1854	1717731	116591904
1855	1719585	190903628
1856	1721440	43277436
1857	1723296	232863319
1858	1725153	43618497
1859	1727011	45812262
1860	1728870	53992287
1861	1730730	56112430
1862	1732591	173861789
1863	1734453	47555692
1864	1736316	163067769
1865	1738180	279334992
1866	1740045	165240960
1867	1741911	285845355
1868	1743778	90214025
1869	1745646	61329942
1870	1747515	50439271
1871	1749385	117600718
1872	1751256	46283977
1873	1753128	260702507
1874	1755001	40530808
1875	1756875	45123092
1876	1758750	46513872
1877	1760626	52855504
1878	1762503	47056103
1879	1764381	286860650
1880	1766260	167045200
1881	1768140	48124957
1882	1770021	269281144
1883	1771903	72897682
1884	1773786	45219982
1885	1775670	45190590
1886	1777555	127861745
1887	1779441	196459710
1888	1781328	58821169
1889	1783216	47291927
1890	1785105	100885941
1891	1786995	45373195
1892	1788886	89946747
1893	1790778	45252680
1894	1792671	49928744
1895	1794565	47340786
1896	1796460	322036239
1897	1798356	44998117
1898	1800253	46970118
1899	1802151	160453665
1900	1804050	62154483
1901	1805950	74835209
1902	1807851	45702211
1903	1809753	48495740
1904	1811656	43607189
1905	1813560	45354200
1906	1815465	52932076
1907	1817371	202883834
1908	1819278	45187352
1909	1821186	43518529
1910	1823095	311324926
1911	1825005	160497763
1912	1826916	48502467
1913	1828828	156208546
1914	1830741	85877051
1915	1832655	105463732
1916	1834570	45715479
1917	1836486	51690019
1918	1838403	49621848
1919	1840321	66257251
1920	1842240	179128121
1921	1844160	43020252
1922	1846081	47358927
1923	1848003	78033961
1924	1849926	263924445
1925	1851850	295045960
1926	1853775	303991629
1927	1855701	181839719
1928	1857628	156736876
1929	1859556	153076841
1930	1861485	50197064
1931	1863415	45028424
1932	1865346	111003119
1933	1867278	104242545
1934	1869211	47268493
1935	1871145	45969486
1936	1873080	47500794
1937	1875016	45883511
1938	1876953	258602294
1939	1878891	53418879
1940	1880830	58586160
1941	1882770	334965318
1942	1884711	293621799
1943	1886653	307923880
1944	1888596	325025511
1945	1890540	225112518
1946	1892485	63663019
1947	1894431	286914964
1948	1896378	52974605
1949	1898326	274622235
1950	1900275	49313877
1951	1902225	142190795
1952	1904176	303317560
1953	1906128	262765194
1954	1908081	138660357
1955	1910035	46220242
1956	1911990	66877241
1957	1913946	46124324
1958	1915903	103216641
1959	1917861	220079991
1960	1919820	63996373
1961	1921780	53420513
1962	1923741	54806624
1963	1925703	58963511
1964	1927666	290552589
1965	1929630	301375509
1966	1931595	184965624
1967	1933561	73591722
1968	1935528	128589216
1969	1937496	161422050
1970	1939465	65871847
1971	1941435	45729707
1972	1943406	49014276
1973	1945378	49308628
1974	1947351	54961686
1975	1949325	49546557
1976	1951300	135949792
1977	1953276	51835277
1978	1955253	52202665
1979	1957231	44377407
1980	1959210	49823213
1981	1961190	49267411
1982	1963171	121249245
1983	1965153	305283777
1984	1967136	52392481
1985	1969120	262888956
1986	1971105	50733715
1987	1973091	293978756
1988	1975078	51897062
1989	1977066	50540806
1990	1979055	57117864
1991	1981045	160499840
1992	1983036	56533250
1993	1985028	43995470
1994	1987021	211761197
1995	1989015	49154109
1996	1991010	59556592
1997	1993006	47386601
1998	1995003	50548232
1999	1997001	47574605
2000	1999000	45362975
2001	2001000	51287366
2002	2003001	54235135
2003	2005003	68943234
2004	2007006	291089271
2005	2009010	50126088
2006	2011015	315574127
2007	2013021	122742062
2008	2015028	51085141
2009	2017036	50047589
2010	2019045	69873928
2011	2021055	47537331
2012	2023066	81154072
2013	2025078	178099824
2014	2027091	49395923
2015	2029105	56727047
2016	2031120	51859352
2017	2033136	49821118
2018	2035153	49235799
2019	2037171	317177137
2020	2039190	53574815
2021	2041210	237044836
2022	2043231	249313036
2023	2045253	76812186
2024	2047276	315766807
2025	2049300	51750807
2026	2051325	91869055
2027	2053351	293118457
2028	2055378	287056115
2029	2057406	99906425
2030	2059435	54799007
2031	2061465	160697187
2032	2063496	246337021
2033	2065528	51303561
2034	2067561	137779996
2035	2069595	310538112
2036	2071630	307132607
2037	2073666	123704590
2038	2075703	309896116
2039	2077741	147108342
2040	2079780	55050709
2041	2081820	165175297
2042	2083861	95323333
2043	2085903	50606464
2044	2087946	187583674
2045	2089990	334830850
2046	2092035	321337295
2047	2094081	331454013
2048	2096128	272431897
2049	2098176	55085288
2050	2100225	50635236
2051	2102275	60408580
2052	2104326	50340993
2053	2106378	52216584
2054	2108431	89323505
2055	2110485	195551061
2056	2112540	325919197
2057	2114596	54121317
2058	2116653	51606493
2059	2118711	317386984
2060	2120770	47618043
2061	2122830	234783289
2062	2124891	323194274
2063	2126953	49784999
2064	2129016	57687628
2065	2131080	49335316
2066	2133145	344367231
2067	2135211	191155174
2068	2137278	335760677
2069	2139346	547966912
2070	2141415	130764699
2071	2143485	58776247
2072	2145556	56731699
2073	2147628	221732872
2074	2149701	49585288
2075	2151775	310853271
2076	2153850	47841720
2077	2155926	410504317
2078	2158003	64392472
2079	2160081	358309289
2080	2162160	210962603
2081	2164240	106223992
2082	2166321	63953234
2083	2168403	59043929
2084	2170486	291285472
2085	2172570	179714179
2086	2174655	57322379
2087	2176741	64351444
2088	2178828	151842209
2089	2180916	145307505
2090	2183005	201578042
2091	2185095	59534067
2092	2187186	57331405
2093	2189278	55523464
2094	2191371	325603565
2095	2193465	174623957
2096	2195560	57553287
2097	2197656	371696381
2098	2199753	97879849
2099	2201851	112474284
2100	2203950	190902104
2101	2206050	178322608
2102	2208151	204287426
2103	2210253	52637556
2104	2212356	60984500
2105	2214460	278632351
2106	2216565	54817063
2107	2218671	55088734
2108	2220778	59776295
2109	2222886	55542686
2110	2224995	116852367
2111	2227105	55415552
2112	2229216	55236785
2113	2231328	82216574
2114	2233441	63019780
2115	2235555	50341404
2116	2237670	54294179
2117	2239786	239961045
2118	2241903	54895151
2119	2244021	55791991
2120	2246140	340640577
2121	2248260	53965531
2122	2250381	61092978
2123	2252503	90474620
2124	2254626	190081223
2125	2256750	215691894
2126	2258875	230997125
2127	2261001	74096336
2128	2263128	252646090
2129	2265256	378691236
2130	2267385	275228586
2131	2269515	81585443
2132	2271646	54617173
2133	2273778	52761076
2134	2275911	60537643
2135	2278045	46358393
2136	2280180	203409128
2137	2282316	119024015
2138	2284453	52822915
2139	2286591	376537999
2140	2288730	144636306
2141	2290870	61252931
2142	2293011	290355608
2143	2295153	344116204
2144	2297296	57998845
2145	2299440	336758649
2146	2301585	54443987
2147	2303731	58214768
2148	2305878	371178306
2149	2308026	340058268
2150	2310175	165612356
2151	2312325	62175391
2152	2314476	60534831
2153	2316628	57813755
2154	2318781	137497757
2155	2320935	55835943
2156	2323090	112460440
2157	2325246	63242989
2158	2327403	59747958
2159	2329561	322420562
2160	2331720	296933871
2161	2333880	79537683
2162	2336041	393883881
2163	2338203	55974242
2164	2340366	173346340
2165	2342530	100362227
2166	2344695	177620499
2167	2346861	60217467
2168	2349028	145654686
2169	2351196	55007470
2170	2353365	58635226
2171	2355535	63880834
2172	2357706	156145146
2173	2359878	58302771
2174	2362051	64199440
2175	2364225	56306379
2176	2366400	61110371
2177	2368576	59549839
2178	2370753	59838341
2179	2372931	57973736
2180	2375110	58576445
2181	2377290	318235310
2182	2379471	64511529
2183	2381653	61328994
2184	2383836	376322262
2185	2386020	59054954
2186	2388205	447009220
2187	2390391	281827486
2188	2392578	235680928
2189	2394766	365513866
2190	2396955	173597911
2191	2399145	57221179
2192	2401336	60211167
2193	2403528	59601063
2194	2405721	362940276
2195	2407915	55492503
2196	2410110	141229846
2197	2412306	378186526
2198	2414503	356339233
2199	2416701	182063875
2200	2418900	332441565
2201	2421100	239256786
2202	2423301	267150000
2203	2425503	74614508
2204	2427706	62544070
2205	2429910	168585006
2206	2432115	58203883
2207	2434321	60061894
2208	2436528	373880796
2209	2438736	60312605
2210	2440945	49198730
2211	2443155	56360957
2212	2445366	278547214
2213	2447578	60460463
2214	2449791	55437355
2215	2452005	140166756
2216	2454220	81692537
2217	2456436	59250073
2218	2458653	56199205
2219	2460871	411010739
2220	2463090	65447662
2221	2465310	83333828
2222	2467531	308262913
2223	2469753	259345587
2224	2471976	89627524
2225	2474200	60390191
2226	2476425	57377855
2227	2478651	253928803
2228	2480878	63088227
2229	2483106	150703875
2230	2485335	293745024
2231	2487565	58994897
2232	2489796	59262667
2233	2492028	62265816
2234	2494261	59205169
2235	2496495	66308188
2236	2498730	394137839
2237	2500966	94869778
2238	2503203	367691700
2239	2505441	168893318
2240	2507680	57752912
2241	2509920	126991220
2242	2512161	62128859
2243	2514403	62411616
2244	2516646	159184053
2245	2518890	64540694
2246	2521135	116281713
2247	2523381	232054434
2248	2525628	312012752
2249	2527876	275582993
2250	2530125	128271155
2251	2532375	62477489
2252	2534626	67202423
2253	2536878	69428233
2254	2539131	408690264
2255	2541385	264397078
2256	2543640	373513849
2257	2545896	242907690
2258	2548153	66577585
2259	2550411	95718684
2260	2552670	227264042
2261	2554930	74163307
2262	2557191	63877204
2263	2559453	276398735
2264	2561716	290142109
2265	2563980	387659696
2266	2566245	74374913
2267	2568511	67737022
2268	2570778	243648124
2269	2573046	70034860
2270	2575315	94946042
2271	2577585	385189913
2272	2579856	441016736
2273	2582128	204624415
2274	2584401	105775644
2275	2586675	213799341
2276	2588950	102140098
2277	2591226	68565674
2278	2593503	209528633
2279	2595781	65150942
2280	2598060	398448389
2281	2600340	173291774
2282	2602621	60277065
2283	2604903	367799077
2284	2607186	114603328
2285	2609470	68792805
2286	2611755	347065193
2287	2614041	190750543
2288	2616328	78764191
2289	2618616	67358542
2290	2620905	82013287
2291	2623195	72369454
2292	2625486	61938714
2293	2627778	149974262
2294	2630071	67614089
2295	2632365	177177502
2296	2634660	339114126
2297	2636956	149136547
2298	2639253	64699879
2299	2641551	62825851
2300	2643850	66291554
2301	2646150	64445668
2302	2648451	255012859
2303	2650753	63630628
2304	2653056	410137747
2305	2655360	66160005
2306	2657665	162202987
2307	2659971	416625042
2308	2662278	396247076
2309	2664586	251929390
2310	2666895	64330360
2311	2669205	61356421
2312	2671516	63708877
2313	2673828	66702440
2314	2676141	254532670
2315	2678455	58590304
2316	2680770	64942881
2317	2683086	64039317
2318	2685403	70509621
2319	2687721	70193423
2320	2690040	65565263
2321	2692360	70981762
2322	2694681	390284503
2323	2697003	411068641
2324	2699326	143390365
2325	2701650	401705185
2326	2703975	81719155
2327	2706301	65814596
2328	2708628	409427299
2329	2710956	76879092
2330	2713285	261084495
2331	2715615	66027092
2332	2717946	75541776
2333	2720278	241946078
2334	2722611	67505963
2335	2724945	72510466
2336	2727280	256844994
2337	2729616	416175963
2338	2731953	64256262
2339	2734291	208554883
2340	2736630	73447286
2341	2738970	70861118
2342	2741311	70487607
2343	2743653	397202186
2344	2745996	64509087
2345	2748340	66253087
2346	2750685	249869895
2347	2753031	61198456
2348	2755378	66514863
2349	2757726	64527418
2350	2760075	143711735
2351	2762425	67281486
2352	2764776	67770693
2353	2767128	66491322
2354	2769481	425748538
2355	2771835	290020137
2356	2774190	68481762
2357	2776546	379042063
2358	2778903	337185761
2359	2781261	71793523
2360	2783620	435283184
2361	2785980	64967088
2362	2788341	72320459
2363	2790703	175848476
2364	2793066	76991502
2365	2795430	189620863
2366	2797795	316738094
2367	2800161	69408566
2368	2802528	68730040
2369	2804896	64501815
2370	2807265	91830637
2371	2809635	475959639
2372	2812006	72342955
2373	2814378	452725728
2374	2816751	252108892
2375	2819125	85367449
2376	2821500	305223202
2377	2823876	378517189
2378	2826253	471818900
2379	2828631	67646064
2380	2831010	76630741
2381	2833390	320572901
2382	2835771	78066957
2383	2838153	279845043
2384	2840536	218360789
2385	2842920	121269960
2386	2845305	83852751
2387	2847691	65801114
2388	2850078	71489668
2389	2852466	77257777
2390	2854855	332144535
2391	2857245	82532556
2392	2859636	357018704
2393	2862028	70912627
2394	2864421	81974530
2395	2866815	69932258
2396	2869210	331990154
2397	2871606	229243833
2398	2874003	67494056
2399	2876401	404055804
2400	2878800	76445067
2401	2881200	344056059
2402	2883601	70389428
2403	2886003	414412861
2404	2888406	81438266
2405	2890810	76155596
2406	2893215	446649962
2407	2895621	150634968
2408	2898028	70678504
2409	2900436	76636215
2410	2902845	68028735
2411	2905255	135643885
2412	2907666	416694271
2413	2910078	444072978
2414	2912491	180509110
2415	2914905	78827135
2416	2917320	76201791
2417	2919736	97200009
2418	2922153	139048903
2419	2924571	133093634
2420	2926990	242723514
2421	2929410	176249330
2422	2931831	440504043
2423	2934253	67828146
2424	2936676	97115531
2425	2939100	181704278
2426	2941525	83664140
2427	2943951	80579722
2428	2946378	72920401
2429	2948806	74296434
2430	2951235	297220850
2431	2953665	302184072
2432	2956096	72136833
2433	2958528	70237616
2434	2960961	471654739
2435	2963395	73526145
2436	2965830	228273556
2437	2968266	310675056
2438	2970703	77332281
2439	2973141	89573771
2440	2975580	396210563
2441	2978020	74182936
2442	2980461	69861961
2443	2982903	408351749
2444	2985346	75941514
2445	2987790	501187560
2446	2990235	199997997
2447	2992681	72144628
2448	2995128	86067777
2449	2997576	551656744
2450	3000025	221584527
2451	3002475	87737581
2452	3004926	176717324
2453	3007378	147875496
2454	3009831	330424119
2455	3012285	165267893
2456	3014740	286604279
2457	3017196	271788582
2458	3019653	82602313
2459	3022111	357135802
2460	3024570	342815491
2461	3027030	92554985
2462	3029491	400327158
2463	3031953	265880275
2464	3034416	201013092
2465	3036880	83739403
2466	3039345	75241537
2467	3041811	81552546
2468	3044278	225969319
2469	3046746	84519576
2470	3049215	77810798
2471	3051685	73657889
2472	3054156	438225755
2473	3056628	77517947
2474	3059101	76328659
2475	3061575	78440242
2476	3064050	70887782
2477	3066526	216803123
2478	3069003	455450052
2479	3071481	79229480
2480	3073960	505214089
2481	3076440	93401905
2482	3078921	181438683
2483	3081403	465356554
2484	3083886	76062985
2485	3086370	79271101
2486	3088855	430461953
2487	3091341	83587264
2488	3093828	75341794
2489	3096316	79454587
2490	3098805	88145893
2491	3101295	159662371
2492	3103786	73801321
2493	3106278	104138320
2494	3108771	318585120
2495	3111265	149308768
2496	3113760	277482719
2497	3116256	77451892
2498	3118753	134544515
2499	3121251	262624483
2500	3123750	77998876
2501	3126250	78499644
2502	3128751	86717206
2503	3131253	104432454
2504	3133756	107554878
2505	3136260	196194155
2506	3138765	210392943
2507	3141271	459950821
2508	3143778	162147453
2509	3146286	85444161
2510	3148795	88980255
2511	3151305	160102347
2512	3153816	90289411
2513	3156328	195374125
2514	3158841	243412841
2515	3161355	90788582
2516	3163870	187802676
2517	3166386	132785675
2518	3168903	84068136
2519	3171421	198411355
2520	3173940	265270817
2521	3176460	85745519
2522	3178981	77635540
2523	3181503	80735264
2524	3184026	275387964
2525	3186550	111771797
2526	3189075	112761722
2527	3191601	82993972
2528	3194128	358921134
2529	3196656	103364630
2530	3199185	521989242
2531	3201715	586450690
2532	3204246	459048931
2533	3206778	132204194
2534	3209311	73084676
2535	3211845	77798788
2536	3214380	77014425
2537	3216916	78357582
2538	3219453	86073084
2539	3221991	74289348
2540	3224530	507861417
2541	3227070	670071917
2542	3229611	111949759
2543	3232153	347919150
2544	3234696	215803558
2545	3237240	78732512
2546	3239785	187881101
2547	3242331	550380391
2548	3244878	124616765
2549	3247426	477883402
2550	3249975	89110844
2551	3252525	100824919
2552	3255076	507622589
2553	3257628	78580048
2554	3260181	333335472
2555	3262735	259847703
2556	3265290	532745264
2557	3267846	365977146
2558	3270403	86378346
2559	3272961	297334714
2560	3275520	523781010
2561	3278080	394351743
2562	3280641	99040680
2563	3283203	91104938
2564	3285766	266339086
2565	3288330	78882848
2566	3290895	87252783
2567	3293461	335682258
2568	3296028	98293222
2569	3298596	105463244
2570	3301165	520673435
2571	3303735	513181816
2572	3306306	307306555
2573	3308878	343869333
2574	3311451	471474073
2575	3314025	658230333
2576	3316600	429858348
2577	3319176	94760404
2578	3321753	78857663
2579	3324331	87019262
2580	3326910	103128777
2581	3329490	99339920
2582	3332071	364939542
2583	3334653	217921144
2584	3337236	104300260
2585	3339820	94933651
2586	3342405	77471375
2587	3344991	83736107
2588	3347578	110317642
2589	3350166	452276753
2590	3352755	325034305
2591	3355345	79732009
2592	3357936	475944913
2593	3360528	577348078
2594	3363121	555188743
2595	3365715	439972824
2596	3368310	517387307
2597	3370906	401106344
2598	3373503	89763095
2599	3376101	90301036
2600	3378700	128200374
2601	3381300	94107025
2602	3383901	97953541
2603	3386503	178512558
2604	3389106	117270031
2605	3391710	219039403
2606	3394315	99702683
2607	3396921	143375459
2608	3399528	83417171
2609	3402136	89640500
2610	3404745	125981654
2611	3407355	540476773
2612	3409966	87053297
2613	3412578	481729128
2614	3415191	499260025
2615	3417805	83712251
2616	3420420	595773684
2617	3423036	260895256
2618	3425653	97577603
2619	3428271	444685020
2620	3430890	93232996
2621	3433510	265455413
2622	3436131	87819104
2623	3438753	82674429
2624	3441376	249398187
2625	3444000	84128542
2626	3446625	83950416
2627	3449251	185401126
2628	3451878	190096508
2629	3454506	552689378
2630	3457135	350683617
2631	3459765	104276008
2632	3462396	90408797
2633	3465028	92664212
2634	3467661	267943279
2635	3470295	144309608
2636	3472930	86687272
2637	3475566	505645260
2638	3478203	85725413
2639	3480841	539038858
2640	3483480	84349519
2641	3486120	566517327
2642	3488761	603394524
2643	3491403	202831665
2644	3494046	87544176
2645	3496690	415624230
2646	3499335	220930003
2647	3501981	578994116
2648	3504628	395994206
2649	3507276	96330124
2650	3509925	174701137
2651	3512575	783287301
2652	3515226	288626509
2653	3517878	261653568
2654	3520531	139673862
2655	3523185	90447078
2656	3525840	502359024
2657	3528496	144580643
2658	3531153	597461953
2659	3533811	367680740
2660	3536470	978376725
2661	3539130	572772813
2662	3541791	932234991
2663	3544453	679410344
2664	3547116	138996432
2665	3549780	356430087
2666	3552445	91917774
2667	3555111	122656149
2668	3557778	280241296
2669	3560446	288456037
2670	3563115	97509906
2671	3565785	179050218
2672	3568456	288072176
2673	3571128	327500256
2674	3573801	676785399
2675	3576475	106818455
2676	3579150	107763156
2677	3581826	161614460
2678	3584503	106694362
2679	3587181	97835314
2680	3589860	315441404
2681	3592540	348419888
2682	3595221	615275064
2683	3597903	168740540
2684	3600586	115490067
2685	3603270	174718702
2686	3605955	572645481
2687	3608641	123140317
2688	3611328	96963341
2689	3614016	484566880
2690	3616705	108977278
2691	3619395	110298213
2692	3622086	652997671
2693	3624778	87823196
2694	3627471	653944613
2695	3630165	237310366
2696	3632860	165624121
2697	3635556	132342071
2698	3638253	94201516
2699	3640951	166369583
2700	3643650	311470740
2701	3646350	239723236
2702	3649051	450247944
2703	3651753	407889344
2704	3654456	379172979
2705	3657160	757885030
2706	3659865	830988346
2707	3662571	450240144
2708	3665278	273473038
2709	3667986	390428837
2710	3670695	841388760
2711	3673405	892177849
2712	3676116	282820173
2713	3678828	91057872
2714	3681541	167253166
2715	3684255	239374353
2716	3686970	785422891
2717	3689686	684712728
2718	3692403	382552475
2719	3695121	103636023
2720	3697840	296829275
2721	3700560	103387331
2722	3703281	121319385
2723	3706003	538630981
2724	3708726	109818421
2725	3711450	568570881
2726	3714175	1243918493
2727	3716901	624121372
2728	3719628	114405730
2729	3722356	631317957
2730	3725085	303788884
2731	3727815	172572717
2732	3730546	462342778
2733	3733278	160254839
2734	3736011	251565865
2735	3738745	147725846
2736	3741480	548510079
2737	3744216	221143374
2738	3746953	637468089
2739	3749691	374289815
2740	3752430	243158002
2741	3755170	106516983
2742	3757911	120611344
2743	3760653	541899662
2744	3763396	129291150
2745	3766140	223380558
2746	3768885	115596390
2747	3771631	192654929
2748	3774378	118814658
2749	3777126	155623210
2750	3779875	107104802
2751	3782625	625138134
2752	3785376	1026707715
2753	3788128	384841140
2754	3790881	133416954
2755	3793635	139276049
2756	3796390	110470905
2757	3799146	215749507
2758	3801903	111397022
2759	3804661	599623244
2760	3807420	122397332
2761	3810180	525038843
2762	3812941	386443941
2763	3815703	112385157
2764	3818466	667158614
2765	3821230	122259951
2766	3823995	538597152
2767	3826761	120272779
2768	3829528	165802616
2769	3832296	104138328
2770	3835065	121953298
2771	3837835	320569651
2772	3840606	901280429
2773	3843378	125684500
2774	3846151	798825199
2775	3848925	429392424
2776	3851700	112148157
2777	3854476	170296045
2778	3857253	295745876
2779	3860031	113976258
2780	3862810	293197759
2781	3865590	622653877
2782	3868371	93871048
2783	3871153	101993189
2784	3873936	173879423
2785	3876720	527346020
2786	3879505	637838978
2787	3882291	783123508
2788	3885078	1070386057
2789	3887866	123266823
2790	3890655	411173414
2791	3893445	110049465
2792	3896236	1030905748
2793	3899028	112196069
2794	3901821	228353252
2795	3904615	663129339
2796	3907410	142968151
2797	3910206	1033156086
2798	3913003	104176329
2799	3915801	167862960
2800	3918600	324310497
2801	3921400	765957137
2802	3924201	194672655
2803	3927003	702852004
2804	3929806	145327465
2805	3932610	603782853
2806	3935415	108080233
2807	3938221	118228645
2808	3941028	507023864
2809	3943836	185019521
2810	3946645	1051616010
2811	3949455	117452243
2812	3952266	726769365
2813	3955078	144685571
2814	3957891	188541131
2815	3960705	261250981
2816	3963520	108894411
2817	3966336	979535774
2818	3969153	121285604
2819	3971971	641047037
2820	3974790	1212475589
2821	3977610	228045532
2822	3980431	115867514
2823	3983253	201374086
2824	3986076	548874425
2825	3988900	135785008
2826	3991725	137745782
2827	3994551	141542233
2828	3997378	135203325
2829	4000206	106142182
2830	4003035	289139503
2831	4005865	757779166
2832	4008696	130296756
2833	4011528	936674020
2834	4014361	103395631
2835	4017195	621678666
2836	4020030	425503440
2837	4022866	204035977
2838	4025703	108891515
2839	4028541	216522427
2840	4031380	204629138
2841	4034220	310014571
2842	4037061	871721342
2843	4039903	885224071
2844	4042746	1148391852
2845	4045590	215668657
2846	4048435	121920869
2847	4051281	153048230
2848	4054128	531981911
2849	4056976	681859719
2850	4059825	121706107
2851	4062675	224189205
2852	4065526	429023024
2853	4068378	121596995
2854	4071231	635269098
2855	4074085	141386282
2856	4076940	712231053
2857	4079796	698477379
2858	4082653	168116197
2859	4085511	335555111
2860	4088370	541537285
2861	4091230	353053906
2862	4094091	108293467
2863	4096953	390578709
2864	4099816	224658416
2865	4102680	290720580
2866	4105545	188616191
2867	4108411	386051007
2868	4111278	120389595
2869	4114146	165926659
2870	4117015	736205725
2871	4119885	188633848
2872	4122756	736955555
2873	4125628	1265142117
2874	4128501	1098324456
2875	4131375	1077107717
2876	4134250	643092502
2877	4137126	123158509
2878	4140003	579680664
2879	4142881	115531044
2880	4145760	538616166
2881	4148640	126074147
2882	4151521	318573649
2883	4154403	206289495
2884	4157286	735595337
2885	4160170	295666735
2886	4163055	570920382
2887	4165941	1119607926
2888	4168828	875708052
2889	4171716	416953762
2890	4174605	116085427
2891	4177495	135673663
2892	4180386	128032744
2893	4183278	379497355
2894	4186171	798541401
2895	4189065	668938809
2896	4191960	112375044
2897	4194856	794724435
2898	4197753	159295285
2899	4200651	808207469
2900	4203550	238156621
2901	4206450	417331188
2902	4209351	584772246
2903	4212253	297594250
2904	4215156	958802573
2905	4218060	150928007
2906	4220965	504443728
2907	4223871	161626197
2908	4226778	315871470
2909	4229686	159561020
2910	4232595	141932339
2911	4235505	831268133
2912	4238416	190760050
2913	4241328	236162103
2914	4244241	548074954
2915	4247155	201763261
2916	4250070	187927110
2917	4252986	181440841
2918	4255903	595640264
2919	4258821	148007707
2920	4261740	155893387
2921	4264660	416189877
2922	4267581	876641036
2923	4270503	321721796
2924	4273426	159440412
2925	4276350	1036494746
2926	4279275	700587349
2927	4282201	384572322
2928	4285128	109494917
2929	4288056	286696485
2930	4290985	120124758
2931	4293915	159281112
2932	4296846	928852736
2933	4299778	543038121
2934	4302711	182446578
2935	4305645	985628547
2936	4308580	130412896
2937	4311516	129121058
2938	4314453	642134384
2939	4317391	435725313
2940	4320330	121134380
2941	4323270	855299848
2942	4326211	122461859
2943	4329153	349897057
2944	4332096	780604168
2945	4335040	894953427
2946	4337985	816654619
2947	4340931	138240436
2948	4343878	621491625
2949	4346826	718934028
2950	4349775	906667796
2951	4352725	755666463
2952	4355676	1070539969
2953	4358628	128035258
2954	4361581	168632929
2955	4364535	255350708
2956	4367490	424664176
2957	4370446	345761817
2958	4373403	1034483099
2959	4376361	336034620
2960	4379320	520442345
2961	4382280	126349148
2962	4385241	417604316
2963	4388203	130280647
2964	4391166	132445645
2965	4394130	710510780
2966	4397095	193825493
2967	4400061	791235477
2968	4403028	186326276
2969	4405996	401400084
2970	4408965	354800754
2971	4411935	185632668
2972	4414906	1299353485
2973	4417878	172808559
2974	4420851	359553242
2975	4423825	291187642
2976	4426800	1302602107
2977	4429776	767561746
2978	4432753	142606669
2979	4435731	491059336
2980	4438710	112485026
2981	4441690	232883140
2982	4444671	501827252
2983	4447653	355698506
2984	4450636	142472643
2985	4453620	494337561
2986	4456605	1039024273
2987	4459591	206025872
2988	4462578	446622318
2989	4465566	487719680
2990	4468555	133600561
2991	4471545	446992138
2992	4474536	496694311
2993	4477528	422944694
2994	4480521	505118278
2995	4483515	600664756
2996	4486510	223324227
2997	4489506	427101013
2998	4492503	134605055
2999	4495501	847741955
3000	4498500	724657527
