100	4950	541
101	5050	9162
102	5151	1327
103	5253	1718
104	5356	895
105	5460	13733
106	5565	788
107	5671	876
108	5778	1698
109	5886	842
110	5995	2436
111	6105	1495
112	6216	13033
113	6328	1756
114	6441	7223
115	6555	1871
116	6670	1419
117	6786	1239
118	6903	2055
119	7021	20643
120	7140	740
121	7260	1792
122	7381	2888
123	7503	986
124	7626	13292
125	7750	11884
126	7875	1047
127	8001	1700
128	8128	1147
129	8256	1809
130	8385	1497
131	8515	5207
132	8646	1764
133	8778	1702
134	8911	1196
135	9045	662
136	9180	8578
137	9316	1081
138	9453	1763
139	9591	1909
140	9730	2093
141	9870	910
142	10011	954
143	10153	1470
144	10296	1065
145	10440	1254
146	10585	1644
147	10731	1948
148	10878	1105
149	11026	1321
150	11175	1324
151	11325	2665
152	11476	2166
153	11628	2000
154	11781	1470
155	11935	1581
156	12090	1431
157	12246	5191
158	12403	2673
159	12561	1067
160	12720	1212
161	12880	2588
162	13041	702
163	13203	143668
164	13366	2298
165	13530	8455
166	13695	2375
167	13861	5929
168	14028	1855
169	14196	11222
170	14365	765
171	14535	2353
172	14706	925
173	14878	2369
174	15051	1417
175	15225	2272
176	15400	2681
177	15576	5859
178	15753	1293
179	15931	2137
180	16110	1464
181	16290	2019
182	16471	7435
183	16653	1011
184	16836	2047
185	17020	4994
186	17205	2130
187	17391	2031
188	17578	1924
189	17766	2331
190	17955	2073
191	18145	6454
192	18336	1527
193	18528	1728
194	18721	3572
195	18915	4333
196	19110	18949
197	19306	2699
198	19503	137883
199	19701	2609
200	19900	2911
201	20100	10749
202	20301	4909
203	20503	2939
204	20706	1639
205	20910	3500
206	21115	1233
207	21321	1579
208	21528	1419
209	21736	2809
210	21945	1625
211	22155	2928
212	22366	3711
213	22578	2118
214	22791	15822
215	23005	1893
216	23220	1565
217	23436	2775
218	23653	1825
219	23871	3107
220	24090	1738
221	24310	2744
222	24531	3413
223	24753	1921
224	24976	1504
225	25200	1661
226	25425	5088
227	25651	1859
228	25878	1616
229	26106	1837
230	26335	2630
231	26565	4677
232	26796	2405
233	27028	14530
234	27261	1832
235	27495	105354
236	27730	4733
237	27966	2527
238	28203	1871
239	28441	2802
240	28680	1779
241	28920	2416
242	29161	2257
243	29403	2657
244	29646	1436
245	29890	2368
246	30135	2780
247	30381	1641
248	30628	2507
249	30876	1644
250	31125	2166
251	31375	2080
252	31626	1738
253	31878	3585
254	32131	1457
255	32385	1208
256	32640	2703
257	32896	2509
258	33153	2330
259	33411	1106
260	33670	1388
261	33930	1665
262	34191	2094
263	34453	3071
264	34716	3110
265	34980	1829
266	35245	1223
267	35511	3477
268	35778	1938
269	36046	2659
270	36315	3468
271	36585	2324
272	36856	1551
273	37128	2094
274	37401	3104
275	37675	3785
276	37950	2103
277	38226	1840
278	38503	1940
279	38781	3140
280	39060	1967
281	39340	2065
282	39621	1881
283	39903	1757
284	40186	2184
285	40470	3322
286	40755	8159
287	41041	2148
288	41328	2268
289	41616	1460
290	41905	2048
291	42195	2672
292	42486	3897
293	42778	3080
294	43071	2945
295	43365	2935
296	43660	3912
297	43956	2239
298	44253	2760
299	44551	2008
300	44850	2542
301	45150	14364
302	45451	2928
303	45753	4716
304	46056	3226
305	46360	3111
306	46665	2980
307	46971	2570
308	47278	2866
309	47586	66328
310	47895	2022
311	48205	2063
312	48516	3309
313	48828	3341
314	49141	3289
315	49455	3921
316	49770	3444
317	50086	2849
318	50403	2492
319	50721	2312
320	51040	2837
321	51360	2408
322	51681	2604
323	52003	3378
324	52326	2696
325	52650	2667
326	52975	2779
327	53301	2874
328	53628	1976
329	53956	5089
330	54285	2909
331	54615	1989
332	54946	2684
333	55278	139113
334	55611	2679
335	55945	2302
336	56280	1838
337	56616	3132
338	56953	2458
339	57291	2385
340	57630	2501
341	57970	4438
342	58311	4872
343	58653	18428
344	58996	2678
345	59340	4917
346	59685	11596
347	60031	2536
348	60378	4121
349	60726	3973
350	61075	1619
351	61425	2589
352	61776	3008
353	62128	2960
354	62481	2656
355	62835	2032
356	63190	3371
357	63546	2590
358	63903	3488
359	64261	4627
360	64620	10403
361	64980	2452
362	65341	2463
363	65703	58355
364	66066	1770
365	66430	2351
366	66795	10631
367	67161	4539
368	67528	115294
369	67896	5532
370	68265	2769
371	68635	1938
372	69006	4822
373	69378	4228
374	69751	3096
375	70125	4579
376	70500	3186
377	70876	2430
378	71253	2548
379	71631	2759
380	72010	3197
381	72390	2751
382	72771	3060
383	73153	4449
384	73536	6830
385	73920	3601
386	74305	10666
387	74691	2645
388	75078	2776
389	75466	3177
390	75855	4558
391	76245	2526
392	76636	2589
393	77028	3294
394	77421	1832
395	77815	2888
396	78210	5699
397	78606	2813
398	79003	4762
399	79401	4093
400	79800	3576
401	80200	5281
402	80601	4530
403	81003	2415
404	81406	2431
405	81810	14324
406	82215	2088
407	82621	2764
408	83028	21576
409	83436	1807
410	83845	3578
411	84255	2807
412	84666	4910
413	85078	2797
414	85491	2646
415	85905	3317
416	86320	16700
417	86736	3158
418	87153	4225
419	87571	4388
420	87990	3229
421	88410	2771
422	88831	3264
423	89253	5258
424	89676	4066
425	90100	5431
426	90525	2527
427	90951	2591
428	91378	4577
429	91806	5144
430	92235	3382
431	92665	2168
432	93096	3255
433	93528	3041
434	93961	2626
435	94395	3438
436	94830	3714
437	95266	4908
438	95703	3971
439	96141	3711
440	96580	4120
441	97020	3454
442	97461	3234
443	97903	3317
444	98346	4239
445	98790	2496
446	99235	4249
447	99681	5624
448	100128	3721
449	100576	4780
450	101025	3427
451	101475	4172
452	101926	3316
453	102378	4410
454	102831	4283
455	103285	3202
456	103740	20526
457	104196	2212
458	104653	2780
459	105111	2807
460	105570	3602
461	106030	3344
462	106491	4240
463	106953	12720
464	107416	3644
465	107880	3406
466	108345	4824
467	108811	3219
468	109278	3590
469	109746	3560
470	110215	2390
471	110685	2601
472	111156	4251
473	111628	3314
474	112101	3835
475	112575	3308
476	113050	3493
477	113526	3424
478	114003	3495
479	114481	3454
480	114960	2791
481	115440	3941
482	115921	3199
483	116403	2989
484	116886	4105
485	117370	3506
486	117855	3809
487	118341	3434
488	118828	3078
489	119316	3741
490	119805	4228
491	120295	4646
492	120786	3668
493	121278	3952
494	121771	3496
495	122265	4176
496	122760	3452
497	123256	4670
498	123753	4987
499	124251	3563
500	124750	3670
501	125250	2627
502	125751	4312
503	126253	3353
504	126756	4019
505	127260	4385
506	127765	4112
507	128271	3454
508	128778	4262
509	129286	49604
510	129795	4840
511	130305	4204
512	130816	3044
513	131328	7505
514	131841	5974
515	132355	6330
516	132870	9244
517	133386	3669
518	133903	3849
519	134421	5425
520	134940	3556
521	135460	2705
522	135981	3870
523	136503	6115
524	137026	3357
525	137550	5732
526	138075	11099
527	138601	4266
528	139128	4398
529	139656	6439
530	140185	7631
531	140715	5888
532	141246	4104
533	141778	4036
534	142311	4051
535	142845	3852
536	143380	7035
537	143916	178999
538	144453	3894
539	144991	4836
540	145530	8537
541	146070	3739
542	146611	5624
543	147153	3993
544	147696	6998
545	148240	7681
546	148785	4248
547	149331	4089
548	149878	4916
549	150426	5388
550	150975	4164
551	151525	6385
552	152076	8169
553	152628	4810
554	153181	4049
555	153735	3505
556	154290	5605
557	154846	3176
558	155403	113561
559	155961	4498
560	156520	5161
561	157080	3452
562	157641	4825
563	158203	3671
564	158766	5252
565	159330	6349
566	159895	5888
567	160461	12260
568	161028	6453
569	161596	8101
570	162165	4179
571	162735	4368
572	163306	3474
573	163878	6938
574	164451	6785
575	165025	4084
576	165600	3990
577	166176	6856
578	166753	4484
579	167331	5022
580	167910	17927
581	168490	6425
582	169071	3101
583	169653	6491
584	170236	6981
585	170820	4318
586	171405	6959
587	171991	7063
588	172578	4237
589	173166	7928
590	173755	8085
591	174345	4748
592	174936	5085
593	175528	3246
594	176121	5786
595	176715	4862
596	177310	3768
597	177906	8864
598	178503	7747
599	179101	4569
600	179700	3761
601	180300	6943
602	180901	4366
603	181503	9152
604	182106	5066
605	182710	4736
606	183315	8213
607	183921	7929
608	184528	4606
609	185136	5169
610	185745	4754
611	186355	6105
612	186966	4434
613	187578	5676
614	188191	3595
615	188805	3890
616	189420	6173
617	190036	4337
618	190653	6261
619	191271	4960
620	191890	6221
621	192510	6161
622	193131	4848
623	193753	4862
624	194376	5478
625	195000	6282
626	195625	5588
627	196251	6074
628	196878	4685
629	197506	6131
630	198135	5669
631	198765	4287
632	199396	7997
633	200028	6295
634	200661	4761
635	201295	5075
636	201930	6533
637	202566	5125
638	203203	111210
639	203841	20072
640	204480	5247
641	205120	5602
642	205761	6192
643	206403	5667
644	207046	5231
645	207690	6439
646	208335	8277
647	208981	7753
648	209628	5009
649	210276	5073
650	210925	6458
651	211575	4923
652	212226	12130
653	212878	3978
654	213531	5332
655	214185	6568
656	214840	6534
657	215496	8271
658	216153	5282
659	216811	32237
660	217470	5573
661	218130	4509
662	218791	10124
663	219453	12151
664	220116	4793
665	220780	5572
666	221445	7056
667	222111	6265
668	222778	7457
669	223446	6311
670	224115	107921
671	224785	6776
672	225456	3884
673	226128	5421
674	226801	7539
675	227475	4878
676	228150	5528
677	228826	7529
678	229503	4649
679	230181	5375
680	230860	5773
681	231540	6326
682	232221	9508
683	232903	11570
684	233586	6825
685	234270	4452
686	234955	4990
687	235641	5893
688	236328	9589
689	237016	8343
690	237705	5180
691	238395	19736
692	239086	5446
693	239778	8895
694	240471	4784
695	241165	5485
696	241860	6198
697	242556	5710
698	243253	7431
699	243951	19924
700	244650	24646
701	245350	5512
702	246051	4572
703	246753	9581
704	247456	9107
705	248160	8165
706	248865	11113
707	249571	11873
708	250278	6096
709	250986	5602
710	251695	5630
711	252405	9312
712	253116	8909
713	253828	5371
714	254541	6000
715	255255	6439
716	255970	4868
717	256686	144967
718	257403	6063
719	258121	4867
720	258840	5837
721	259560	5755
722	260281	7249
723	261003	5920
724	261726	4287
725	262450	14670
726	263175	8400
727	263901	5909
728	264628	7464
729	265356	87574
730	266085	28002
731	266815	6048
732	267546	5680
733	268278	8413
734	269011	4024
735	269745	6432
736	270480	4959
737	271216	8510
738	271953	4257
739	272691	12482
740	273430	69491
741	274170	5829
742	274911	4817
743	275653	35518
744	276396	5298
745	277140	9913
746	277885	5882
747	278631	3916
748	279378	5754
749	280126	11612
750	280875	5510
751	281625	5900
752	282376	4206
753	283128	122659
754	283881	5321
755	284635	6911
756	285390	154875
757	286146	5864
758	286903	5874
759	287661	6064
760	288420	7950
761	289180	5866
762	289941	14101
763	290703	9627
764	291466	5648
765	292230	9060
766	292995	10101
767	293761	9814
768	294528	3876
769	295296	5218
770	296065	11038
771	296835	9191
772	297606	10130
773	298378	6065
774	299151	5940
775	299925	15656
776	300700	8665
777	301476	5583
778	302253	5720
779	303031	6633
780	303810	15624
781	304590	4217
782	305371	5718
783	306153	11472
784	306936	6789
785	307720	6292
786	308505	4434
787	309291	53017
788	310078	6182
789	310866	5151
790	311655	6913
791	312445	10404
792	313236	8820
793	314028	10278
794	314821	8850
795	315615	12179
796	316410	6249
797	317206	8807
798	318003	10621
799	318801	5483
800	319600	8852
801	320400	11955
802	321201	7149
803	322003	6309
804	322806	4630
805	323610	9672
806	324415	7400
807	325221	6522
808	326028	8988
809	326836	9228
810	327645	1355067
811	328455	7578
812	329266	8821
813	330078	4867
814	330891	8709
815	331705	149812
816	332520	10012
817	333336	4926
818	334153	14071
819	334971	12854
820	335790	5409
821	336610	5730
822	337431	5143
823	338253	13380
824	339076	9484
825	339900	169468
826	340725	12139
827	341551	10178
828	342378	5680
829	343206	6635
830	344035	12523
831	344865	147500
832	345696	6416
833	346528	105985
834	347361	11801
835	348195	10488
836	349030	13153
837	349866	11020
838	350703	12702
839	351541	6394
840	352380	6364
841	353220	6768
842	354061	11920
843	354903	9500
844	355746	6282
845	356590	10423
846	357435	7101
847	358281	12803
848	359128	11192
849	359976	10131
850	360825	10556
851	361675	5559
852	362526	13081
853	363378	11246
854	364231	12002
855	365085	13088
856	365940	5740
857	366796	10791
858	367653	6529
859	368511	13181
860	369370	12142
861	370230	6526
862	371091	10872
863	371953	13574
864	372816	5228
865	373680	29201
866	374545	7930
867	375411	6708
868	376278	8185
869	377146	7070
870	378015	6942
871	378885	6996
872	379756	8768
873	380628	7419
874	381501	7631
875	382375	7079
876	383250	7405
877	384126	7712
878	385003	7082
879	385881	96366
880	386760	6989
881	387640	7517
882	388521	5619
883	389403	7741
884	390286	6881
885	391170	7037
886	392055	7601
887	392941	7744
888	393828	9075
889	394716	6723
890	395605	5872
891	396495	51069
892	397386	45203
893	398278	7429
894	399171	8431
895	400065	7129
896	400960	6880
897	401856	7454
898	402753	8660
899	403651	8653
900	404550	5461
901	405450	8135
902	406351	7661
903	407253	7362
904	408156	7540
905	409060	8400
906	409965	7207
907	410871	7446
908	411778	8994
909	412686	5832
910	413595	113259
911	414505	7481
912	415416	16445
913	416328	7557
914	417241	5959
915	418155	7563
916	419070	9829
917	419986	8504
918	420903	7735
919	421821	7484
920	422740	7340
921	423660	7474
922	424581	8767
923	425503	5529
924	426426	5636
925	427350	7235
926	428275	6986
927	429201	7195
928	430128	5594
929	431056	7526
930	431985	7890
931	432915	7654
932	433846	5682
933	434778	7496
934	435711	135513
935	436645	9747
936	437580	8032
937	438516	7502
938	439453	7621
939	440391	38217
940	441330	5423
941	442270	5765
942	443211	16522
943	444153	8786
944	445096	58673
945	446040	9387
946	446985	8219
947	447931	7508
948	448878	7608
949	449826	8171
950	450775	22626
951	451725	8199
952	452676	7747
953	453628	7769
954	454581	8513
955	455535	7672
956	456490	10074
957	457446	7797
958	458403	38650
959	459361	7474
960	460320	7456
961	461280	8135
962	462241	5536
963	463203	5743
964	464166	8798
965	465130	9519
966	466095	7834
967	467061	8175
968	468028	7877
969	468996	6020
970	469965	8272
971	470935	7701
972	471906	7833
973	472878	8829
974	473851	7925
975	474825	10035
976	475800	7680
977	476776	6043
978	477753	8351
979	478731	7619
980	479710	52753
981	480690	79326
982	481671	7978
983	482653	7973
984	483636	8142
985	484620	7724
986	485605	7977
987	486591	7992
988	487578	8626
989	488566	8246
990	489555	8346
991	490545	7510
992	491536	118045
993	492528	8229
994	493521	7788
995	494515	8219
996	495510	8213
997	496506	8515
998	497503	9105
999	498501	8278
1000	499500	46084
1001	500500	9369
1002	501501	8215
1003	502503	5681
1004	503506	8520
1005	504510	8474
1006	505515	9002
1007	506521	8843
1008	507528	9045
1009	508536	9079
1010	509545	7843
1011	510555	8725
1012	511566	9686
1013	512578	6543
1014	513591	6454
1015	514605	23125
1016	515620	6041
1017	516636	8267
1018	517653	7928
1019	518671	7637
1020	519690	62048
1021	520710	5621
1022	521731	8938
1023	522753	8663
1024	523776	8071
1025	524800	13918
1026	525825	12933
1027	526851	6634
1028	527878	8223
1029	528906	10695
1030	529935	7679
1031	530965	13207
1032	531996	13863
1033	533028	12218
1034	534061	7719
1035	535095	29478
1036	536130	16070
1037	537166	6987
1038	538203	7924
1039	539241	13640
1040	540280	22227
1041	541320	7977
1042	542361	8083
1043	543403	7316
1044	544446	14690
1045	545490	15787
1046	546535	6492
1047	547581	8291
1048	548628	7957
1049	549676	5813
1050	550725	6430
1051	551775	13574
1052	552826	14861
1053	553878	6904
1054	554931	7180
1055	555985	7279
1056	557040	9446
1057	558096	8015
1058	559153	8479
1059	560211	8503
1060	561270	6092
1061	562330	8380
1062	563391	7168
1063	564453	7048
1064	565516	6920
1065	566580	8672
1066	567645	5920
1067	568711	8248
1068	569778	195103
1069	570846	8050
1070	571915	7073
1071	572985	7933
1072	574056	10449
1073	575128	12355
1074	576201	7905
1075	577275	14661
1076	578350	11997
1077	579426	14862
1078	580503	6674
1079	581581	15240
1080	582660	14859
1081	583740	14445
1082	584821	8180
1083	585903	8745
1084	586986	20521
1085	588070	28262
1086	589155	124900
1087	590241	7375
1088	591328	9434
1089	592416	9538
1090	593505	13249
1091	594595	8709
1092	595686	8936
1093	596778	72400
1094	597871	10118
1095	598965	6987
1096	600060	13033
1097	601156	7425
1098	602253	8737
1099	603351	32787
1100	604450	7943
1101	605550	15283
1102	606651	8044
1103	607753	8392
1104	608856	8829
1105	609960	8263
1106	611065	13348
1107	612171	7461
1108	613278	15844
1109	614386	13959
1110	615495	12833
1111	616605	14253
1112	617716	8539
1113	618828	14819
1114	619941	13779
1115	621055	13923
1116	622170	42176
1117	623286	16444
1118	624403	8701
1119	625521	10189
1120	626640	8216
1121	627760	6719
1122	628881	8468
1123	630003	14650
1124	631126	14598
1125	632250	12870
1126	633375	10119
1127	634501	9158
1128	635628	8606
1129	636756	8596
1130	637885	16719
1131	639015	17420
1132	640146	15225
1133	641278	8824
1134	642411	8090
1135	643545	8930
1136	644680	17707
1137	645816	17427
1138	646953	13331
1139	648091	8695
1140	649230	15984
1141	650370	13080
1142	651511	8972
1143	652653	20917
1144	653796	7461
1145	654940	8602
1146	656085	19881
1147	657231	10555
1148	658378	8204
1149	659526	10393
1150	660675	18103
1151	661825	16290
1152	662976	8055
1153	664128	7773
1154	665281	15356
1155	666435	9467
1156	667590	6635
1157	668746	18180
1158	669903	7862
1159	671061	51489
1160	672220	7590
1161	673380	7864
1162	674541	7731
1163	675703	8890
1164	676866	39612
1165	678030	9038
1166	679195	19298
1167	680361	8420
1168	681528	16406
1169	682696	15595
1170	683865	15933
1171	685035	7272
1172	686206	15829
1173	687378	14960
1174	688551	15420
1175	689725	10183
1176	690900	9461
1177	692076	8877
1178	693253	9105
1179	694431	8398
1180	695610	8628
1181	696790	7384
1182	697971	12776
1183	699153	14462
1184	700336	8188
1185	701520	46046
1186	702705	6598
1187	703891	5500
1188	705078	9271
1189	706266	15583
1190	707455	14597
1191	708645	7073
1192	709836	16595
1193	711028	9058
1194	712221	16550
1195	713415	9075
1196	714610	14537
1197	715806	9253
1198	717003	9766
1199	718201	8749
1200	719400	69205
1201	720600	9642
1202	721801	19092
1203	723003	166090
1204	724206	10298
1205	725410	7161
1206	726615	9930
1207	727821	16464
1208	729028	9589
1209	730236	8855
1210	731445	9536
1211	732655	171689
1212	733866	8436
1213	735078	7155
1214	736291	8966
1215	737505	12524
1216	738720	53124
1217	739936	8646
1218	741153	8706
1219	742371	9155
1220	743590	18170
1221	744810	13964
1222	746031	27262
1223	747253	11018
1224	748476	11750
1225	749700	15827
1226	750925	14895
1227	752151	14719
1228	753378	12802
1229	754606	12803
1230	755835	14217
1231	757065	108715
1232	758296	10695
1233	759528	15524
1234	760761	9930
1235	761995	9796
1236	763230	6615
1237	764466	14828
1238	765703	24263
1239	766941	15822
1240	768180	165967
1241	769420	18917
1242	770661	177315
1243	771903	10287
1244	773146	6804
1245	774390	9714
1246	775635	12300
1247	776881	18068
1248	778128	7553
1249	779376	16611
1250	780625	13136
1251	781875	12717
1252	783126	7895
1253	784378	9818
1254	785631	15582
1255	786885	14388
1256	788140	11164
1257	789396	10833
1258	790653	8994
1259	791911	6988
1260	793170	9607
1261	794430	132812
1262	795691	13715
1263	796953	12069
1264	798216	14232
1265	799480	8395
1266	800745	9124
1267	802011	13120
1268	803278	9156
1269	804546	9638
1270	805815	14963
1271	807085	9403
1272	808356	12509
1273	809628	14282
1274	810901	14269
1275	812175	16097
1276	813450	7388
1277	814726	86995
1278	816003	8927
1279	817281	9837
1280	818560	10231
1281	819840	13977
1282	821121	9324
1283	822403	9584
1284	823686	15943
1285	824970	69491
1286	826255	7677
1287	827541	10669
1288	828828	6566
1289	830116	16442
1290	831405	9814
1291	832695	12047
1292	833986	9617
1293	835278	11613
1294	836571	7465
1295	837865	7922
1296	839160	10643
1297	840456	9043
1298	841753	15139
1299	843051	15066
1300	844350	9021
1301	845650	11755
1302	846951	11990
1303	848253	10725
1304	849556	10367
1305	850860	10037
1306	852165	12556
1307	853471	166807
1308	854778	14086
1309	856086	14419
1310	857395	10314
1311	858705	11867
1312	860016	9730
1313	861328	12376
1314	862641	8471
1315	863955	7900
1316	865270	11383
1317	866586	10246
1318	867903	11227
1319	869221	8477
1320	870540	8140
1321	871860	13356
1322	873181	30529
1323	874503	12316
1324	875826	17970
1325	877150	13727
1326	878475	57914
1327	879801	11882
1328	881128	126694
1329	882456	65639
1330	883785	12647
1331	885115	11479
1332	886446	14267
1333	887778	12484
1334	889111	8490
1335	890445	14829
1336	891780	22094
1337	893116	9471
1338	894453	12819
1339	895791	12983
1340	897130	12947
1341	898470	10900
1342	899811	9912
1343	901153	9298
1344	902496	131006
1345	903840	9910
1346	905185	17109
1347	906531	13189
1348	907878	6615
1349	909226	11765
1350	910575	13509
1351	911925	14664
1352	913276	11612
1353	914628	9502
1354	915981	12735
1355	917335	9540
1356	918690	13959
1357	920046	9855
1358	921403	18488
1359	922761	9227
1360	924120	10821
1361	925480	164131
1362	926841	8115
1363	928203	9598
1364	929566	9335
1365	930930	8149
1366	932295	11648
1367	933661	14892
1368	935028	9216
1369	936396	8262
1370	937765	7473
1371	939135	12941
1372	940506	19331
1373	941878	12737
1374	943251	15490
1375	944625	8448
1376	946000	10699
1377	947376	23956
1378	948753	9885
1379	950131	10804
1380	951510	11693
1381	952890	11580
1382	954271	9430
1383	955653	9209
1384	957036	11593
1385	958420	13523
1386	959805	12421
1387	961191	10414
1388	962578	10830
1389	963966	11135
1390	965355	9893
1391	966745	11224
1392	968136	10874
1393	969528	8060
1394	970921	11793
1395	972315	6771
1396	973710	10012
1397	975106	57899
1398	976503	10766
1399	977901	79515
1400	979300	8931
1401	980700	13059
1402	982101	9067
1403	983503	8436
1404	984906	11271
1405	986310	7973
1406	987715	12397
1407	989121	12766
1408	990528	10844
1409	991936	11807
1410	993345	8562
1411	994755	19034
1412	996166	15022
1413	997578	9522
1414	998991	13360
1415	1000405	33935
1416	1001820	11608
1417	1003236	7103
1418	1004653	8893
1419	1006071	16142
1420	1007490	14595
1421	1008910	10710
1422	1010331	16123
1423	1011753	10681
1424	1013176	9030
1425	1014600	12304
1426	1016025	11918
1427	1017451	11265
1428	1018878	12412
1429	1020306	8367
1430	1021735	7855
1431	1023165	9578
1432	1024596	7331
1433	1026028	10410
1434	1027461	9995
1435	1028895	11097
1436	1030330	11173
1437	1031766	82070
1438	1033203	12837
1439	1034641	169072
1440	1036080	12888
1441	1037520	10675
1442	1038961	7890
1443	1040403	11087
1444	1041846	11958
1445	1043290	11529
1446	1044735	7597
1447	1046181	11829
1448	1047628	38160
1449	1049076	12930
1450	1050525	15674
1451	1051975	13613
1452	1053426	10788
1453	1054878	11964
1454	1056331	147679
1455	1057785	10366
1456	1059240	8834
1457	1060696	10763
1458	1062153	10770
1459	1063611	11637
1460	1065070	10702
1461	1066530	10314
1462	1067991	9741
1463	1069453	11697
1464	1070916	10650
1465	1072380	14846
1466	1073845	10113
1467	1075311	8087
1468	1076778	12402
1469	1078246	12216
1470	1079715	13030
1471	1081185	10034
1472	1082656	11633
1473	1084128	14724
1474	1085601	10780
1475	1087075	12739
1476	1088550	11409
1477	1090026	12103
1478	1091503	13805
1479	1092981	17071
1480	1094460	14879
1481	1095940	10516
1482	1097421	10968
1483	1098903	9907
1484	1100386	14300
1485	1101870	25318
1486	1103355	13250
1487	1104841	12212
1488	1106328	12370
1489	1107816	13165
1490	1109305	12244
1491	1110795	11286
1492	1112286	11735
1493	1113778	9460
1494	1115271	12434
1495	1116765	27646
1496	1118260	14792
1497	1119756	14114
1498	1121253	13797
1499	1122751	9756
1500	1124250	10950
1501	1125750	12174
1502	1127251	9801
1503	1128753	7428
1504	1130256	161805
1505	1131760	10704
1506	1133265	14881
1507	1134771	15486
1508	1136278	13154
1509	1137786	155417
1510	1139295	16673
1511	1140805	11116
1512	1142316	9393
1513	1143828	13207
1514	1145341	13636
1515	1146855	7811
1516	1148370	17903
1517	1149886	12543
1518	1151403	9823
1519	1152921	12703
1520	1154440	12701
1521	1155960	12353
1522	1157481	13150
1523	1159003	14601
1524	1160526	10576
1525	1162050	12186
1526	1163575	9996
1527	1165101	9756
1528	1166628	12816
1529	1168156	10843
1530	1169685	13721
1531	1171215	13990
1532	1172746	10836
1533	1174278	12207
1534	1175811	12943
1535	1177345	15399
1536	1178880	11955
1537	1180416	11196
1538	1181953	10616
1539	1183491	11560
1540	1185030	14071
1541	1186570	10766
1542	1188111	133086
1543	1189653	9738
1544	1191196	12691
1545	1192740	30743
1546	1194285	14395
1547	1195831	9355
1548	1197378	13949
1549	1198926	21003
1550	1200475	128457
1551	1202025	17347
1552	1203576	9028
1553	1205128	9756
1554	1206681	14120
1555	1208235	14105
1556	1209790	11179
1557	1211346	16300
1558	1212903	131658
1559	1214461	16147
1560	1216020	11118
1561	1217580	11890
1562	1219141	15202
1563	1220703	11755
1564	1222266	14107
1565	1223830	9913
1566	1225395	15902
1567	1226961	11713
1568	1228528	14791
1569	1230096	127593
1570	1231665	10931
1571	1233235	9747
1572	1234806	16089
1573	1236378	16836
1574	1237951	8591
1575	1239525	17084
1576	1241100	8671
1577	1242676	11359
1578	1244253	10468
1579	1245831	10466
1580	1247410	14411
1581	1248990	10217
1582	1250571	9692
1583	1252153	18527
1584	1253736	10274
1585	1255320	13319
1586	1256905	42133
1587	1258491	13717
1588	1260078	11161
1589	1261666	9983
1590	1263255	14749
1591	1264845	18111
1592	1266436	21042
1593	1268028	13706
1594	1269621	169135
1595	1271215	13889
1596	1272810	20235
1597	1274406	15696
1598	1276003	12533
1599	1277601	11847
1600	1279200	11144
1601	1280800	9047
1602	1282401	11184
1603	1284003	12391
1604	1285606	54994
1605	1287210	15438
1606	1288815	13405
1607	1290421	162072
1608	1292028	11379
1609	1293636	7952
1610	1295245	9704
1611	1296855	9250
1612	1298466	9936
1613	1300078	14993
1614	1301691	11348
1615	1303305	12273
1616	1304920	10830
1617	1306536	10893
1618	1308153	11254
1619	1309771	11105
1620	1311390	8032
1621	1313010	13539
1622	1314631	15140
1623	1316253	12154
1624	1317876	17616
1625	1319500	23323
1626	1321125	16628
1627	1322751	18552
1628	1324378	17456
1629	1326006	12066
1630	1327635	17061
1631	1329265	27685
1632	1330896	167709
1633	1332528	14160
1634	1334161	14090
1635	1335795	14998
1636	1337430	11898
1637	1339066	12316
1638	1340703	12850
1639	1342341	16392
1640	1343980	11448
1641	1345620	11485
1642	1347261	13776
1643	1348903	11219
1644	1350546	12240
1645	1352190	11757
1646	1353835	12028
1647	1355481	69854
1648	1357128	13486
1649	1358776	14185
1650	1360425	11475
1651	1362075	12760
1652	1363726	9758
1653	1365378	13666
1654	1367031	11822
1655	1368685	13473
1656	1370340	10426
1657	1371996	9204
1658	1373653	18870
1659	1375311	16605
1660	1376970	10839
1661	1378630	15305
1662	1380291	16981
1663	1381953	10728
1664	1383616	11629
1665	1385280	12643
1666	1386945	19110
1667	1388611	15237
1668	1390278	12986
1669	1391946	13682
1670	1393615	10349
1671	1395285	17350
1672	1396956	19957
1673	1398628	12745
1674	1400301	12837
1675	1401975	178187
1676	1403650	12856
1677	1405326	14972
1678	1407003	17227
1679	1408681	19063
1680	1410360	9661
1681	1412040	14194
1682	1413721	52360
1683	1415403	13188
1684	1417086	12433
1685	1418770	18534
1686	1420455	16133
1687	1422141	61920
1688	1423828	11311
1689	1425516	14338
1690	1427205	16544
1691	1428895	17963
1692	1430586	9461
1693	1432278	21151
1694	1433971	16132
1695	1435665	12843
1696	1437360	10978
1697	1439056	11695
1698	1440753	11090
1699	1442451	13399
1700	1444150	13101
1701	1445850	14274
1702	1447551	10928
1703	1449253	18338
1704	1450956	10327
1705	1452660	11400
1706	1454365	13616
1707	1456071	19000
1708	1457778	13635
1709	1459486	21867
1710	1461195	13610
1711	1462905	30319
1712	1464616	39334
1713	1466328	9416
1714	1468041	15030
1715	1469755	11120
1716	1471470	11299
1717	1473186	17728
1718	1474903	19576
1719	1476621	139406
1720	1478340	21027
1721	1480060	16643
1722	1481781	17689
1723	1483503	11400
1724	1485226	14067
1725	1486950	45429
1726	1488675	16260
1727	1490401	20371
1728	1492128	12871
1729	1493856	17373
1730	1495585	120072
1731	1497315	15322
1732	1499046	20109
1733	1500778	16413
1734	1502511	12688
1735	1504245	12095
1736	1505980	17267
1737	1507716	19070
1738	1509453	19944
1739	1511191	12647
1740	1512930	18536
1741	1514670	12336
1742	1516411	18929
1743	1518153	20633
1744	1519896	19934
1745	1521640	10994
1746	1523385	66940
1747	1525131	11793
1748	1526878	19367
1749	1528626	17801
1750	1530375	23791
1751	1532125	10637
1752	1533876	25109
1753	1535628	12097
1754	1537381	17385
1755	1539135	17536
1756	1540890	20339
1757	1542646	14433
1758	1544403	11836
1759	1546161	19356
1760	1547920	17495
1761	1549680	10698
1762	1551441	12241
1763	1553203	19798
1764	1554966	11313
1765	1556730	14088
1766	1558495	14406
1767	1560261	8769
1768	1562028	10600
1769	1563796	20314
1770	1565565	23169
1771	1567335	18800
1772	1569106	19647
1773	1570878	14832
1774	1572651	115837
1775	1574425	63973
1776	1576200	28214
1777	1577976	36160
1778	1579753	17048
1779	1581531	12676
1780	1583310	14387
1781	1585090	13704
1782	1586871	24252
1783	1588653	20576
1784	1590436	82635
1785	1592220	15750
1786	1594005	11094
1787	1595791	21076
1788	1597578	25007
1789	1599366	11847
1790	1601155	10437
1791	1602945	12014
1792	1604736	25797
1793	1606528	14450
1794	1608321	13549
1795	1610115	13103
1796	1611910	10503
1797	1613706	12268
1798	1615503	13189
1799	1617301	151847
1800	1619100	15462
1801	1620900	13702
1802	1622701	38695
1803	1624503	54014
1804	1626306	15105
1805	1628110	15613
1806	1629915	14559
1807	1631721	10505
1808	1633528	10804
1809	1635336	13598
1810	1637145	14248
1811	1638955	13940
1812	1640766	13938
1813	1642578	10135
1814	1644391	15313
1815	1646205	36270
1816	1648020	13709
1817	1649836	12271
1818	1651653	15392
1819	1653471	20034
1820	1655290	14886
1821	1657110	15644
1822	1658931	14110
1823	1660753	13837
1824	1662576	107422
1825	1664400	15062
1826	1666225	13758
1827	1668051	11171
1828	1669878	14310
1829	1671706	18022
1830	1673535	15369
1831	1675365	46954
1832	1677196	173417
1833	1679028	15135
1834	1680861	10705
1835	1682695	14466
1836	1684530	18378
1837	1686366	146169
1838	1688203	13653
1839	1690041	14413
1840	1691880	14077
1841	1693720	15048
1842	1695561	15247
1843	1697403	26414
1844	1699246	13772
1845	1701090	15955
1846	1702935	114169
1847	1704781	15117
1848	1706628	15269
1849	1708476	11539
1850	1710325	33160
1851	1712175	47496
1852	1714026	10669
1853	1715878	10685
1854	1717731	16074
1855	1719585	15690
1856	1721440	165043
1857	1723296	15212
1858	1725153	14260
1859	1727011	13943
1860	1728870	155992
1861	1730730	14067
1862	1732591	13321
1863	1734453	11420
1864	1736316	12063
1865	1738180	14329
1866	1740045	17159
1867	1741911	28035
1868	1743778	19020
1869	1745646	15671
1870	1747515	16113
1871	1749385	18768
1872	1751256	13816
1873	1753128	11154
1874	1755001	44187
1875	1756875	15564
1876	1758750	12366
1877	1760626	13026
1878	1762503	17007
1879	1764381	14953
1880	1766260	14084
1881	1768140	168298
1882	1770021	18275
1883	1771903	15313
1884	1773786	16914
1885	1775670	93575
1886	1777555	19319
1887	1779441	16589
1888	1781328	98385
1889	1783216	15524
1890	1785105	14680
1891	1786995	15794
1892	1788886	17249
1893	1790778	14785
1894	1792671	14723
1895	1794565	12330
1896	1796460	14999
1897	1798356	14373
1898	1800253	55156
1899	1802151	16221
1900	1804050	16605
1901	1805950	16658
1902	1807851	17243
1903	1809753	14387
1904	1811656	11556
1905	1813560	178390
1906	1815465	18947
1907	1817371	96781
1908	1819278	12313
1909	1821186	46212
1910	1823095	14765
1911	1825005	17856
1912	1826916	44722
1913	1828828	135931
1914	1830741	14875
1915	1832655	12709
1916	1834570	17388
1917	1836486	15719
1918	1838403	15331
1919	1840321	12223
1920	1842240	12455
1921	1844160	16809
1922	1846081	17014
1923	1848003	12153
1924	1849926	15292
1925	1851850	20061
1926	1853775	14962
1927	1855701	31258
1928	1857628	79020
1929	1859556	16564
1930	1861485	15929
1931	1863415	94217
1932	1865346	14912
1933	1867278	14132
1934	1869211	12161
1935	1871145	18364
1936	1873080	14310
1937	1875016	15617
1938	1876953	15435
1939	1878891	18556
1940	1880830	19892
1941	1882770	16871
1942	1884711	13084
1943	1886653	49803
1944	1888596	100807
1945	1890540	15627
1946	1892485	119691
1947	1894431	12619
1948	1896378	17083
1949	1898326	14700
1950	1900275	14242
1951	1902225	18383
1952	1904176	19142
1953	1906128	14165
1954	1908081	51104
1955	1910035	88800
1956	1911990	17132
1957	1913946	13897
1958	1915903	11206
1959	1917861	146403
1960	1919820	71378
1961	1921780	15883
1962	1923741	14925
1963	1925703	126917
1964	1927666	12448
1965	1929630	14437
1966	1931595	16089
1967	1933561	18320
1968	1935528	17868
1969	1937496	17586
1970	1939465	11964
1971	1941435	12037
1972	1943406	17345
1973	1945378	15015
1974	1947351	15065
1975	1949325	14959
1976	1951300	17723
1977	1953276	13057
1978	1955253	11540
1979	1957231	57030
1980	1959210	14677
1981	1961190	12804
1982	1963171	11914
1983	1965153	18144
1984	1967136	14962
1985	1969120	15165
1986	1971105	16694
1987	1973091	13375
1988	1975078	14519
1989	1977066	51034
1990	1979055	163479
1991	1981045	17044
1992	1983036	180099
1993	1985028	14950
1994	1987021	19637
1995	1989015	15237
1996	1991010	15259
1997	1993006	16466
1998	1995003	20244
1999	1997001	16654
2000	1999000	16122
2001	2001000	11611
2002	2003001	31576
2003	2005003	14606
2004	2007006	12203
2005	2009010	17534
2006	2011015	16044
2007	2013021	21515
2008	2015028	15802
2009	2017036	15119
2010	2019045	14925
2011	2021055	15823
2012	2023066	18455
2013	2025078	16546
2014	2027091	12602
2015	2029105	11995
2016	2031120	52508
2017	2033136	15170
2018	2035153	17118
2019	2037171	182051
2020	2039190	78212
2021	2041210	13606
2022	2043231	70882
2023	2045253	16712
2024	2047276	15119
2025	2049300	14180
2026	2051325	14753
2027	2053351	19162
2028	2055378	45561
2029	2057406	14687
2030	2059435	17378
2031	2061465	13427
2032	2063496	15631
2033	2065528	16048
2034	2067561	41328
2035	2069595	15904
2036	2071630	15914
2037	2073666	15399
2038	2075703	14838
2039	2077741	11572
2040	2079780	17547
2041	2081820	17899
2042	2083861	17348
2043	2085903	15649
2044	2087946	18121
2045	2089990	11749
2046	2092035	17606
2047	2094081	16118
2048	2096128	13090
2049	2098176	15938
2050	2100225	15076
2051	2102275	27361
2052	2104326	15963
2053	2106378	17175
2054	2108431	19035
2055	2110485	15488
2056	2112540	160106
2057	2114596	15117
2058	2116653	11565
2059	2118711	16933
2060	2120770	14758
2061	2122830	38830
2062	2124891	10545
2063	2126953	14651
2064	2129016	10410
2065	2131080	16501
2066	2133145	15745
2067	2135211	15346
2068	2137278	14285
2069	2139346	145869
2070	2141415	22315
2071	2143485	16940
2072	2145556	17280
2073	2147628	16713
2074	2149701	13748
2075	2151775	17648
2076	2153850	129215
2077	2155926	10540
2078	2158003	18957
2079	2160081	23396
2080	2162160	21518
2081	2164240	16050
2082	2166321	14842
2083	2168403	15413
2084	2170486	16054
2085	2172570	15155
2086	2174655	14605
2087	2176741	15317
2088	2178828	14144
2089	2180916	15951
2090	2183005	14763
2091	2185095	14076
2092	2187186	17421
2093	2189278	161997
2094	2191371	15289
2095	2193465	14390
2096	2195560	20464
2097	2197656	33323
2098	2199753	15582
2099	2201851	13670
2100	2203950	11250
2101	2206050	16677
2102	2208151	15334
2103	2210253	16057
2104	2212356	15523
2105	2214460	15715
2106	2216565	27151
2107	2218671	16038
2108	2220778	22125
2109	2222886	15803
2110	2224995	15881
2111	2227105	51203
2112	2229216	13809
2113	2231328	13677
2114	2233441	19060
2115	2235555	17370
2116	2237670	20399
2117	2239786	24951
2118	2241903	13564
2119	2244021	15356
2120	2246140	25290
2121	2248260	13306
2122	2250381	13915
2123	2252503	16874
2124	2254626	27509
2125	2256750	163698
2126	2258875	190958
2127	2261001	24231
2128	2263128	26712
2129	2265256	24338
2130	2267385	14563
2131	2269515	18001
2132	2271646	79600
2133	2273778	29738
2134	2275911	175135
2135	2278045	13758
2136	2280180	18952
2137	2282316	13613
2138	2284453	17725
2139	2286591	23439
2140	2288730	13912
2141	2290870	16169
2142	2293011	14658
2143	2295153	16540
2144	2297296	117119
2145	2299440	12793
2146	2301585	15241
2147	2303731	206398
2148	2305878	161344
2149	2308026	25146
2150	2310175	18871
2151	2312325	14178
2152	2314476	24881
2153	2316628	25516
2154	2318781	24585
2155	2320935	11032
2156	2323090	15675
2157	2325246	16138
2158	2327403	11310
2159	2329561	218959
2160	2331720	17065
2161	2333880	25207
2162	2336041	25544
2163	2338203	14706
2164	2340366	15155
2165	2342530	23546
2166	2344695	14055
2167	2346861	17367
2168	2349028	17020
2169	2351196	26220
2170	2353365	101363
2171	2355535	22970
2172	2357706	23129
2173	2359878	23697
2174	2362051	24088
2175	2364225	38386
2176	2366400	16096
2177	2368576	16036
2178	2370753	29712
2179	2372931	28656
2180	2375110	14908
2181	2377290	15851
2182	2379471	16460
2183	2381653	23740
2184	2383836	25436
2185	2386020	25477
2186	2388205	143852
2187	2390391	25488
2188	2392578	22750
2189	2394766	25258
2190	2396955	25475
2191	2399145	186460
2192	2401336	24704
2193	2403528	24693
2194	2405721	26091
2195	2407915	16572
2196	2410110	21945
2197	2412306	51610
2198	2414503	26236
2199	2416701	15449
2200	2418900	16815
2201	2421100	32376
2202	2423301	16872
2203	2425503	14272
2204	2427706	16099
2205	2429910	17119
2206	2432115	14446
2207	2434321	137449
2208	2436528	95074
2209	2438736	22652
2210	2440945	15619
2211	2443155	16632
2212	2445366	116885
2213	2447578	16956
2214	2449791	16300
2215	2452005	24224
2216	2454220	25043
2217	2456436	19958
2218	2458653	23240
2219	2460871	15575
2220	2463090	18009
2221	2465310	28186
2222	2467531	16431
2223	2469753	24850
2224	2471976	13401
2225	2474200	24406
2226	2476425	174816
2227	2478651	20562
2228	2480878	22772
2229	2483106	15679
2230	2485335	15458
2231	2487565	13490
2232	2489796	19084
2233	2492028	17902
2234	2494261	30992
2235	2496495	16721
2236	2498730	17746
2237	2500966	14113
2238	2503203	30634
2239	2505441	25342
2240	2507680	23593
2241	2509920	51721
2242	2512161	15684
2243	2514403	24969
2244	2516646	18094
2245	2518890	27299
2246	2521135	25188
2247	2523381	15344
2248	2525628	125127
2249	2527876	25556
2250	2530125	129839
2251	2532375	125886
2252	2534626	69486
2253	2536878	26952
2254	2539131	25366
2255	2541385	27848
2256	2543640	17267
2257	2545896	46988
2258	2548153	24680
2259	2550411	14533
2260	2552670	14610
2261	2554930	22777
2262	2557191	18065
2263	2559453	17059
2264	2561716	16803
2265	2563980	23555
2266	2566245	15029
2267	2568511	16912
2268	2570778	23232
2269	2573046	16301
2270	2575315	23340
2271	2577585	24568
2272	2579856	24008
2273	2582128	14691
2274	2584401	17569
2275	2586675	17855
2276	2588950	17480
2277	2591226	24028
2278	2593503	24046
2279	2595781	177391
2280	2598060	27573
2281	2600340	165780
2282	2602621	17526
2283	2604903	15778
2284	2607186	31562
2285	2609470	21754
2286	2611755	15035
2287	2614041	71744
2288	2616328	19599
2289	2618616	20388
2290	2620905	24667
2291	2623195	25251
2292	2625486	28926
2293	2627778	29363
2294	2630071	17627
2295	2632365	20124
2296	2634660	14765
2297	2636956	15453
2298	2639253	22771
2299	2641551	23907
2300	2643850	13427
2301	2646150	85804
2302	2648451	130914
2303	2650753	24954
2304	2653056	11569
2305	2655360	21138
2306	2657665	149055
2307	2659971	15970
2308	2662278	124609
2309	2664586	22789
2310	2666895	21347
2311	2669205	19457
2312	2671516	33804
2313	2673828	23939
2314	2676141	94151
2315	2678455	22551
2316	2680770	17766
2317	2683086	24037
2318	2685403	18621
2319	2687721	15879
2320	2690040	16236
2321	2692360	18557
2322	2694681	16868
2323	2697003	15738
2324	2699326	17989
2325	2701650	25425
2326	2703975	24826
2327	2706301	15341
2328	2708628	20768
2329	2710956	20420
2330	2713285	16353
2331	2715615	15715
2332	2717946	17392
2333	2720278	16317
2334	2722611	15920
2335	2724945	15976
2336	2727280	22515
2337	2729616	23591
2338	2731953	14248
2339	2734291	24828
2340	2736630	23955
2341	2738970	24491
2342	2741311	17400
2343	2743653	15237
2344	2745996	154982
2345	2748340	23754
2346	2750685	22419
2347	2753031	56356
2348	2755378	151791
2349	2757726	15548
2350	2760075	23021
2351	2762425	23617
2352	2764776	25115
2353	2767128	20884
2354	2769481	20264
2355	2771835	15622
2356	2774190	18700
2357	2776546	17880
2358	2778903	119999
2359	2781261	21939
2360	2783620	22096
2361	2785980	22901
2362	2788341	26592
2363	2790703	185992
2364	2793066	28631
2365	2795430	134282
2366	2797795	17423
2367	2800161	24014
2368	2802528	24164
2369	2804896	22520
2370	2807265	25165
2371	2809635	24621
2372	2812006	17453
2373	2814378	15460
2374	2816751	25200
2375	2819125	27860
2376	2821500	124042
2377	2823876	30721
2378	2826253	17790
2379	2828631	21156
2380	2831010	30148
2381	2833390	119416
2382	2835771	16078
2383	2838153	17332
2384	2840536	19467
2385	2842920	20931
2386	2845305	17401
2387	2847691	17185
2388	2850078	19061
2389	2852466	18218
2390	2854855	17855
2391	2857245	16078
2392	2859636	115772
2393	2862028	20046
2394	2864421	24478
2395	2866815	27374
2396	2869210	181080
2397	2871606	27275
2398	2874003	21105
2399	2876401	25969
2400	2878800	15333
2401	2881200	17983
2402	2883601	20722
2403	2886003	15424
2404	2888406	30886
2405	2890810	231023
2406	2893215	17386
2407	2895621	97662
2408	2898028	15994
2409	2900436	40189
2410	2902845	19800
2411	2905255	176212
2412	2907666	22157
2413	2910078	167425
2414	2912491	137024
2415	2914905	17957
2416	2917320	21931
2417	2919736	15143
2418	2922153	24970
2419	2924571	18666
2420	2926990	20695
2421	2929410	18185
2422	2931831	31047
2423	2934253	20370
2424	2936676	26447
2425	2939100	19152
2426	2941525	26424
2427	2943951	14294
2428	2946378	18165
2429	2948806	21049
2430	2951235	14408
2431	2953665	21628
2432	2956096	18240
2433	2958528	63801
2434	2960961	17028
2435	2963395	20310
2436	2965830	18750
2437	2968266	20077
2438	2970703	17991
2439	2973141	22686
2440	2975580	17242
2441	2978020	22161
2442	2980461	122036
2443	2982903	17858
2444	2985346	13184
2445	2987790	23269
2446	2990235	20337
2447	2992681	88255
2448	2995128	22003
2449	2997576	22543
2450	3000025	152197
2451	3002475	69276
2452	3004926	43330
2453	3007378	25805
2454	3009831	19355
2455	3012285	19021
2456	3014740	146800
2457	3017196	22175
2458	3019653	22087
2459	3022111	16024
2460	3024570	16459
2461	3027030	27504
2462	3029491	19410
2463	3031953	68933
2464	3034416	19494
2465	3036880	16984
2466	3039345	19413
2467	3041811	20026
2468	3044278	159436
2469	3046746	19571
2470	3049215	74644
2471	3051685	23563
2472	3054156	22388
2473	3056628	19055
2474	3059101	18965
2475	3061575	48884
2476	3064050	24390
2477	3066526	13916
2478	3069003	18426
2479	3071481	14974
2480	3073960	20117
2481	3076440	18684
2482	3078921	143044
2483	3081403	25265
2484	3083886	24335
2485	3086370	16638
2486	3088855	136987
2487	3091341	21747
2488	3093828	18028
2489	3096316	18606
2490	3098805	19545
2491	3101295	22065
2492	3103786	20819
2493	3106278	19162
2494	3108771	82421
2495	3111265	147263
2496	3113760	12378
2497	3116256	15048
2498	3118753	14698
2499	3121251	25842
2500	3123750	132668
2501	3126250	27040
2502	3128751	18383
2503	3131253	24195
2504	3133756	21632
2505	3136260	18394
2506	3138765	29961
2507	3141271	45041
2508	3143778	20203
2509	3146286	54964
2510	3148795	19217
2511	3151305	19740
2512	3153816	74731
2513	3156328	21494
2514	3158841	45316
2515	3161355	19238
2516	3163870	21074
2517	3166386	27503
2518	3168903	16819
2519	3171421	22057
2520	3173940	22510
2521	3176460	37277
2522	3178981	19969
2523	3181503	19262
2524	3184026	19863
2525	3186550	20793
2526	3189075	183458
2527	3191601	34006
2528	3194128	26891
2529	3196656	23589
2530	3199185	17860
2531	3201715	45827
2532	3204246	36844
2533	3206778	27060
2534	3209311	22534
2535	3211845	22400
2536	3214380	24922
2537	3216916	18852
2538	3219453	15390
2539	3221991	18029
2540	3224530	134131
2541	3227070	165130
2542	3229611	17528
2543	3232153	23915
2544	3234696	16033
2545	3237240	21570
2546	3239785	19712
2547	3242331	17414
2548	3244878	23576
2549	3247426	17350
2550	3249975	21582
2551	3252525	177554
2552	3255076	21207
2553	3257628	21804
2554	3260181	27983
2555	3262735	21419
2556	3265290	25384
2557	3267846	15962
2558	3270403	17218
2559	3272961	96409
2560	3275520	22432
2561	3278080	25726
2562	3280641	50032
2563	3283203	18667
2564	3285766	17408
2565	3288330	16224
2566	3290895	16341
2567	3293461	20400
2568	3296028	19533
2569	3298596	28387
2570	3301165	27311
2571	3303735	27795
2572	3306306	262593
2573	3308878	24299
2574	3311451	15007
2575	3314025	33504
2576	3316600	29382
2577	3319176	18008
2578	3321753	20830
2579	3324331	179600
2580	3326910	21728
2581	3329490	18566
2582	3332071	71409
2583	3334653	17763
2584	3337236	21928
2585	3339820	18012
2586	3342405	61640
2587	3344991	28213
2588	3347578	28873
2589	3350166	25218
2590	3352755	27304
2591	3355345	29217
2592	3357936	13230
2593	3360528	28939
2594	3363121	25969
2595	3365715	23320
2596	3368310	80331
2597	3370906	20931
2598	3373503	30448
2599	3376101	30396
2600	3378700	29195
2601	3381300	17693
2602	3383901	22435
2603	3386503	26135
2604	3389106	19913
2605	3391710	14150
2606	3394315	21610
2607	3396921	18370
2608	3399528	20020
2609	3402136	29267
2610	3404745	15573
2611	3407355	20777
2612	3409966	22251
2613	3412578	26852
2614	3415191	34342
2615	3417805	22406
2616	3420420	29507
2617	3423036	23996
2618	3425653	29213
2619	3428271	22037
2620	3430890	22096
2621	3433510	30391
2622	3436131	19568
2623	3438753	61439
2624	3441376	17626
2625	3444000	25966
2626	3446625	29055
2627	3449251	26776
2628	3451878	17823
2629	3454506	26397
2630	3457135	51700
2631	3459765	21487
2632	3462396	21483
2633	3465028	13661
2634	3467661	19664
2635	3470295	21388
2636	3472930	18350
2637	3475566	27179
2638	3478203	20145
2639	3480841	16298
2640	3483480	26697
2641	3486120	199450
2642	3488761	17890
2643	3491403	21023
2644	3494046	27672
2645	3496690	26547
2646	3499335	26154
2647	3501981	21438
2648	3504628	15842
2649	3507276	33968
2650	3509925	22186
2651	3512575	148734
2652	3515226	193006
2653	3517878	132746
2654	3520531	152817
2655	3523185	27199
2656	3525840	21415
2657	3528496	29549
2658	3531153	18219
2659	3533811	20011
2660	3536470	28377
2661	3539130	17887
2662	3541791	194004
2663	3544453	24238
2664	3547116	17038
2665	3549780	23891
2666	3552445	1805971
2667	3555111	48776
2668	3557778	32472
2669	3560446	178022
2670	3563115	64720
2671	3565785	21679
2672	3568456	24277
2673	3571128	244394
2674	3573801	22422
2675	3576475	125887
2676	3579150	226794
2677	3581826	31692
2678	3584503	43808
2679	3587181	18622
2680	3589860	94249
2681	3592540	43384
2682	3595221	18290
2683	3597903	25630
2684	3600586	30115
2685	3603270	28061
2686	3605955	28566
2687	3608641	24520
2688	3611328	208357
2689	3614016	44842
2690	3616705	184962
2691	3619395	19165
2692	3622086	188473
2693	3624778	20271
2694	3627471	23862
2695	3630165	21288
2696	3632860	15297
2697	3635556	20303
2698	3638253	88689
2699	3640951	21874
2700	3643650	21631
2701	3646350	20240
2702	3649051	27940
2703	3651753	18814
2704	3654456	51930
2705	3657160	51838
2706	3659865	38065
2707	3662571	158066
2708	3665278	18400
2709	3667986	29801
2710	3670695	30000
2711	3673405	66469
2712	3676116	115254
2713	3678828	194513
2714	3681541	93063
2715	3684255	18388
2716	3686970	21249
2717	3689686	40185
2718	3692403	21807
2719	3695121	164904
2720	3697840	34485
2721	3700560	93935
2722	3703281	26578
2723	3706003	19120
2724	3708726	66845
2725	3711450	21288
2726	3714175	22205
2727	3716901	175355
2728	3719628	82167
2729	3722356	30398
2730	3725085	155788
2731	3727815	172356
2732	3730546	22727
2733	3733278	22185
2734	3736011	21159
2735	3738745	22359
2736	3741480	34379
2737	3744216	25068
2738	3746953	185488
2739	3749691	37963
2740	3752430	24356
2741	3755170	127759
2742	3757911	22777
2743	3760653	111332
2744	3763396	21791
2745	3766140	141495
2746	3768885	33465
2747	3771631	227066
2748	3774378	18347
2749	3777126	20882
2750	3779875	159664
2751	3782625	161342
2752	3785376	21557
2753	3788128	24835
2754	3790881	20863
2755	3793635	23506
2756	3796390	68137
2757	3799146	27945
2758	3801903	24021
2759	3804661	94392
2760	3807420	64723
2761	3810180	25287
2762	3812941	56059
2763	3815703	23263
2764	3818466	37723
2765	3821230	26089
2766	3823995	66099
2767	3826761	47244
2768	3829528	33058
2769	3832296	20858
2770	3835065	125340
2771	3837835	117277
2772	3840606	18536
2773	3843378	28142
2774	3846151	21132
2775	3848925	38428
2776	3851700	32414
2777	3854476	25861
2778	3857253	25316
2779	3860031	22334
2780	3862810	21665
2781	3865590	17101
2782	3868371	24603
2783	3871153	247947
2784	3873936	23541
2785	3876720	27370
2786	3879505	252423
2787	3882291	25281
2788	3885078	20985
2789	3887866	107272
2790	3890655	24416
2791	3893445	23024
2792	3896236	183038
2793	3899028	23094
2794	3901821	21998
2795	3904615	21052
2796	3907410	23220
2797	3910206	18668
2798	3913003	23185
2799	3915801	26090
2800	3918600	23705
2801	3921400	209315
2802	3924201	22359
2803	3927003	23499
2804	3929806	21179
2805	3932610	21936
2806	3935415	86006
2807	3938221	22186
2808	3941028	24184
2809	3943836	110218
2810	3946645	23694
2811	3949455	88076
2812	3952266	22230
2813	3955078	22996
2814	3957891	23380
2815	3960705	23617
2816	3963520	55168
2817	3966336	116391
2818	3969153	24430
2819	3971971	1545006
2820	3974790	93098
2821	3977610	96028
2822	3980431	20286
2823	3983253	177313
2824	3986076	30363
2825	3988900	25609
2826	3991725	21952
2827	3994551	39351
2828	3997378	56838
2829	4000206	82490
2830	4003035	66854
2831	4005865	25742
2832	4008696	121363
2833	4011528	81673
2834	4014361	24865
2835	4017195	24824
2836	4020030	24933
2837	4022866	633815
2838	4025703	94305
2839	4028541	22647
2840	4031380	30880
2841	4034220	26780
2842	4037061	67101
2843	4039903	23384
2844	4042746	211712
2845	4045590	104623
2846	4048435	27834
2847	4051281	17894
2848	4054128	36128
2849	4056976	62867
2850	4059825	39920
2851	4062675	17946
2852	4065526	17186
2853	4068378	24806
2854	4071231	21102
2855	4074085	23479
2856	4076940	225813
2857	4079796	41682
2858	4082653	46060
2859	4085511	18804
2860	4088370	26408
2861	4091230	18067
2862	4094091	22140
2863	4096953	23873
2864	4099816	22128
2865	4102680	70890
2866	4105545	102727
2867	4108411	17492
2868	4111278	148545
2869	4114146	18840
2870	4117015	17759
2871	4119885	45290
2872	4122756	58033
2873	4125628	56258
2874	4128501	99237
2875	4131375	66801
2876	4134250	676246
2877	4137126	75611
2878	4140003	21022
2879	4142881	70221
2880	4145760	108440
2881	4148640	88186
2882	4151521	38881
2883	4154403	37061
2884	4157286	82625
2885	4160170	119542
2886	4163055	23654
2887	4165941	93607
2888	4168828	22883
2889	4171716	2797534
2890	4174605	77448
2891	4177495	200943
2892	4180386	366798
2893	4183278	75734
2894	4186171	23336
2895	4189065	22630
2896	4191960	23486
2897	4194856	17079
2898	4197753	173504
2899	4200651	23945
2900	4203550	67375
2901	4206450	114060
2902	4209351	58389
2903	4212253	23110
2904	4215156	28314
2905	4218060	24732
2906	4220965	59579
2907	4223871	22037
2908	4226778	18656
2909	4229686	62448
2910	4232595	23340
2911	4235505	50149
2912	4238416	17756
2913	4241328	18074
2914	4244241	30203
2915	4247155	34267
2916	4250070	24008
2917	4252986	30236
2918	4255903	18870
2919	4258821	23895
2920	4261740	19814
2921	4264660	128286
2922	4267581	58892
2923	4270503	163949
2924	4273426	25921
2925	4276350	45660
2926	4279275	67864
2927	4282201	207811
2928	4285128	22205
2929	4288056	21831
2930	4290985	1551595
2931	4293915	30957
2932	4296846	24618
2933	4299778	31294
2934	4302711	45718
2935	4305645	25002
2936	4308580	28959
2937	4311516	23303
2938	4314453	18320
2939	4317391	24730
2940	4320330	20818
2941	4323270	18569
2942	4326211	46816
2943	4329153	25792
2944	4332096	26187
2945	4335040	110961
2946	4337985	27140
2947	4340931	150301
2948	4343878	19129
2949	4346826	20048
2950	4349775	25831
2951	4352725	38778
2952	4355676	79220
2953	4358628	18091
2954	4361581	24147
2955	4364535	36616
2956	4367490	18848
2957	4370446	22770
2958	4373403	20511
2959	4376361	19168
2960	4379320	24072
2961	4382280	23920
2962	4385241	23791
2963	4388203	17816
2964	4391166	22766
2965	4394130	28022
2966	4397095	27256
2967	4400061	28963
2968	4403028	82881
2969	4405996	45125
2970	4408965	31363
2971	4411935	41989
2972	4414906	83098
2973	4417878	44777
2974	4420851	19095
2975	4423825	81089
2976	4426800	24515
2977	4429776	18364
2978	4432753	81976
2979	4435731	17552
2980	4438710	24313
2981	4441690	20037
2982	4444671	25933
2983	4447653	36946
2984	4450636	24581
2985	4453620	26899
2986	4456605	25980
2987	4459591	20924
2988	4462578	37057
2989	4465566	26775
2990	4468555	24248
2991	4471545	28636
2992	4474536	23072
2993	4477528	41046
2994	4480521	84466
2995	4483515	29804
2996	4486510	28184
2997	4489506	23970
2998	4492503	26508
2999	4495501	24796
3000	4498500	24967
