100	4950	239
101	5050	8471
102	5151	512
103	5253	2278
104	5356	348
105	5460	416
106	5565	657
107	5671	745
108	5778	1141
109	5886	1090
110	5995	2285
111	6105	2631
112	6216	1441
113	6328	4218
114	6441	1121
115	6555	1059
116	6670	379
117	6786	1166
118	6903	1119
119	7021	1152
120	7140	1049
121	7260	1278
122	7381	524
123	7503	24555
124	7626	2399
125	7750	426
126	7875	1187
127	8001	620
128	8128	1089
129	8256	1186
130	8385	436
131	8515	1334
132	8646	1405
133	8778	1182
134	8911	933
135	9045	1238
136	9180	1305
137	9316	846
138	9453	824
139	9591	682
140	9730	669
141	9870	704
142	10011	595
143	10153	584
144	10296	1500
145	10440	1875
146	10585	630
147	10731	700
148	10878	497
149	11026	541
150	11175	1839
151	11325	921
152	11476	917
153	11628	746
154	11781	633
155	11935	895
156	12090	4123
157	12246	473
158	12403	471
159	12561	515
160	12720	1182
161	12880	1834
162	13041	374
163	13203	879
164	13366	1961
165	13530	18793
166	13695	413
167	13861	474
168	14028	655
169	14196	787
170	14365	424
171	14535	16271
172	14706	1912
173	14878	658
174	15051	816
175	15225	2095
176	15400	841
177	15576	100217
178	15753	993
179	15931	736
180	16110	696
181	16290	1015
182	16471	1399
183	16653	515
184	16836	1807
185	17020	520
186	17205	1053
187	17391	919
188	17578	606
189	17766	1238
190	17955	1576
191	18145	1821
192	18336	5865
193	18528	2152
194	18721	2144
195	18915	1907
196	19110	623
197	19306	576
198	19503	870
199	19701	769
200	19900	1936
201	20100	691
202	20301	664
203	20503	7573
204	20706	1011
205	20910	668
206	21115	621
207	21321	616
208	21528	122127
209	21736	1892
210	21945	1045
211	22155	1065
212	22366	272388
213	22578	377
214	22791	981
215	23005	1788
216	23220	2059
217	23436	739
218	23653	2278
219	23871	1113
220	24090	1791
221	24310	740
222	24531	1186
223	24753	1048
224	24976	1042
225	25200	1221
226	25425	1172
227	25651	1697
228	25878	1190
229	26106	843
230	26335	2817
231	26565	1183
232	26796	1304
233	27028	771
234	27261	827
235	27495	2740
236	27730	1435
237	27966	1654
238	28203	1132
239	28441	1353
240	28680	4198
241	28920	420
242	29161	939
243	29403	1006
244	29646	1482
245	29890	1113
246	30135	1349
247	30381	673
248	30628	1222
249	30876	1686
250	31125	1970
251	31375	1839
252	31626	1738
253	31878	1707
254	32131	690
255	32385	1269
256	32640	812
257	32896	650
258	33153	659
259	33411	2485
260	33670	1220
261	33930	2219
262	34191	1083
263	34453	689
264	34716	1113
265	34980	1026
266	35245	2095
267	35511	1860
268	35778	1023
269	36046	1166
270	36315	3644
271	36585	10854
272	36856	1288
273	37128	897
274	37401	1273
275	37675	1234
276	37950	3068
277	38226	2394
278	38503	1302
279	38781	1298
280	39060	877
281	39340	1206
282	39621	1284
283	39903	1721
284	40186	2077
285	40470	923
286	40755	2863
287	41041	2468
288	41328	1260
289	41616	1805
290	41905	1691
291	42195	1112
292	42486	1287
293	42778	254669
294	43071	1686
295	43365	1578
296	43660	1278
297	43956	5583
298	44253	963
299	44551	1103
300	44850	1649
301	45150	75322
302	45451	1451
303	45753	1068
304	46056	1450
305	46360	1534
306	46665	1035
307	46971	1265
308	47278	1030
309	47586	1114
310	47895	1959
311	48205	164915
312	48516	2250
313	48828	1429
314	49141	2150
315	49455	1107
316	49770	1028
317	50086	1409
318	50403	1134
319	50721	1113
320	51040	1759
321	51360	34976
322	51681	1538
323	52003	1675
324	52326	1404
325	52650	1606
326	52975	773
327	53301	1919
328	53628	1145
329	53956	1420
330	54285	1214
331	54615	1253
332	54946	2609
333	55278	1038
334	55611	1537
335	55945	1050
336	56280	1000
337	56616	1366
338	56953	3395
339	57291	2751
340	57630	1016
341	57970	10764
342	58311	3729
343	58653	37552
344	58996	4252
345	59340	1308
346	59685	2519
347	60031	982
348	60378	1578
349	60726	1131
350	61075	1132
351	61425	1347
352	61776	2700
353	62128	1207
354	62481	696
355	62835	2604
356	63190	4016
357	63546	1016
358	63903	1085
359	64261	2883
360	64620	2567
361	64980	1233
362	65341	3546
363	65703	1153
364	66066	3500
365	66430	2752
366	66795	5165
367	67161	3042
368	67528	1020
369	67896	1600
370	68265	1347
371	68635	1078
372	69006	898
373	69378	31579
374	69751	3107
375	70125	1111
376	70500	3820
377	70876	1500
378	71253	1716
379	71631	1275
380	72010	967
381	72390	3142
382	72771	1237
383	73153	1407
384	73536	800
385	73920	1439
386	74305	66973
387	74691	944
388	75078	3499
389	75466	1562
390	75855	1561
391	76245	1479
392	76636	2609
393	77028	1353
394	77421	2126
395	77815	1402
396	78210	1717
397	78606	1315
398	79003	908
399	79401	1529
400	79800	1404
401	80200	1128
402	80601	8114
403	81003	2563
404	81406	2615
405	81810	2973
406	82215	1116
407	82621	4850
408	83028	2798
409	83436	1220
410	83845	3346
411	84255	2820
412	84666	984
413	85078	1121
414	85491	1398
415	85905	1212
416	86320	1334
417	86736	1547
418	87153	6853
419	87571	1339
420	87990	2661
421	88410	3727
422	88831	917
423	89253	4364
424	89676	5902
425	90100	9950
426	90525	968
427	90951	1126
428	91378	10755
429	91806	5030
430	92235	1395
431	92665	155464
432	93096	3683
433	93528	1164
434	93961	2314
435	94395	1446
436	94830	1625
437	95266	1560
438	95703	13863
439	96141	1708
440	96580	1941
441	97020	2162
442	97461	1630
443	97903	1437
444	98346	2037
445	98790	2450
446	99235	5774
447	99681	1651
448	100128	1744
449	100576	1607
450	101025	1707
451	101475	1510
452	101926	1534
453	102378	1553
454	102831	1137
455	103285	2513
456	103740	1942
457	104196	1837
458	104653	2645
459	105111	1372
460	105570	1980
461	106030	1284
462	106491	3920
463	106953	1567
464	107416	1631
465	107880	4990
466	108345	1735
467	108811	5238
468	109278	2607
469	109746	1107
470	110215	1765
471	110685	1496
472	111156	1281
473	111628	1337
474	112101	2396
475	112575	1207
476	113050	1976
477	113526	1260
478	114003	2041
479	114481	2715
480	114960	6493
481	115440	1623
482	115921	2307
483	116403	1255
484	116886	1696
485	117370	20285
486	117855	1480
487	118341	1529
488	118828	2421
489	119316	1749
490	119805	1603
491	120295	44559
492	120786	1623
493	121278	1903
494	121771	2302
495	122265	1262
496	122760	2074
497	123256	1513
498	123753	1354
499	124251	2632
500	124750	2021
501	125250	1743
502	125751	2124
503	126253	1670
504	126756	1757
505	127260	1975
506	127765	1502
507	128271	2385
508	128778	1846
509	129286	1606
510	129795	1930
511	130305	1583
512	130816	1760
513	131328	1226
514	131841	1441
515	132355	1399
516	132870	4467
517	133386	4105
518	133903	2251
519	134421	1949
520	134940	2070
521	135460	1522
522	135981	13985
523	136503	1444
524	137026	4413
525	137550	3719
526	138075	4159
527	138601	4882
528	139128	1593
529	139656	1977
530	140185	1703
531	140715	2318
532	141246	2045
533	141778	7976
534	142311	2476
535	142845	4258
536	143380	4533
537	143916	4384
538	144453	2213
539	144991	1762
540	145530	4625
541	146070	180531
542	146611	1676
543	147153	2074
544	147696	1981
545	148240	1718
546	148785	2954
547	149331	1889
548	149878	1332
549	150426	1597
550	150975	4024
551	151525	4061
552	152076	4346
553	152628	5207
554	153181	6011
555	153735	5087
556	154290	3533
557	154846	2130
558	155403	5627
559	155961	1888
560	156520	1782
561	157080	5986
562	157641	46736
563	158203	1479
564	158766	2204
565	159330	2019
566	159895	2091
567	160461	2041
568	161028	1939
569	161596	170704
570	162165	2211
571	162735	3885
572	163306	1720
573	163878	1833
574	164451	1627
575	165025	5015
576	165600	4387
577	166176	4117
578	166753	1842
579	167331	5202
580	167910	4163
581	168490	4646
582	169071	2036
583	169653	1778
584	170236	2044
585	170820	2222
586	171405	4662
587	171991	5393
588	172578	2319
589	173166	3968
590	173755	1865
591	174345	3714
592	174936	2311
593	175528	7519
594	176121	3592
595	176715	2045
596	177310	2179
597	177906	1925
598	178503	2541
599	179101	2178
600	179700	4634
601	180300	4254
602	180901	2212
603	181503	2200
604	182106	4839
605	182710	1914
606	183315	1808
607	183921	3997
608	184528	2548
609	185136	1946
610	185745	4874
611	186355	2305
612	186966	1506
613	187578	3115
614	188191	2189
615	188805	2996
616	189420	1776
617	190036	3407
618	190653	2536
619	191271	2087
620	191890	2366
621	192510	3831
622	193131	1692
623	193753	1977
624	194376	1880
625	195000	1343
626	195625	1777
627	196251	2369
628	196878	1899
629	197506	2258
630	198135	1312
631	198765	3316
632	199396	1686
633	200028	5334
634	200661	4826
635	201295	2296
636	201930	2099
637	202566	1638
638	203203	3019
639	203841	2707
640	204480	3602
641	205120	1903
642	205761	2574
643	206403	2599
644	207046	3430
645	207690	1730
646	208335	3124
647	208981	1431
648	209628	4234
649	210276	4177
650	210925	20307
651	211575	3638
652	212226	6017
653	212878	9202
654	213531	163346
655	214185	3344
656	214840	2171
657	215496	2311
658	216153	3030
659	216811	2233
660	217470	2111
661	218130	2628
662	218791	2009
663	219453	4280
664	220116	2258
665	220780	2485
666	221445	2579
667	222111	3905
668	222778	1801
669	223446	1948
670	224115	2677
671	224785	4305
672	225456	8219
673	226128	2612
674	226801	3905
675	227475	2051
676	228150	3472
677	228826	6076
678	229503	2402
679	230181	5567
680	230860	71379
681	231540	2814
682	232221	1828
683	232903	6440
684	233586	2483
685	234270	4526
686	234955	1624
687	235641	2346
688	236328	2564
689	237016	19915
690	237705	64910
691	238395	4149
692	239086	2569
693	239778	1659
694	240471	2220
695	241165	4545
696	241860	4485
697	242556	5269
698	243253	3266
699	243951	96735
700	244650	2702
701	245350	2157
702	246051	4103
703	246753	1860
704	247456	3461
705	248160	4768
706	248865	4150
707	249571	2251
708	250278	4587
709	250986	2704
710	251695	2431
711	252405	1639
712	253116	1896
713	253828	2210
714	254541	6027
715	255255	4298
716	255970	4628
717	256686	2355
718	257403	5002
719	258121	2475
720	258840	5471
721	259560	2470
722	260281	4832
723	261003	2424
724	261726	4494
725	262450	2652
726	263175	3558
727	263901	1873
728	264628	4437
729	265356	6792
730	266085	2506
731	266815	9542
732	267546	1871
733	268278	1495
734	269011	2612
735	269745	4685
736	270480	1836
737	271216	1821
738	271953	2934
739	272691	2510
740	273430	2538
741	274170	4246
742	274911	5265
743	275653	17815
744	276396	1871
745	277140	1520
746	277885	2450
747	278631	2239
748	279378	5238
749	280126	4619
750	280875	2301
751	281625	2285
752	282376	2280
753	283128	7293
754	283881	83142
755	284635	3135
756	285390	4756
757	286146	2267
758	286903	1995
759	287661	2865
760	288420	2076
761	289180	8535
762	289941	1729
763	290703	5699
764	291466	2246
765	292230	7797
766	292995	4896
767	293761	1436
768	294528	6088
769	295296	6983
770	296065	4778
771	296835	26288
772	297606	8100
773	298378	4860
774	299151	5543
775	299925	2154
776	300700	2535
777	301476	5257
778	302253	5684
779	303031	5444
780	303810	4761
781	304590	6116
782	305371	7435
783	306153	6517
784	306936	14868
785	307720	2775
786	308505	2683
787	309291	2027
788	310078	3007
789	310866	5370
790	311655	5935
791	312445	7229
792	313236	6581
793	314028	3081
794	314821	2542
795	315615	1901
796	316410	107760
797	317206	8220
798	318003	183589
799	318801	8511
800	319600	2247
801	320400	6188
802	321201	4858
803	322003	2185
804	322806	5103
805	323610	2220
806	324415	6002
807	325221	7981
808	326028	2230
809	326836	2647
810	327645	7312
811	328455	6633
812	329266	5394
813	330078	7489
814	330891	5126
815	331705	2391
816	332520	6312
817	333336	6741
818	334153	9063
819	334971	5773
820	335790	2712
821	336610	2812
822	337431	7268
823	338253	2400
824	339076	12559
825	339900	6592
826	340725	2835
827	341551	3321
828	342378	5944
829	343206	2350
830	344035	2182
831	344865	2010
832	345696	2226
833	346528	2280
834	347361	2258
835	348195	2716
836	349030	6168
837	349866	2416
838	350703	2052
839	351541	2094
840	352380	91981
841	353220	7339
842	354061	2909
843	354903	3221
844	355746	2942
845	356590	7695
846	357435	4107
847	358281	2959
848	359128	1985
849	359976	2996
850	360825	2529
851	361675	2769
852	362526	3380
853	363378	3103
854	364231	10351
855	365085	2418
856	365940	2755
857	366796	2875
858	367653	2736
859	368511	2313
860	369370	20431
861	370230	6928
862	371091	2486
863	371953	2734
864	372816	9405
865	373680	3955
866	374545	3036
867	375411	2799
868	376278	3157
869	377146	3251
870	378015	5381
871	378885	2738
872	379756	3299
873	380628	3123
874	381501	3121
875	382375	4804
876	383250	3827
877	384126	3882
878	385003	2628
879	385881	3572
880	386760	3693
881	387640	4991
882	388521	2221
883	389403	3144
884	390286	2304
885	391170	3363
886	392055	3266
887	392941	2371
888	393828	49427
889	394716	3096
890	395605	2331
891	396495	2694
892	397386	3206
893	398278	4499
894	399171	2929
895	400065	4420
896	400960	3382
897	401856	3454
898	402753	4055
899	403651	2758
900	404550	2625
901	405450	3002
902	406351	2927
903	407253	3587
904	408156	3414
905	409060	4854
906	409965	3212
907	410871	3178
908	411778	2704
909	412686	3975
910	413595	3287
911	414505	2243
912	415416	3507
913	416328	3242
914	417241	3801
915	418155	3572
916	419070	4296
917	419986	3197
918	420903	3399
919	421821	3160
920	422740	3512
921	423660	3272
922	424581	4303
923	425503	3969
924	426426	2758
925	427350	4318
926	428275	3310
927	429201	2733
928	430128	8350
929	431056	9792
930	431985	2883
931	432915	4009
932	433846	2602
933	434778	4380
934	435711	2697
935	436645	2700
936	437580	3554
937	438516	3129
938	439453	2761
939	440391	79498
940	441330	2989
941	442270	54125
942	443211	2211
943	444153	3424
944	445096	3240
945	446040	3227
946	446985	4068
947	447931	3554
948	448878	91077
949	449826	3335
950	450775	88268
951	451725	4015
952	452676	3371
953	453628	3494
954	454581	7165
955	455535	2930
956	456490	3397
957	457446	3160
958	458403	3055
959	459361	3690
960	460320	7422
961	461280	4305
962	462241	3081
963	463203	3755
964	464166	8269
965	465130	3132
966	466095	3188
967	467061	3277
968	468028	3563
969	468996	3502
970	469965	3278
971	470935	90108
972	471906	3277
973	472878	3911
974	473851	4091
975	474825	3318
976	475800	3252
977	476776	4144
978	477753	3759
979	478731	5206
980	479710	3400
981	480690	9312
982	481671	3435
983	482653	4351
984	483636	2379
985	484620	3407
986	485605	4733
987	486591	3393
988	487578	48428
989	488566	3498
990	489555	3419
991	490545	113857
992	491536	4301
993	492528	26963
994	493521	2902
995	494515	3173
996	495510	3055
997	496506	3462
998	497503	2556
999	498501	2358
1000	499500	2559
1001	500500	3401
1002	501501	3138
1003	502503	3263
1004	503506	3275
1005	504510	3533
1006	505515	4277
1007	506521	3134
1008	507528	3315
1009	508536	2998
1010	509545	4768
1011	510555	3137
1012	511566	2653
1013	512578	3812
1014	513591	3103
1015	514605	5541
1016	515620	4861
1017	516636	3508
1018	517653	3589
1019	518671	3334
1020	519690	3381
1021	520710	2869
1022	521731	3355
1023	522753	3718
1024	523776	2663
1025	524800	11337
1026	525825	8108
1027	526851	3014
1028	527878	2504
1029	528906	3197
1030	529935	8588
1031	530965	1761
1032	531996	3971
1033	533028	3832
1034	534061	9758
1035	535095	137828
1036	536130	9323
1037	537166	2164
1038	538203	3242
1039	539241	12774
1040	540280	3128
1041	541320	3012
1042	542361	9802
1043	543403	7341
1044	544446	10178
1045	545490	7193
1046	546535	8257
1047	547581	80510
1048	548628	2997
1049	549676	3918
1050	550725	10215
1051	551775	7446
1052	552826	2769
1053	553878	2825
1054	554931	3255
1055	555985	4642
1056	557040	3163
1057	558096	9401
1058	559153	2946
1059	560211	3061
1060	561270	4626
1061	562330	3527
1062	563391	2337
1063	564453	6288
1064	565516	3604
1065	566580	2854
1066	567645	3887
1067	568711	13573
1068	569778	2706
1069	570846	3629
1070	571915	3369
1071	572985	9712
1072	574056	11882
1073	575128	8972
1074	576201	4163
1075	577275	4116
1076	578350	7683
1077	579426	9298
1078	580503	7738
1079	581581	2633
1080	582660	2270
1081	583740	2562
1082	584821	3390
1083	585903	3437
1084	586986	3369
1085	588070	10623
1086	589155	8208
1087	590241	9183
1088	591328	7827
1089	592416	8659
1090	593505	2629
1091	594595	2747
1092	595686	2629
1093	596778	3750
1094	597871	3537
1095	598965	2236
1096	600060	2942
1097	601156	17335
1098	602253	2263
1099	603351	3464
1100	604450	4614
1101	605550	13076
1102	606651	4244
1103	607753	9627
1104	608856	3570
1105	609960	3227
1106	611065	50781
1107	612171	11659
1108	613278	2023
1109	614386	4474
1110	615495	11538
1111	616605	2469
1112	617716	3714
1113	618828	9317
1114	619941	9014
1115	621055	12910
1116	622170	4360
1117	623286	11958
1118	624403	74379
1119	625521	3261
1120	626640	4876
1121	627760	2799
1122	628881	2611
1123	630003	5580
1124	631126	10301
1125	632250	3066
1126	633375	2737
1127	634501	3236
1128	635628	5099
1129	636756	2461
1130	637885	3653
1131	639015	10081
1132	640146	10063
1133	641278	8928
1134	642411	3829
1135	643545	9842
1136	644680	3033
1137	645816	2445
1138	646953	2797
1139	648091	3604
1140	649230	3523
1141	650370	4361
1142	651511	3233
1143	652653	8152
1144	653796	2605
1145	654940	9786
1146	656085	12846
1147	657231	9714
1148	658378	9755
1149	659526	9692
1150	660675	11318
1151	661825	3754
1152	662976	3182
1153	664128	3427
1154	665281	3312
1155	666435	2606
1156	667590	3371
1157	668746	10154
1158	669903	3235
1159	671061	3754
1160	672220	4152
1161	673380	4187
1162	674541	11859
1163	675703	3325
1164	676866	9276
1165	678030	9677
1166	679195	3985
1167	680361	12319
1168	681528	9098
1169	682696	9422
1170	683865	10284
1171	685035	101668
1172	686206	3158
1173	687378	3223
1174	688551	2901
1175	689725	10382
1176	690900	10511
1177	692076	10892
1178	693253	149620
1179	694431	15139
1180	695610	3642
1181	696790	9343
1182	697971	64325
1183	699153	2459
1184	700336	3804
1185	701520	3989
1186	702705	3968
1187	703891	3516
1188	705078	4112
1189	706266	2372
1190	707455	3784
1191	708645	153951
1192	709836	5240
1193	711028	2850
1194	712221	4372
1195	713415	15532
1196	714610	4215
1197	715806	3371
1198	717003	3215
1199	718201	8630
1200	719400	3680
1201	720600	5085
1202	721801	15819
1203	723003	3991
1204	724206	10725
1205	725410	3421
1206	726615	3479
1207	727821	9935
1208	729028	3111
1209	730236	8172
1210	731445	3805
1211	732655	3716
1212	733866	4042
1213	735078	7958
1214	736291	3171
1215	737505	2730
1216	738720	4347
1217	739936	20099
1218	741153	3084
1219	742371	2518
1220	743590	4999
1221	744810	3837
1222	746031	7354
1223	747253	6521
1224	748476	8434
1225	749700	8442
1226	750925	11099
1227	752151	8306
1228	753378	85760
1229	754606	4421
1230	755835	13415
1231	757065	7203
1232	758296	3918
1233	759528	9801
1234	760761	6454
1235	761995	6902
1236	763230	7224
1237	764466	7605
1238	765703	7082
1239	766941	6928
1240	768180	7836
1241	769420	112197
1242	770661	4690
1243	771903	8894
1244	773146	137726
1245	774390	7963
1246	775635	7505
1247	776881	7181
1248	778128	3810
1249	779376	4289
1250	780625	4085
1251	781875	3211
1252	783126	3343
1253	784378	3179
1254	785631	3361
1255	786885	8489
1256	788140	2380
1257	789396	6949
1258	790653	3506
1259	791911	9242
1260	793170	3369
1261	794430	3521
1262	795691	4131
1263	796953	3119
1264	798216	3292
1265	799480	7830
1266	800745	3879
1267	802011	4461
1268	803278	5616
1269	804546	3844
1270	805815	3101
1271	807085	11976
1272	808356	3209
1273	809628	12154
1274	810901	3401
1275	812175	3064
1276	813450	3553
1277	814726	7420
1278	816003	3268
1279	817281	31281
1280	818560	3195
1281	819840	11646
1282	821121	3103
1283	822403	3386
1284	823686	5247
1285	824970	4131
1286	826255	5310
1287	827541	4543
1288	828828	7858
1289	830116	8059
1290	831405	3485
1291	832695	6641
1292	833986	2943
1293	835278	4020
1294	836571	9790
1295	837865	4323
1296	839160	8330
1297	840456	5829
1298	841753	8570
1299	843051	4748
1300	844350	20264
1301	845650	9793
1302	846951	5084
1303	848253	10833
1304	849556	6094
1305	850860	3355
1306	852165	8020
1307	853471	3638
1308	854778	3697
1309	856086	5377
1310	857395	10014
1311	858705	7055
1312	860016	3355
1313	861328	2800
1314	862641	75889
1315	863955	3870
1316	865270	6343
1317	866586	5103
1318	867903	6796
1319	869221	10590
1320	870540	149646
1321	871860	4264
1322	873181	6127
1323	874503	2625
1324	875826	4137
1325	877150	7189
1326	878475	3307
1327	879801	4753
1328	881128	3837
1329	882456	2932
1330	883785	6107
1331	885115	8258
1332	886446	5953
1333	887778	6078
1334	889111	6111
1335	890445	4484
1336	891780	3961
1337	893116	3913
1338	894453	7839
1339	895791	3441
1340	897130	4040
1341	898470	4588
1342	899811	7668
1343	901153	606109
1344	902496	6104
1345	903840	4184
1346	905185	28505
1347	906531	6908
1348	907878	5959
1349	909226	3484
1350	910575	7077
1351	911925	2940
1352	913276	9419
1353	914628	7288
1354	915981	159710
1355	917335	73249
1356	918690	170080
1357	920046	4530
1358	921403	7272
1359	922761	7025
1360	924120	4691
1361	925480	5129
1362	926841	5521
1363	928203	5023
1364	929566	3262
1365	930930	4606
1366	932295	4006
1367	933661	5880
1368	935028	4414
1369	936396	4155
1370	937765	3683
1371	939135	4258
1372	940506	4993
1373	941878	2738
1374	943251	12018
1375	944625	8913
1376	946000	2631
1377	947376	3348
1378	948753	4162
1379	950131	3353
1380	951510	3463
1381	952890	6141
1382	954271	4926
1383	955653	11846
1384	957036	5723
1385	958420	46724
1386	959805	4783
1387	961191	4162
1388	962578	89378
1389	963966	3686
1390	965355	5001
1391	966745	4925
1392	968136	5368
1393	969528	5045
1394	970921	6650
1395	972315	5826
1396	973710	7659
1397	975106	4841
1398	976503	4524
1399	977901	5315
1400	979300	5320
1401	980700	3563
1402	982101	4244
1403	983503	4244
1404	984906	4966
1405	986310	7404
1406	987715	2679
1407	989121	2646
1408	990528	3254
1409	991936	5930
1410	993345	7550
1411	994755	5473
1412	996166	3592
1413	997578	3622
1414	998991	6827
1415	1000405	5060
1416	1001820	3208
1417	1003236	4926
1418	1004653	3795
1419	1006071	5585
1420	1007490	7119
1421	1008910	5873
1422	1010331	3907
1423	1011753	4378
1424	1013176	11980
1425	1014600	4466
1426	1016025	3761
1427	1017451	6480
1428	1018878	6889
1429	1020306	4664
1430	1021735	160201
1431	1023165	6224
1432	1024596	5829
1433	1026028	4154
1434	1027461	5852
1435	1028895	3838
1436	1030330	67137
1437	1031766	6957
1438	1033203	4510
1439	1034641	4800
1440	1036080	5742
1441	1037520	25255
1442	1038961	5167
1443	1040403	11405
1444	1041846	6767
1445	1043290	6500
1446	1044735	8945
1447	1046181	3738
1448	1047628	4743
1449	1049076	6851
1450	1050525	4856
1451	1051975	4014
1452	1053426	83610
1453	1054878	7305
1454	1056331	5791
1455	1057785	7076
1456	1059240	11946
1457	1060696	6103
1458	1062153	5088
1459	1063611	7865
1460	1065070	6353
1461	1066530	3694
1462	1067991	4949
1463	1069453	126986
1464	1070916	7636
1465	1072380	4790
1466	1073845	3790
1467	1075311	6775
1468	1076778	5114
1469	1078246	2897
1470	1079715	4973
1471	1081185	5362
1472	1082656	3110
1473	1084128	6010
1474	1085601	5657
1475	1087075	6059
1476	1088550	5903
1477	1090026	4725
1478	1091503	3041
1479	1092981	3312
1480	1094460	4229
1481	1095940	7438
1482	1097421	6391
1483	1098903	4043
1484	1100386	3979
1485	1101870	6886
1486	1103355	7880
1487	1104841	4442
1488	1106328	5655
1489	1107816	5675
1490	1109305	7330
1491	1110795	6434
1492	1112286	6787
1493	1113778	5824
1494	1115271	5782
1495	1116765	7315
1496	1118260	6075
1497	1119756	6068
1498	1121253	4080
1499	1122751	6738
1500	1124250	4603
1501	1125750	5459
1502	1127251	4275
1503	1128753	4955
1504	1130256	4208
1505	1131760	3696
1506	1133265	4986
1507	1134771	4337
1508	1136278	5844
1509	1137786	5632
1510	1139295	3517
1511	1140805	4835
1512	1142316	7151
1513	1143828	4413
1514	1145341	5740
1515	1146855	3920
1516	1148370	5066
1517	1149886	4453
1518	1151403	4680
1519	1152921	4581
1520	1154440	7489
1521	1155960	5784
1522	1157481	4606
1523	1159003	3930
1524	1160526	4186
1525	1162050	3606
1526	1163575	6969
1527	1165101	15366
1528	1166628	109071
1529	1168156	7359
1530	1169685	4336
1531	1171215	5164
1532	1172746	3103
1533	1174278	5116
1534	1175811	3535
1535	1177345	3947
1536	1178880	4325
1537	1180416	7624
1538	1181953	7360
1539	1183491	160924
1540	1185030	4780
1541	1186570	4120
1542	1188111	5453
1543	1189653	8140
1544	1191196	8738
1545	1192740	3341
1546	1194285	3616
1547	1195831	152319
1548	1197378	559679
1549	1198926	51125
1550	1200475	8830
1551	1202025	3482
1552	1203576	19100
1553	1205128	3959
1554	1206681	8959
1555	1208235	3339
1556	1209790	6742
1557	1211346	5117
1558	1212903	10936
1559	1214461	13818
1560	1216020	15963
1561	1217580	4178
1562	1219141	4612
1563	1220703	5761
1564	1222266	3725
1565	1223830	9610
1566	1225395	4439
1567	1226961	4288
1568	1228528	174045
1569	1230096	4963
1570	1231665	6705
1571	1233235	4596
1572	1234806	4383
1573	1236378	4415
1574	1237951	4619
1575	1239525	3524
1576	1241100	35113
1577	1242676	6577
1578	1244253	104614
1579	1245831	7668
1580	1247410	5697
1581	1248990	7920
1582	1250571	7953
1583	1252153	3397
1584	1253736	7776
1585	1255320	4706
1586	1256905	5504
1587	1258491	9840
1588	1260078	5149
1589	1261666	7351
1590	1263255	4945
1591	1264845	8349
1592	1266436	5263
1593	1268028	5667
1594	1269621	5465
1595	1271215	5699
1596	1272810	4387
1597	1274406	4290
1598	1276003	10122
1599	1277601	7446
1600	1279200	7456
1601	1280800	5023
1602	1282401	4755
1603	1284003	5352
1604	1285606	4820
1605	1287210	11682
1606	1288815	3908
1607	1290421	7260
1608	1292028	7446
1609	1293636	5039
1610	1295245	8444
1611	1296855	89491
1612	1298466	4557
1613	1300078	7578
1614	1301691	7360
1615	1303305	7185
1616	1304920	4793
1617	1306536	5838
1618	1308153	24558
1619	1309771	10290
1620	1311390	9661
1621	1313010	8428
1622	1314631	155828
1623	1316253	4966
1624	1317876	4250
1625	1319500	6915
1626	1321125	157232
1627	1322751	8999
1628	1324378	9847
1629	1326006	5156
1630	1327635	3665
1631	1329265	5790
1632	1330896	4443
1633	1332528	10103
1634	1334161	7206
1635	1335795	4035
1636	1337430	4551
1637	1339066	5033
1638	1340703	3534
1639	1342341	5218
1640	1343980	6269
1641	1345620	5256
1642	1347261	5086
1643	1348903	7195
1644	1350546	4958
1645	1352190	9545
1646	1353835	9735
1647	1355481	99830
1648	1357128	9426
1649	1358776	112220
1650	1360425	7702
1651	1362075	9466
1652	1363726	7790
1653	1365378	3776
1654	1367031	9319
1655	1368685	4806
1656	1370340	7951
1657	1371996	7821
1658	1373653	9450
1659	1375311	8634
1660	1376970	8994
1661	1378630	10503
1662	1380291	6615
1663	1381953	9141
1664	1383616	5113
1665	1385280	5159
1666	1386945	10766
1667	1388611	9572
1668	1390278	8456
1669	1391946	3896
1670	1393615	4741
1671	1395285	10298
1672	1396956	3365
1673	1398628	4289
1674	1400301	5880
1675	1401975	5514
1676	1403650	16713
1677	1405326	14156
1678	1407003	6050
1679	1408681	5015
1680	1410360	4713
1681	1412040	7917
1682	1413721	13115
1683	1415403	168497
1684	1417086	4854
1685	1418770	8704
1686	1420455	5311
1687	1422141	4816
1688	1423828	4830
1689	1425516	3882
1690	1427205	4190
1691	1428895	11191
1692	1430586	5237
1693	1432278	4572
1694	1433971	4873
1695	1435665	13656
1696	1437360	3541
1697	1439056	5870
1698	1440753	121061
1699	1442451	6135
1700	1444150	10841
1701	1445850	11793
1702	1447551	10041
1703	1449253	4324
1704	1450956	9000
1705	1452660	3649
1706	1454365	6309
1707	1456071	3795
1708	1457778	3066
1709	1459486	48893
1710	1461195	10849
1711	1462905	11110
1712	1464616	6009
1713	1466328	4901
1714	1468041	5110
1715	1469755	5687
1716	1471470	4809
1717	1473186	4777
1718	1474903	5155
1719	1476621	3897
1720	1478340	3811
1721	1480060	3307
1722	1481781	5403
1723	1483503	5549
1724	1485226	4834
1725	1486950	5666
1726	1488675	5115
1727	1490401	4607
1728	1492128	6183
1729	1493856	62952
1730	1495585	5391
1731	1497315	3801
1732	1499046	54224
1733	1500778	4747
1734	1502511	9596
1735	1504245	5186
1736	1505980	4905
1737	1507716	6679
1738	1509453	5393
1739	1511191	4049
1740	1512930	5628
1741	1514670	3955
1742	1516411	12981
1743	1518153	13885
1744	1519896	5522
1745	1521640	14916
1746	1523385	16316
1747	1525131	91706
1748	1526878	6064
1749	1528626	9044
1750	1530375	13436
1751	1532125	11790
1752	1533876	15915
1753	1535628	11792
1754	1537381	3120
1755	1539135	11467
1756	1540890	6740
1757	1542646	11817
1758	1544403	51915
1759	1546161	4695
1760	1547920	3574
1761	1549680	8095
1762	1551441	4853
1763	1553203	5693
1764	1554966	5053
1765	1556730	5470
1766	1558495	3129
1767	1560261	9814
1768	1562028	27244
1769	1563796	5675
1770	1565565	4481
1771	1567335	4247
1772	1569106	3802
1773	1570878	4464
1774	1572651	6633
1775	1574425	6160
1776	1576200	4328
1777	1577976	6145
1778	1579753	10431
1779	1581531	4002
1780	1583310	181362
1781	1585090	153145
1782	1586871	4914
1783	1588653	4187
1784	1590436	17942
1785	1592220	127912
1786	1594005	5941
1787	1595791	3717
1788	1597578	7805
1789	1599366	9268
1790	1601155	4128
1791	1602945	4126
1792	1604736	6186
1793	1606528	5730
1794	1608321	6082
1795	1610115	6881
1796	1611910	6042
1797	1613706	5826
1798	1615503	5632
1799	1617301	6963
1800	1619100	6734
1801	1620900	4529
1802	1622701	5663
1803	1624503	6532
1804	1626306	5568
1805	1628110	5173
1806	1629915	9291
1807	1631721	63623
1808	1633528	5906
1809	1635336	7454
1810	1637145	5955
1811	1638955	8299
1812	1640766	154342
1813	1642578	5730
1814	1644391	44687
1815	1646205	5426
1816	1648020	5419
1817	1649836	5358
1818	1651653	6228
1819	1653471	5877
1820	1655290	7907
1821	1657110	4985
1822	1658931	6749
1823	1660753	6164
1824	1662576	6862
1825	1664400	13402
1826	1666225	5715
1827	1668051	5649
1828	1669878	7013
1829	1671706	5401
1830	1673535	165328
1831	1675365	90606
1832	1677196	5894
1833	1679028	6158
1834	1680861	5409
1835	1682695	5575
1836	1684530	7674
1837	1686366	6267
1838	1688203	5352
1839	1690041	5274
1840	1691880	6505
1841	1693720	5816
1842	1695561	5449
1843	1697403	5171
1844	1699246	5468
1845	1701090	5353
1846	1702935	5669
1847	1704781	6392
1848	1706628	6285
1849	1708476	784328
1850	1710325	6398
1851	1712175	6349
1852	1714026	4906
1853	1715878	5693
1854	1717731	6120
1855	1719585	168659
1856	1721440	4639
1857	1723296	5554
1858	1725153	7919
1859	1727011	6495
1860	1728870	155939
1861	1730730	6103
1862	1732591	22594
1863	1734453	21727
1864	1736316	6575
1865	1738180	7788
1866	1740045	7644
1867	1741911	6203
1868	1743778	6737
1869	1745646	6455
1870	1747515	4860
1871	1749385	9300
1872	1751256	50415
1873	1753128	7556
1874	1755001	119296
1875	1756875	7936
1876	1758750	6134
1877	1760626	6767
1878	1762503	242266
1879	1764381	110537
1880	1766260	5648
1881	1768140	5372
1882	1770021	8113
1883	1771903	7268
1884	1773786	7302
1885	1775670	7215
1886	1777555	6305
1887	1779441	6550
1888	1781328	6233
1889	1783216	5180
1890	1785105	13971
1891	1786995	7697
1892	1788886	6093
1893	1790778	5369
1894	1792671	45017
1895	1794565	5758
1896	1796460	7393
1897	1798356	6515
1898	1800253	5175
1899	1802151	20463
1900	1804050	5896
1901	1805950	6731
1902	1807851	6897
1903	1809753	6348
1904	1811656	5871
1905	1813560	6279
1906	1815465	21765
1907	1817371	195738
1908	1819278	7424
1909	1821186	4262
1910	1823095	6825
1911	1825005	7746
1912	1826916	5080
1913	1828828	41848
1914	1830741	6562
1915	1832655	5409
1916	1834570	7092
1917	1836486	6379
1918	1838403	7892
1919	1840321	85813
1920	1842240	6853
1921	1844160	5581
1922	1846081	6535
1923	1848003	6744
1924	1849926	8194
1925	1851850	9613
1926	1853775	7304
1927	1855701	6614
1928	1857628	7107
1929	1859556	129435
1930	1861485	6525
1931	1863415	6316
1932	1865346	5231
1933	1867278	6066
1934	1869211	6205
1935	1871145	8882
1936	1873080	98567
1937	1875016	8065
1938	1876953	9722
1939	1878891	7302
1940	1880830	7937
1941	1882770	7165
1942	1884711	7242
1943	1886653	5812
1944	1888596	9417
1945	1890540	4498
1946	1892485	6149
1947	1894431	6003
1948	1896378	6181
1949	1898326	7686
1950	1900275	6391
1951	1902225	8767
1952	1904176	6423
1953	1906128	8210
1954	1908081	5873
1955	1910035	6332
1956	1911990	6410
1957	1913946	6426
1958	1915903	8149
1959	1917861	6160
1960	1919820	8063
1961	1921780	16994
1962	1923741	10212
1963	1925703	5893
1964	1927666	7126
1965	1929630	6598
1966	1931595	7336
1967	1933561	5820
1968	1935528	6721
1969	1937496	12145
1970	1939465	6633
1971	1941435	50417
1972	1943406	5821
1973	1945378	15310
1974	1947351	6337
1975	1949325	147460
1976	1951300	8311
1977	1953276	5794
1978	1955253	79329
1979	1957231	5849
1980	1959210	6633
1981	1961190	7507
1982	1963171	7250
1983	1965153	6384
1984	1967136	5449
1985	1969120	6786
1986	1971105	6490
1987	1973091	6114
1988	1975078	6768
1989	1977066	6750
1990	1979055	5404
1991	1981045	6355
1992	1983036	6339
1993	1985028	5637
1994	1987021	7044
1995	1989015	6414
1996	1991010	7477
1997	1993006	10253
1998	1995003	8155
1999	1997001	5244
2000	1999000	5972
2001	2001000	7716
2002	2003001	5938
2003	2005003	7090
2004	2007006	6685
2005	2009010	6517
2006	2011015	8525
2007	2013021	5520
2008	2015028	34188
2009	2017036	5598
2010	2019045	6648
2011	2021055	8437
2012	2023066	5660
2013	2025078	6326
2014	2027091	92985
2015	2029105	72710
2016	2031120	6933
2017	2033136	9386
2018	2035153	8762
2019	2037171	4464
2020	2039190	6873
2021	2041210	5928
2022	2043231	7247
2023	2045253	6871
2024	2047276	7130
2025	2049300	5312
2026	2051325	141868
2027	2053351	7536
2028	2055378	7281
2029	2057406	6335
2030	2059435	5962
2031	2061465	6914
2032	2063496	8549
2033	2065528	7261
2034	2067561	91302
2035	2069595	8452
2036	2071630	6748
2037	2073666	6392
2038	2075703	28235
2039	2077741	6526
2040	2079780	5991
2041	2081820	6008
2042	2083861	7058
2043	2085903	6020
2044	2087946	6715
2045	2089990	7872
2046	2092035	6550
2047	2094081	9784
2048	2096128	6695
2049	2098176	9690
2050	2100225	4586
2051	2102275	6136
2052	2104326	92351
2053	2106378	13268
2054	2108431	4447
2055	2110485	58725
2056	2112540	187456
2057	2114596	4705
2058	2116653	17095
2059	2118711	6379
2060	2120770	5748
2061	2122830	5236
2062	2124891	11481
2063	2126953	11740
2064	2129016	8139
2065	2131080	4558
2066	2133145	12511
2067	2135211	12931
2068	2137278	12982
2069	2139346	23190
2070	2141415	14616
2071	2143485	14528
2072	2145556	16517
2073	2147628	16927
2074	2149701	32346
2075	2151775	7613
2076	2153850	113367
2077	2155926	41034
2078	2158003	16139
2079	2160081	6547
2080	2162160	74061
2081	2164240	77065
2082	2166321	14846
2083	2168403	7322
2084	2170486	14443
2085	2172570	5165
2086	2174655	13628
2087	2176741	11018
2088	2178828	88710
2089	2180916	7058
2090	2183005	6150
2091	2185095	12091
2092	2187186	6634
2093	2189278	6622
2094	2191371	25165
2095	2193465	6673
2096	2195560	8291
2097	2197656	8427
2098	2199753	6521
2099	2201851	7754
2100	2203950	6795
2101	2206050	6104
2102	2208151	4911
2103	2210253	11033
2104	2212356	11626
2105	2214460	7320
2106	2216565	6459
2107	2218671	8775
2108	2220778	4850
2109	2222886	4594
2110	2224995	6263
2111	2227105	107911
2112	2229216	78246
2113	2231328	6812
2114	2233441	5782
2115	2235555	6036
2116	2237670	12086
2117	2239786	8015
2118	2241903	8264
2119	2244021	136601
2120	2246140	20579
2121	2248260	146190
2122	2250381	14069
2123	2252503	326218
2124	2254626	15821
2125	2256750	12125
2126	2258875	80885
2127	2261001	157406
2128	2263128	5867
2129	2265256	7269
2130	2267385	7936
2131	2269515	16859
2132	2271646	16279
2133	2273778	6256
2134	2275911	7112
2135	2278045	6397
2136	2280180	7250
2137	2282316	7832
2138	2284453	96311
2139	2286591	6181
2140	2288730	6372
2141	2290870	15615
2142	2293011	156813
2143	2295153	16237
2144	2297296	35158
2145	2299440	17650
2146	2301585	13525
2147	2303731	6571
2148	2305878	5920
2149	2308026	6444
2150	2310175	23006
2151	2312325	6142
2152	2314476	6071
2153	2316628	8887
2154	2318781	10851
2155	2320935	15876
2156	2323090	136623
2157	2325246	14814
2158	2327403	13130
2159	2329561	5472
2160	2331720	60928
2161	2333880	11049
2162	2336041	6160
2163	2338203	12378
2164	2340366	12840
2165	2342530	5062
2166	2344695	13230
2167	2346861	12132
2168	2349028	5152
2169	2351196	13046
2170	2353365	14838
2171	2355535	5313
2172	2357706	7154
2173	2359878	16421
2174	2362051	5863
2175	2364225	12347
2176	2366400	14211
2177	2368576	16494
2178	2370753	154189
2179	2372931	14233
2180	2375110	14996
2181	2377290	4901
2182	2379471	257523
2183	2381653	6155
2184	2383836	13615
2185	2386020	5959
2186	2388205	6151
2187	2390391	49745
2188	2392578	18270
2189	2394766	6441
2190	2396955	6088
2191	2399145	15086
2192	2401336	7858
2193	2403528	22045
2194	2405721	9286
2195	2407915	12914
2196	2410110	22990
2197	2412306	12075
2198	2414503	14168
2199	2416701	5408
2200	2418900	20466
2201	2421100	5939
2202	2423301	26373
2203	2425503	7185
2204	2427706	13603
2205	2429910	6800
2206	2432115	12487
2207	2434321	5785
2208	2436528	7503
2209	2438736	6078
2210	2440945	6567
2211	2443155	25431
2212	2445366	151584
2213	2447578	12759
2214	2449791	6341
2215	2452005	32896
2216	2454220	6624
2217	2456436	198575
2218	2458653	7771
2219	2460871	15690
2220	2463090	13594
2221	2465310	6633
2222	2467531	4924
2223	2469753	124552
2224	2471976	14623
2225	2474200	5058
2226	2476425	14177
2227	2478651	6753
2228	2480878	6634
2229	2483106	6799
2230	2485335	6666
2231	2487565	298717
2232	2489796	5358
2233	2492028	15160
2234	2494261	87572
2235	2496495	64268
2236	2498730	13964
2237	2500966	8698
2238	2503203	16786
2239	2505441	8570
2240	2507680	7083
2241	2509920	14885
2242	2512161	153597
2243	2514403	85455
2244	2516646	16648
2245	2518890	178604
2246	2521135	4255
2247	2523381	5605
2248	2525628	5219
2249	2527876	18581
2250	2530125	5734
2251	2532375	5292
2252	2534626	16421
2253	2536878	13566
2254	2539131	9630
2255	2541385	28336
2256	2543640	14966
2257	2545896	6850
2258	2548153	71785
2259	2550411	19099
2260	2552670	25485
2261	2554930	7439
2262	2557191	5922
2263	2559453	5226
2264	2561716	13352
2265	2563980	58150
2266	2566245	173229
2267	2568511	14751
2268	2570778	4891
2269	2573046	5816
2270	2575315	99518
2271	2577585	14663
2272	2579856	15478
2273	2582128	6118
2274	2584401	31335
2275	2586675	14345
2276	2588950	5481
2277	2591226	14572
2278	2593503	14340
2279	2595781	14817
2280	2598060	15426
2281	2600340	6872
2282	2602621	8461
2283	2604903	14409
2284	2607186	15003
2285	2609470	123943
2286	2611755	14354
2287	2614041	6745
2288	2616328	11341
2289	2618616	7408
2290	2620905	141881
2291	2623195	5936
2292	2625486	15753
2293	2627778	8950
2294	2630071	12763
2295	2632365	176651
2296	2634660	155681
2297	2636956	5055
2298	2639253	7638
2299	2641551	6348
2300	2643850	5481
2301	2646150	8795
2302	2648451	14769
2303	2650753	12869
2304	2653056	14096
2305	2655360	5681
2306	2657665	13537
2307	2659971	5290
2308	2662278	11324
2309	2664586	11758
2310	2666895	8433
2311	2669205	7799
2312	2671516	11887
2313	2673828	12652
2314	2676141	165719
2315	2678455	12524
2316	2680770	6723
2317	2683086	5462
2318	2685403	7322
2319	2687721	8488
2320	2690040	13516
2321	2692360	11128
2322	2694681	7431
2323	2697003	6083
2324	2699326	11940
2325	2701650	206624
2326	2703975	44125
2327	2706301	7804
2328	2708628	4614
2329	2710956	8225
2330	2713285	12531
2331	2715615	5830
2332	2717946	6113
2333	2720278	12217
2334	2722611	12062
2335	2724945	5833
2336	2727280	7527
2337	2729616	15068
2338	2731953	15161
2339	2734291	204274
2340	2736630	12642
2341	2738970	17965
2342	2741311	16436
2343	2743653	15463
2344	2745996	87811
2345	2748340	11255
2346	2750685	36971
2347	2753031	6970
2348	2755378	7598
2349	2757726	4643
2350	2760075	7404
2351	2762425	7145
2352	2764776	5668
2353	2767128	7831
2354	2769481	8146
2355	2771835	8347
2356	2774190	103035
2357	2776546	9485
2358	2778903	9204
2359	2781261	12540
2360	2783620	7554
2361	2785980	6572
2362	2788341	7814
2363	2790703	9007
2364	2793066	7198
2365	2795430	8008
2366	2797795	7519
2367	2800161	19523
2368	2802528	6202
2369	2804896	8098
2370	2807265	5877
2371	2809635	5329
2372	2812006	8543
2373	2814378	14637
2374	2816751	7063
2375	2819125	6747
2376	2821500	13898
2377	2823876	7473
2378	2826253	7448
2379	2828631	77732
2380	2831010	10580
2381	2833390	7327
2382	2835771	8568
2383	2838153	7527
2384	2840536	8725
2385	2842920	112633
2386	2845305	9118
2387	2847691	7700
2388	2850078	29477
2389	2852466	66585
2390	2854855	5155
2391	2857245	8608
2392	2859636	6433
2393	2862028	6438
2394	2864421	6827
2395	2866815	7902
2396	2869210	11724
2397	2871606	6113
2398	2874003	6365
2399	2876401	126991
2400	2878800	5728
2401	2881200	4855
2402	2883601	61729
2403	2886003	9363
2404	2888406	7765
2405	2890810	57205
2406	2893215	10770
2407	2895621	91843
2408	2898028	8386
2409	2900436	6854
2410	2902845	11674
2411	2905255	9095
2412	2907666	107044
2413	2910078	10155
2414	2912491	8216
2415	2914905	13635
2416	2917320	10072
2417	2919736	12607
2418	2922153	9600
2419	2924571	11654
2420	2926990	7368
2421	2929410	9461
2422	2931831	10313
2423	2934253	173446
2424	2936676	33694
2425	2939100	4875
2426	2941525	148698
2427	2943951	10453
2428	2946378	7765
2429	2948806	7868
2430	2951235	8058
2431	2953665	22711
2432	2956096	7920
2433	2958528	7085
2434	2960961	11177
2435	2963395	138281
2436	2965830	5889
2437	2968266	8131
2438	2970703	10780
2439	2973141	6976
2440	2975580	6776
2441	2978020	6329
2442	2980461	7350
2443	2982903	5347
2444	2985346	21744
2445	2987790	9999
2446	2990235	6654
2447	2992681	8685
2448	2995128	15053
2449	2997576	11135
2450	3000025	9438
2451	3002475	8032
2452	3004926	6690
2453	3007378	9307
2454	3009831	6196
2455	3012285	8967
2456	3014740	7013
2457	3017196	8451
2458	3019653	9343
2459	3022111	12699
2460	3024570	6615
2461	3027030	8528
2462	3029491	8159
2463	3031953	10000
2464	3034416	8399
2465	3036880	8298
2466	3039345	8284
2467	3041811	10624
2468	3044278	8129
2469	3046746	17283
2470	3049215	10314
2471	3051685	15747
2472	3054156	12566
2473	3056628	9269
2474	3059101	10761
2475	3061575	6364
2476	3064050	6111
2477	3066526	150339
2478	3069003	11794
2479	3071481	7755
2480	3073960	14895
2481	3076440	6736
2482	3078921	10254
2483	3081403	8674
2484	3083886	17499
2485	3086370	6417
2486	3088855	7946
2487	3091341	6514
2488	3093828	7886
2489	3096316	10925
2490	3098805	6053
2491	3101295	9506
2492	3103786	7546
2493	3106278	98426
2494	3108771	7295
2495	3111265	9562
2496	3113760	8105
2497	3116256	7659
2498	3118753	11669
2499	3121251	10264
2500	3123750	8689
2501	3126250	5132
2502	3128751	11341
2503	3131253	21640
2504	3133756	187189
2505	3136260	6715
2506	3138765	6920
2507	3141271	11268
2508	3143778	7177
2509	3146286	7489
2510	3148795	9239
2511	3151305	165666
2512	3153816	8531
2513	3156328	10440
2514	3158841	10909
2515	3161355	11988
2516	3163870	13105
2517	3166386	76376
2518	3168903	7063
2519	3171421	20863
2520	3173940	12858
2521	3176460	12038
2522	3178981	6805
2523	3181503	8324
2524	3184026	6855
2525	3186550	88118
2526	3189075	11894
2527	3191601	10859
2528	3194128	27623
2529	3196656	884061
2530	3199185	5766
2531	3201715	22541
2532	3204246	7828
2533	3206778	13970
2534	3209311	6638
2535	3211845	11926
2536	3214380	119944
2537	3216916	6406
2538	3219453	11755
2539	3221991	10049
2540	3224530	12070
2541	3227070	7525
2542	3229611	11048
2543	3232153	9708
2544	3234696	10909
2545	3237240	14023
2546	3239785	27099
2547	3242331	13552
2548	3244878	4915
2549	3247426	11216
2550	3249975	11126
2551	3252525	7189
2552	3255076	8443
2553	3257628	6607
2554	3260181	18521
2555	3262735	7551
2556	3265290	9043
2557	3267846	61936
2558	3270403	10849
2559	3272961	13655
2560	3275520	10751
2561	3278080	132484
2562	3280641	10197
2563	3283203	98079
2564	3285766	151210
2565	3288330	20067
2566	3290895	29626
2567	3293461	13252
2568	3296028	6771
2569	3298596	6483
2570	3301165	8285
2571	3303735	24514
2572	3306306	8598
2573	3308878	122400
2574	3311451	17275
2575	3314025	16770
2576	3316600	35506
2577	3319176	8300
2578	3321753	21297
2579	3324331	14411
2580	3326910	50311
2581	3329490	7932
2582	3332071	9155
2583	3334653	15164
2584	3337236	15977
2585	3339820	166392
2586	3342405	9628
2587	3344991	16154
2588	3347578	10455
2589	3350166	11468
2590	3352755	13204
2591	3355345	10501
2592	3357936	8324
2593	3360528	6734
2594	3363121	12994
2595	3365715	8352
2596	3368310	15965
2597	3370906	13977
2598	3373503	6260
2599	3376101	11220
2600	3378700	8213
2601	3381300	8542
2602	3383901	13646
2603	3386503	149106
2604	3389106	7400
2605	3391710	43930
2606	3394315	13371
2607	3396921	12298
2608	3399528	12381
2609	3402136	13507
2610	3404745	18839
2611	3407355	7202
2612	3409966	6434
2613	3412578	8839
2614	3415191	5717
2615	3417805	53594
2616	3420420	5886
2617	3423036	14784
2618	3425653	14741
2619	3428271	13966
2620	3430890	8452
2621	3433510	18753
2622	3436131	42726
2623	3438753	8989
2624	3441376	7771
2625	3444000	9703
2626	3446625	14082
2627	3449251	8549
2628	3451878	14248
2629	3454506	17058
2630	3457135	15601
2631	3459765	14821
2632	3462396	69997
2633	3465028	9159
2634	3467661	7103
2635	3470295	22284
2636	3472930	21698
2637	3475566	13419
2638	3478203	8645
2639	3480841	6930
2640	3483480	10489
2641	3486120	8996
2642	3488761	19123
2643	3491403	8986
2644	3494046	7291
2645	3496690	14409
2646	3499335	9312
2647	3501981	8372
2648	3504628	8943
2649	3507276	9048
2650	3509925	22257
2651	3512575	13653
2652	3515226	11826
2653	3517878	3144688
2654	3520531	93097
2655	3523185	8566
2656	3525840	5953
2657	3528496	8564
2658	3531153	12216
2659	3533811	10737
2660	3536470	24138
2661	3539130	27221
2662	3541791	8417
2663	3544453	11019
2664	3547116	8575
2665	3549780	5627
2666	3552445	7962
2667	3555111	11526
2668	3557778	7984
2669	3560446	8867
2670	3563115	8894
2671	3565785	30879
2672	3568456	6973
2673	3571128	65622
2674	3573801	36062
2675	3576475	35123
2676	3579150	15040
2677	3581826	13243
2678	3584503	174271
2679	3587181	12624
2680	3589860	57268
2681	3592540	8242
2682	3595221	16958
2683	3597903	73579
2684	3600586	187333
2685	3603270	7542
2686	3605955	92822
2687	3608641	129381
2688	3611328	7816
2689	3614016	6776
2690	3616705	15193
2691	3619395	6929
2692	3622086	6867
2693	3624778	47714
2694	3627471	13605
2695	3630165	10068
2696	3632860	9967
2697	3635556	168323
2698	3638253	40816
2699	3640951	165723
2700	3643650	4505
2701	3646350	17293
2702	3649051	136873
2703	3651753	726515
2704	3654456	16571
2705	3657160	17180
2706	3659865	165341
2707	3662571	162990
2708	3665278	7626
2709	3667986	8716
2710	3670695	8682
2711	3673405	14219
2712	3676116	13959
2713	3678828	131352
2714	3681541	8021
2715	3684255	10293
2716	3686970	17618
2717	3689686	22005
2718	3692403	14594
2719	3695121	16337
2720	3697840	10186
2721	3700560	23031
2722	3703281	10321
2723	3706003	56467
2724	3708726	162545
2725	3711450	9691
2726	3714175	10156
2727	3716901	19584
2728	3719628	154360
2729	3722356	12532
2730	3725085	10467
2731	3727815	12650
2732	3730546	11681
2733	3733278	10096
2734	3736011	159106
2735	3738745	10249
2736	3741480	10579
2737	3744216	11115
2738	3746953	26270
2739	3749691	9822
2740	3752430	25731
2741	3755170	13405
2742	3757911	54648
2743	3760653	57911
2744	3763396	22263
2745	3766140	48591
2746	3768885	13076
2747	3771631	9828
2748	3774378	9182
2749	3777126	13016
2750	3779875	12269
2751	3782625	10142
2752	3785376	163144
2753	3788128	13491
2754	3790881	11180
2755	3793635	64004
2756	3796390	9358
2757	3799146	22523
2758	3801903	356768
2759	3804661	13130
2760	3807420	26211
2761	3810180	145321
2762	3812941	104935
2763	3815703	14052
2764	3818466	13908
2765	3821230	122047
2766	3823995	27765
2767	3826761	31652
2768	3829528	9621
2769	3832296	162526
2770	3835065	11185
2771	3837835	11249
2772	3840606	9319
2773	3843378	10502
2774	3846151	30838
2775	3848925	10012
2776	3851700	11076
2777	3854476	10385
2778	3857253	64587
2779	3860031	97460
2780	3862810	13276
2781	3865590	11591
2782	3868371	12409
2783	3871153	7693
2784	3873936	44244
2785	3876720	12406
2786	3879505	9566
2787	3882291	10706
2788	3885078	13382
2789	3887866	26845
2790	3890655	10712
2791	3893445	11300
2792	3896236	15481
2793	3899028	8440
2794	3901821	10853
2795	3904615	10339
2796	3907410	9795
2797	3910206	11032
2798	3913003	8859
2799	3915801	9534
2800	3918600	11263
2801	3921400	8553
2802	3924201	10331
2803	3927003	10506
2804	3929806	13683
2805	3932610	10107
2806	3935415	12715
2807	3938221	166460
2808	3941028	10735
2809	3943836	11488
2810	3946645	23854
2811	3949455	159149
2812	3952266	33901
2813	3955078	58865
2814	3957891	142835
2815	3960705	43132
2816	3963520	244819
2817	3966336	9113
2818	3969153	10635
2819	3971971	11199
2820	3974790	8515
2821	3977610	10295
2822	3980431	8652
2823	3983253	12123
2824	3986076	1273478
2825	3988900	39783
2826	3991725	40510
2827	3994551	358306
2828	3997378	92748
2829	4000206	313463
2830	4003035	24702
2831	4005865	65883
2832	4008696	37706
2833	4011528	47801
2834	4014361	15841
2835	4017195	1401472
2836	4020030	13622
2837	4022866	8974
2838	4025703	71457
2839	4028541	125615
2840	4031380	156032
2841	4034220	10591
2842	4037061	11949
2843	4039903	162526
2844	4042746	10793
2845	4045590	85160
2846	4048435	8434
2847	4051281	9650
2848	4054128	21337
2849	4056976	11318
2850	4059825	9216
2851	4062675	9044
2852	4065526	11507
2853	4068378	11299
2854	4071231	9310
2855	4074085	9006
2856	4076940	22139
2857	4079796	55164
2858	4082653	10264
2859	4085511	17477
2860	4088370	9361
2861	4091230	196003
2862	4094091	10442
2863	4096953	161375
2864	4099816	9927
2865	4102680	10987
2866	4105545	348305
2867	4108411	78810
2868	4111278	52978
2869	4114146	199779
2870	4117015	15997
2871	4119885	12206
2872	4122756	26001
2873	4125628	18128
2874	4128501	520587
2875	4131375	82119
2876	4134250	9279
2877	4137126	58010
2878	4140003	132900
2879	4142881	240567
2880	4145760	12643
2881	4148640	137471
2882	4151521	82316
2883	4154403	83458
2884	4157286	130551
2885	4160170	90995
2886	4163055	102615
2887	4165941	16159
2888	4168828	8692
2889	4171716	42352
2890	4174605	1392868
2891	4177495	10850
2892	4180386	35037
2893	4183278	12360
2894	4186171	49338
2895	4189065	157991
2896	4191960	30891
2897	4194856	116584
2898	4197753	10893
2899	4200651	9029
2900	4203550	10961
2901	4206450	15739
2902	4209351	57380
2903	4212253	129914
2904	4215156	12801
2905	4218060	740182
2906	4220965	10022
2907	4223871	10242
2908	4226778	105294
2909	4229686	12542
2910	4232595	12074
2911	4235505	11233
2912	4238416	16048
2913	4241328	10752
2914	4244241	11569
2915	4247155	125179
2916	4250070	10426
2917	4252986	9927
2918	4255903	10920
2919	4258821	13774
2920	4261740	42043
2921	4264660	40317
2922	4267581	13569
2923	4270503	433029
2924	4273426	12282
2925	4276350	656913
2926	4279275	10396
2927	4282201	9412
2928	4285128	24002
2929	4288056	11608
2930	4290985	22539
2931	4293915	37062
2932	4296846	10703
2933	4299778	9498
2934	4302711	33958
2935	4305645	72896
2936	4308580	13567
2937	4311516	42912
2938	4314453	142920
2939	4317391	23533
2940	4320330	9949
2941	4323270	107195
2942	4326211	12541
2943	4329153	9643
2944	4332096	11225
2945	4335040	33898
2946	4337985	9432
2947	4340931	479342
2948	4343878	9698
2949	4346826	32767
2950	4349775	16838
2951	4352725	10552
2952	4355676	25516
2953	4358628	7909
2954	4361581	15001
2955	4364535	19776
2956	4367490	15871
2957	4370446	11812
2958	4373403	33442
2959	4376361	29398
2960	4379320	43312
2961	4382280	2992678
2962	4385241	47867
2963	4388203	26596
2964	4391166	16041
2965	4394130	9892
2966	4397095	702680
2967	4400061	45168
2968	4403028	10027
2969	4405996	14032
2970	4408965	9604
2971	4411935	13529
2972	4414906	19583
2973	4417878	10905
2974	4420851	1467727
2975	4423825	12862
2976	4426800	14982
2977	4429776	23259
2978	4432753	360019
2979	4435731	12257
2980	4438710	11531
2981	4441690	10853
2982	4444671	10168
2983	4447653	9315
2984	4450636	8489
2985	4453620	9969
2986	4456605	40772
2987	4459591	10347
2988	4462578	27290
2989	4465566	51145
2990	4468555	38799
2991	4471545	10241
2992	4474536	11757
2993	4477528	9418
2994	4480521	47904
2995	4483515	10192
2996	4486510	12588
2997	4489506	911775
2998	4492503	41704
2999	4495501	11850
3000	4498500	190693
