100	4950	1157
101	5050	969
102	5151	560
103	5253	775
104	5356	669
105	5460	1445
106	5565	1736
107	5671	11554
108	5778	905
109	5886	931
110	5995	931
111	6105	1152
112	6216	8388
113	6328	1390
114	6441	970
115	6555	1765
116	6670	1494
117	6786	1195
118	6903	1530
119	7021	863
120	7140	704
121	7260	765
122	7381	1127
123	7503	241920
124	7626	809
125	7750	28519
126	7875	55747
127	8001	1057
128	8128	2267
129	8256	1863
130	8385	1774
131	8515	1740
132	8646	839
133	8778	964
134	8911	1904
135	9045	2019
136	9180	871
137	9316	1742
138	9453	1358
139	9591	1072
140	9730	878
141	9870	1151
142	10011	1734
143	10153	1096
144	10296	2103
145	10440	1771
146	10585	1685
147	10731	1150
148	10878	2059
149	11026	1455
150	11175	1707
151	11325	1166
152	11476	2581
153	11628	1787
154	11781	4024
155	11935	1416
156	12090	1014
157	12246	6492
158	12403	788
159	12561	1015
160	12720	1062
161	12880	3052
162	13041	1215
163	13203	818
164	13366	972
165	13530	2387
166	13695	759
167	13861	26818
168	14028	2551
169	14196	1870
170	14365	1336
171	14535	805
172	14706	1027
173	14878	8824
174	15051	1158
175	15225	1479
176	15400	1203
177	15576	7506
178	15753	1208
179	15931	1248
180	16110	1432
181	16290	1129
182	16471	1263
183	16653	1870
184	16836	1585
185	17020	919
186	17205	1394
187	17391	1418
188	17578	1818
189	17766	1414
190	17955	2303
191	18145	1532
192	18336	2267
193	18528	11568
194	18721	2898
195	18915	1127
196	19110	1235
197	19306	1674
198	19503	7903
199	19701	1320
200	19900	1406
201	20100	1447
202	20301	2870
203	20503	1643
204	20706	2247
205	20910	1506
206	21115	5363
207	21321	2951
208	21528	2676
209	21736	3545
210	21945	1588
211	22155	1597
212	22366	973
213	22578	1183
214	22791	2056
215	23005	2650
216	23220	2464
217	23436	1446
218	23653	3970
219	23871	1461
220	24090	1370
221	24310	1725
222	24531	1703
223	24753	1734
224	24976	5202
225	25200	2411
226	25425	1443
227	25651	4242
228	25878	2504
229	26106	1718
230	26335	2036
231	26565	147859
232	26796	2414
233	27028	1630
234	27261	1677
235	27495	1878
236	27730	3153
237	27966	1602
238	28203	1663
239	28441	1402
240	28680	1885
241	28920	1926
242	29161	1594
243	29403	7729
244	29646	2561
245	29890	2044
246	30135	1644
247	30381	1018
248	30628	1643
249	30876	2348
250	31125	4174
251	31375	1725
252	31626	1405
253	31878	2426
254	32131	1591
255	32385	2096
256	32640	2449
257	32896	4372
258	33153	1702
259	33411	2827
260	33670	2015
261	33930	1474
262	34191	3171
263	34453	2269
264	34716	1412
265	34980	1777
266	35245	1792
267	35511	3196
268	35778	2955
269	36046	4752
270	36315	4532
271	36585	1803
272	36856	2161
273	37128	3175
274	37401	1947
275	37675	4030
276	37950	1274
277	38226	1795
278	38503	15339
279	38781	3800
280	39060	2611
281	39340	3395
282	39621	3150
283	39903	2345
284	40186	4396
285	40470	2098
286	40755	2101
287	41041	11442
288	41328	3813
289	41616	2505
290	41905	1813
291	42195	1796
292	42486	1758
293	42778	2201
294	43071	2036
295	43365	1833
296	43660	2603
297	43956	2940
298	44253	2021
299	44551	9746
300	44850	91446
301	45150	2011
302	45451	2233
303	45753	2183
304	46056	2008
305	46360	2382
306	46665	2203
307	46971	3066
308	47278	3024
309	47586	2311
310	47895	2883
311	48205	59450
312	48516	2777
313	48828	2443
314	49141	2818
315	49455	2311
316	49770	2365
317	50086	2845
318	50403	2604
319	50721	4802
320	51040	2897
321	51360	2370
322	51681	3309
323	52003	4157
324	52326	1711
325	52650	2655
326	52975	3533
327	53301	2702
328	53628	2793
329	53956	2361
330	54285	3013
331	54615	2002
332	54946	2420
333	55278	1430
334	55611	2771
335	55945	2730
336	56280	2984
337	56616	4440
338	56953	2186
339	57291	5763
340	57630	2438
341	57970	1883
342	58311	1989
343	58653	4407
344	58996	1722
345	59340	2045
346	59685	1586
347	60031	4302
348	60378	2014
349	60726	1753
350	61075	2226
351	61425	7418
352	61776	5534
353	62128	8465
354	62481	2469
355	62835	4254
356	63190	2424
357	63546	4159
358	63903	1777
359	64261	4004
360	64620	16683
361	64980	2591
362	65341	4557
363	65703	4833
364	66066	1833
365	66430	1496
366	66795	4248
367	67161	2091
368	67528	2286
369	67896	12454
370	68265	4985
371	68635	8324
372	69006	3116
373	69378	5093
374	69751	5487
375	70125	2289
376	70500	2431
377	70876	2666
378	71253	4365
379	71631	2648
380	72010	8237
381	72390	5755
382	72771	2433
383	73153	2355
384	73536	4755
385	73920	3064
386	74305	2392
387	74691	3905
388	75078	1677
389	75466	2760
390	75855	1893
391	76245	2973
392	76636	2746
393	77028	2529
394	77421	2308
395	77815	4062
396	78210	2847
397	78606	3121
398	79003	3230
399	79401	2567
400	79800	8948
401	80200	4793
402	80601	3534
403	81003	2814
404	81406	4952
405	81810	4566
406	82215	14859
407	82621	3732
408	83028	2567
409	83436	1872
410	83845	11228
411	84255	1833
412	84666	4082
413	85078	4643
414	85491	10189
415	85905	2731
416	86320	5875
417	86736	5004
418	87153	2980
419	87571	3888
420	87990	2825
421	88410	2869
422	88831	74156
423	89253	2577
424	89676	5022
425	90100	20132
426	90525	5538
427	90951	5669
428	91378	2966
429	91806	5229
430	92235	5237
431	92665	2900
432	93096	3246
433	93528	3579
434	93961	1930
435	94395	3276
436	94830	3141
437	95266	3507
438	95703	4415
439	96141	3769
440	96580	3203
441	97020	3311
442	97461	2892
443	97903	3760
444	98346	2000
445	98790	2548
446	99235	2638
447	99681	2201
448	100128	3455
449	100576	4111
450	101025	3360
451	101475	4251
452	101926	2960
453	102378	3238
454	102831	2735
455	103285	4389
456	103740	4020
457	104196	3581
458	104653	2482
459	105111	3962
460	105570	4512
461	106030	3490
462	106491	3678
463	106953	3156
464	107416	3240
465	107880	2731
466	108345	3414
467	108811	3494
468	109278	4015
469	109746	4099
470	110215	2044
471	110685	3431
472	111156	3325
473	111628	4264
474	112101	2466
475	112575	7575
476	113050	12743
477	113526	2889
478	114003	17333
479	114481	3920
480	114960	4368
481	115440	3702
482	115921	3588
483	116403	2376
484	116886	2959
485	117370	2834
486	117855	3542
487	118341	3374
488	118828	38145
489	119316	3873
490	119805	3215
491	120295	2260
492	120786	3595
493	121278	44047
494	121771	3558
495	122265	4281
496	122760	2301
497	123256	3265
498	123753	2691
499	124251	3462
500	124750	3587
501	125250	3049
502	125751	3941
503	126253	3705
504	126756	40752
505	127260	4662
506	127765	3404
507	128271	3072
508	128778	3529
509	129286	3791
510	129795	3837
511	130305	5290
512	130816	3771
513	131328	8545
514	131841	4033
515	132355	3504
516	132870	3924
517	133386	2568
518	133903	5965
519	134421	32140
520	134940	12815
521	135460	7231
522	135981	5931
523	136503	3540
524	137026	3505
525	137550	3516
526	138075	4475
527	138601	6419
528	139128	4599
529	139656	4152
530	140185	11196
531	140715	4142
532	141246	6517
533	141778	6453
534	142311	5855
535	142845	4257
536	143380	4593
537	143916	4232
538	144453	3167
539	144991	9101
540	145530	4137
541	146070	10737
542	146611	4097
543	147153	6570
544	147696	4201
545	148240	4005
546	148785	4011
547	149331	99996
548	149878	4507
549	150426	6643
550	150975	4876
551	151525	5558
552	152076	3414
553	152628	3804
554	153181	4452
555	153735	2749
556	154290	7723
557	154846	4293
558	155403	3864
559	155961	7575
560	156520	4382
561	157080	6665
562	157641	4802
563	158203	6698
564	158766	3903
565	159330	6813
566	159895	36982
567	160461	8496
568	161028	8330
569	161596	36357
570	162165	12703
571	162735	4607
572	163306	4531
573	163878	6627
574	164451	3264
575	165025	4236
576	165600	3443
577	166176	6875
578	166753	5309
579	167331	5370
580	167910	4884
581	168490	4420
582	169071	4479
583	169653	7123
584	170236	8176
585	170820	4896
586	171405	4816
587	171991	4120
588	172578	6790
589	173166	5475
590	173755	5455
591	174345	4943
592	174936	6143
593	175528	4100
594	176121	130074
595	176715	5226
596	177310	4538
597	177906	4309
598	178503	3868
599	179101	15949
600	179700	171436
601	180300	4059
602	180901	5019
603	181503	4426
604	182106	4467
605	182710	4604
606	183315	4724
607	183921	51511
608	184528	6998
609	185136	4913
610	185745	5441
611	186355	4380
612	186966	8014
613	187578	5558
614	188191	3246
615	188805	3949
616	189420	3957
617	190036	4137
618	190653	4718
619	191271	4111
620	191890	6481
621	192510	4228
622	193131	4545
623	193753	4481
624	194376	4384
625	195000	4699
626	195625	6000
627	196251	5996
628	196878	4204
629	197506	4247
630	198135	6275
631	198765	9037
632	199396	6761
633	200028	4787
634	200661	6998
635	201295	7302
636	201930	6020
637	202566	4920
638	203203	6731
639	203841	5040
640	204480	5547
641	205120	6261
642	205761	6064
643	206403	4623
644	207046	44905
645	207690	5677
646	208335	6225
647	208981	4855
648	209628	9252
649	210276	7234
650	210925	7894
651	211575	7724
652	212226	5923
653	212878	4868
654	213531	7177
655	214185	3044
656	214840	5031
657	215496	6231
658	216153	5030
659	216811	4930
660	217470	6506
661	218130	7382
662	218791	7691
663	219453	8248
664	220116	6552
665	220780	10706
666	221445	5265
667	222111	6581
668	222778	4886
669	223446	4903
670	224115	5280
671	224785	5190
672	225456	4923
673	226128	4851
674	226801	9217
675	227475	4211
676	228150	5501
677	228826	5389
678	229503	7149
679	230181	5782
680	230860	7731
681	231540	4893
682	232221	5283
683	232903	5560
684	233586	3740
685	234270	3447
686	234955	3697
687	235641	6640
688	236328	5925
689	237016	124538
690	237705	4409
691	238395	5660
692	239086	9383
693	239778	5221
694	240471	6083
695	241165	5083
696	241860	5459
697	242556	7315
698	243253	9513
699	243951	4528
700	244650	5006
701	245350	6360
702	246051	5696
703	246753	6914
704	247456	8672
705	248160	7837
706	248865	7709
707	249571	4919
708	250278	4721
709	250986	5501
710	251695	4326
711	252405	5150
712	253116	4166
713	253828	6585
714	254541	4988
715	255255	7265
716	255970	41517
717	256686	4569
718	257403	5850
719	258121	3697
720	258840	9677
721	259560	9896
722	260281	4968
723	261003	5267
724	261726	6576
725	262450	5785
726	263175	7057
727	263901	5918
728	264628	5505
729	265356	10130
730	266085	4693
731	266815	10176
732	267546	5835
733	268278	5236
734	269011	6478
735	269745	5254
736	270480	9015
737	271216	5353
738	271953	7845
739	272691	5370
740	273430	7929
741	274170	5400
742	274911	7832
743	275653	9087
744	276396	7803
745	277140	8468
746	277885	16241
747	278631	12463
748	279378	9808
749	280126	5717
750	280875	7864
751	281625	8742
752	282376	7550
753	283128	4666
754	283881	149647
755	284635	5345
756	285390	6717
757	286146	5062
758	286903	68295
759	287661	8140
760	288420	5386
761	289180	9288
762	289941	6259
763	290703	5484
764	291466	650864
765	292230	9487
766	292995	5476
767	293761	4933
768	294528	152452
769	295296	144086
770	296065	9502
771	296835	8871
772	297606	9050
773	298378	6806
774	299151	5820
775	299925	12345
776	300700	6223
777	301476	6213
778	302253	153144
779	303031	9067
780	303810	7255
781	304590	8906
782	305371	9473
783	306153	12516
784	306936	8615
785	307720	9264
786	308505	9696
787	309291	6017
788	310078	6084
789	310866	5863
790	311655	8896
791	312445	5335
792	313236	5754
793	314028	5397
794	314821	5855
795	315615	4566
796	316410	4130
797	317206	5210
798	318003	6195
799	318801	7755
800	319600	13457
801	320400	1698576
802	321201	11168
803	322003	5591
804	322806	5805
805	323610	96404
806	324415	6217
807	325221	11090
808	326028	8783
809	326836	9036
810	327645	10585
811	328455	9143
812	329266	9159
813	330078	8956
814	330891	8297
815	331705	154064
816	332520	5311
817	333336	18304
818	334153	5707
819	334971	5329
820	335790	4666
821	336610	12355
822	337431	13904
823	338253	9646
824	339076	10030
825	339900	5634
826	340725	6594
827	341551	5140
828	342378	6401
829	343206	11220
830	344035	6754
831	344865	11124
832	345696	7755
833	346528	13153
834	347361	10306
835	348195	5790
836	349030	4280
837	349866	5868
838	350703	6173
839	351541	9566
840	352380	12151
841	353220	5615
842	354061	4986
843	354903	13540
844	355746	6305
845	356590	8340
846	357435	12458
847	358281	6200
848	359128	5502
849	359976	6870
850	360825	5324
851	361675	5847
852	362526	11770
853	363378	5688
854	364231	6240
855	365085	6374
856	365940	6823
857	366796	12468
858	367653	12212
859	368511	50412
860	369370	28329
861	370230	116680
862	371091	12412
863	371953	5114
864	372816	7647
865	373680	7171
866	374545	9209
867	375411	7168
868	376278	5071
869	377146	7681
870	378015	14940
871	378885	7374
872	379756	8546
873	380628	7691
874	381501	6469
875	382375	6469
876	383250	6863
877	384126	5399
878	385003	6913
879	385881	5749
880	386760	7391
881	387640	7528
882	388521	6347
883	389403	6774
884	390286	134081
885	391170	7399
886	392055	7268
887	392941	5743
888	393828	7123
889	394716	8362
890	395605	5635
891	396495	7547
892	397386	43737
893	398278	8432
894	399171	6677
895	400065	8386
896	400960	7088
897	401856	7048
898	402753	7510
899	403651	6513
900	404550	45109
901	405450	12888
902	406351	6055
903	407253	9553
904	408156	6039
905	409060	5847
906	409965	7225
907	410871	7686
908	411778	5129
909	412686	9498
910	413595	6025
911	414505	7150
912	415416	7701
913	416328	7159
914	417241	8079
915	418155	7077
916	419070	7076
917	419986	7128
918	420903	7245
919	421821	6739
920	422740	9955
921	423660	6917
922	424581	7432
923	425503	8528
924	426426	7221
925	427350	5524
926	428275	31811
927	429201	8016
928	430128	5617
929	431056	7735
930	431985	8234
931	432915	115539
932	433846	7612
933	434778	8301
934	435711	7057
935	436645	5267
936	437580	5413
937	438516	9544
938	439453	7378
939	440391	7220
940	441330	18759
941	442270	5848
942	443211	7735
943	444153	6133
944	445096	14028
945	446040	8017
946	446985	7594
947	447931	5509
948	448878	8286
949	449826	8695
950	450775	8041
951	451725	7946
952	452676	7596
953	453628	7932
954	454581	7686
955	455535	7242
956	456490	13712
957	457446	10198
958	458403	7652
959	459361	9396
960	460320	8047
961	461280	6937
962	462241	12123
963	463203	13738
964	464166	7958
965	465130	7057
966	466095	7286
967	467061	9082
968	468028	7091
969	468996	7647
970	469965	7630
971	470935	8089
972	471906	7293
973	472878	7103
974	473851	8577
975	474825	8020
976	475800	8343
977	476776	7335
978	477753	5610
979	478731	7497
980	479710	7065
981	480690	9069
982	481671	7297
983	482653	7240
984	483636	7148
985	484620	5767
986	485605	7157
987	486591	11695
988	487578	10962
989	488566	8125
990	489555	7792
991	490545	7731
992	491536	7455
993	492528	79893
994	493521	22663
995	494515	7227
996	495510	10301
997	496506	7341
998	497503	6924
999	498501	6624
1000	499500	7165
1001	500500	7708
1002	501501	7313
1003	502503	5748
1004	503506	7496
1005	504510	7043
1006	505515	12487
1007	506521	7531
1008	507528	8026
1009	508536	8437
1010	509545	7487
1011	510555	7699
1012	511566	8571
1013	512578	8209
1014	513591	8702
1015	514605	8352
1016	515620	8149
1017	516636	5916
1018	517653	14260
1019	518671	9032
1020	519690	8146
1021	520710	7950
1022	521731	7310
1023	522753	10516
1024	523776	7513
1025	524800	7547
1026	525825	7970
1027	526851	11621
1028	527878	7132
1029	528906	66065
1030	529935	12416
1031	530965	12221
1032	531996	21803
1033	533028	12400
1034	534061	9029
1035	535095	17103
1036	536130	11007
1037	537166	12722
1038	538203	112156
1039	539241	15938
1040	540280	7666
1041	541320	16457
1042	542361	13577
1043	543403	20606
1044	544446	7614
1045	545490	5505
1046	546535	47767
1047	547581	13067
1048	548628	8517
1049	549676	8488
1050	550725	13242
1051	551775	12471
1052	552826	8665
1053	553878	16309
1054	554931	13806
1055	555985	6960
1056	557040	15006
1057	558096	8357
1058	559153	7877
1059	560211	18319
1060	561270	7463
1061	562330	91869
1062	563391	13400
1063	564453	15371
1064	565516	14391
1065	566580	16669
1066	567645	7742
1067	568711	8818
1068	569778	46124
1069	570846	12772
1070	571915	7883
1071	572985	8679
1072	574056	6358
1073	575128	6362
1074	576201	12726
1075	577275	7808
1076	578350	6367
1077	579426	13526
1078	580503	6518
1079	581581	6360
1080	582660	13102
1081	583740	7779
1082	584821	8839
1083	585903	11988
1084	586986	8132
1085	588070	10635
1086	589155	9239
1087	590241	12682
1088	591328	8441
1089	592416	8582
1090	593505	15841
1091	594595	14204
1092	595686	9273
1093	596778	86328
1094	597871	7611
1095	598965	7773
1096	600060	9065
1097	601156	24531
1098	602253	9267
1099	603351	5574
1100	604450	8693
1101	605550	15249
1102	606651	9469
1103	607753	13568
1104	608856	12907
1105	609960	8225
1106	611065	6649
1107	612171	9706
1108	613278	8325
1109	614386	14360
1110	615495	14365
1111	616605	14252
1112	617716	9464
1113	618828	14316
1114	619941	14212
1115	621055	8262
1116	622170	7866
1117	623286	8109
1118	624403	14210
1119	625521	7599
1120	626640	7970
1121	627760	19125
1122	628881	7930
1123	630003	7726
1124	631126	14959
1125	632250	23105
1126	633375	21705
1127	634501	7564
1128	635628	7585
1129	636756	8286
1130	637885	9026
1131	639015	15969
1132	640146	15152
1133	641278	14533
1134	642411	8497
1135	643545	10900
1136	644680	15465
1137	645816	9223
1138	646953	7734
1139	648091	6430
1140	649230	15035
1141	650370	8469
1142	651511	93659
1143	652653	8811
1144	653796	7545
1145	654940	8137
1146	656085	13619
1147	657231	7900
1148	658378	7757
1149	659526	7171
1150	660675	154365
1151	661825	13418
1152	662976	8909
1153	664128	16671
1154	665281	16934
1155	666435	5754
1156	667590	39047
1157	668746	7741
1158	669903	8897
1159	671061	15007
1160	672220	16877
1161	673380	6948
1162	674541	9055
1163	675703	9356
1164	676866	8882
1165	678030	9115
1166	679195	24600
1167	680361	15266
1168	681528	8937
1169	682696	14385
1170	683865	9291
1171	685035	9971
1172	686206	7995
1173	687378	19533
1174	688551	21084
1175	689725	17863
1176	690900	13115
1177	692076	7843
1178	693253	8138
1179	694431	14615
1180	695610	7972
1181	696790	8747
1182	697971	15416
1183	699153	11444
1184	700336	15965
1185	701520	28262
1186	702705	8549
1187	703891	5907
1188	705078	7286
1189	706266	8945
1190	707455	140302
1191	708645	7839
1192	709836	13877
1193	711028	7466
1194	712221	9861
1195	713415	8205
1196	714610	15515
1197	715806	15607
1198	717003	12825
1199	718201	14802
1200	719400	14002
1201	720600	9977
1202	721801	162051
1203	723003	9001
1204	724206	167170
1205	725410	8074
1206	726615	9012
1207	727821	9072
1208	729028	18488
1209	730236	17057
1210	731445	6971
1211	732655	18142
1212	733866	7072
1213	735078	9730
1214	736291	7669
1215	737505	13863
1216	738720	12948
1217	739936	10007
1218	741153	12953
1219	742371	7993
1220	743590	22442
1221	744810	9368
1222	746031	13116
1223	747253	7346
1224	748476	7985
1225	749700	29307
1226	750925	102783
1227	752151	12218
1228	753378	7730
1229	754606	23143
1230	755835	9437
1231	757065	7887
1232	758296	9804
1233	759528	145054
1234	760761	9618
1235	761995	12589
1236	763230	9118
1237	764466	13786
1238	765703	11319
1239	766941	8609
1240	768180	13562
1241	769420	9752
1242	770661	8673
1243	771903	9620
1244	773146	10179
1245	774390	12834
1246	775635	13784
1247	776881	12529
1248	778128	7794
1249	779376	8596
1250	780625	8975
1251	781875	9146
1252	783126	12320
1253	784378	63705
1254	785631	16127
1255	786885	15238
1256	788140	8668
1257	789396	11800
1258	790653	13118
1259	791911	15028
1260	793170	9649
1261	794430	7434
1262	795691	9124
1263	796953	9918
1264	798216	9645
1265	799480	16318
1266	800745	9020
1267	802011	8434
1268	803278	11157
1269	804546	12861
1270	805815	9839
1271	807085	14994
1272	808356	9387
1273	809628	15054
1274	810901	7389
1275	812175	13996
1276	813450	10067
1277	814726	8950
1278	816003	8153
1279	817281	8355
1280	818560	10851
1281	819840	8228
1282	821121	12831
1283	822403	11217
1284	823686	12378
1285	824970	12020
1286	826255	9457
1287	827541	6423
1288	828828	10080
1289	830116	9859
1290	831405	8305
1291	832695	144475
1292	833986	10008
1293	835278	11514
1294	836571	12037
1295	837865	7219
1296	839160	12879
1297	840456	8980
1298	841753	9741
1299	843051	14178
1300	844350	9584
1301	845650	24372
1302	846951	10912
1303	848253	9496
1304	849556	10094
1305	850860	10375
1306	852165	10669
1307	853471	9820
1308	854778	9050
1309	856086	9548
1310	857395	6921
1311	858705	14934
1312	860016	8708
1313	861328	12751
1314	862641	8976
1315	863955	10040
1316	865270	9384
1317	866586	9798
1318	867903	7174
1319	869221	102162
1320	870540	8893
1321	871860	10445
1322	873181	10116
1323	874503	7946
1324	875826	10192
1325	877150	8603
1326	878475	153590
1327	879801	9291
1328	881128	10080
1329	882456	28170
1330	883785	9870
1331	885115	7850
1332	886446	10120
1333	887778	9900
1334	889111	6632
1335	890445	10362
1336	891780	12718
1337	893116	11550
1338	894453	16115
1339	895791	9396
1340	897130	8934
1341	898470	13443
1342	899811	14177
1343	901153	13660
1344	902496	9845
1345	903840	8491
1346	905185	13322
1347	906531	9592
1348	907878	10485
1349	909226	11759
1350	910575	14996
1351	911925	15630
1352	913276	9477
1353	914628	9035
1354	915981	9455
1355	917335	26430
1356	918690	8463
1357	920046	15392
1358	921403	12953
1359	922761	14206
1360	924120	79040
1361	925480	11739
1362	926841	12661
1363	928203	10156
1364	929566	12461
1365	930930	8609
1366	932295	9650
1367	933661	6578
1368	935028	11315
1369	936396	12472
1370	937765	10809
1371	939135	13131
1372	940506	12655
1373	941878	9130
1374	943251	15889
1375	944625	11546
1376	946000	9457
1377	947376	8427
1378	948753	10562
1379	950131	8195
1380	951510	77945
1381	952890	9904
1382	954271	8734
1383	955653	10695
1384	957036	10946
1385	958420	9078
1386	959805	13195
1387	961191	13867
1388	962578	11417
1389	963966	8478
1390	965355	74578
1391	966745	9774
1392	968136	9694
1393	969528	11498
1394	970921	93342
1395	972315	17999
1396	973710	8869
1397	975106	9738
1398	976503	10466
1399	977901	10536
1400	979300	10689
1401	980700	8116
1402	982101	9007
1403	983503	7742
1404	984906	11974
1405	986310	8753
1406	987715	11037
1407	989121	14553
1408	990528	19297
1409	991936	207936
1410	993345	9036
1411	994755	10133
1412	996166	10974
1413	997578	9457
1414	998991	9456
1415	1000405	10499
1416	1001820	9188
1417	1003236	10356
1418	1004653	8739
1419	1006071	18411
1420	1007490	32572
1421	1008910	10412
1422	1010331	9153
1423	1011753	9413
1424	1013176	10674
1425	1014600	9857
1426	1016025	9070
1427	1017451	9399
1428	1018878	13165
1429	1020306	11705
1430	1021735	17095
1431	1023165	12552
1432	1024596	10513
1433	1026028	8298
1434	1027461	13047
1435	1028895	9216
1436	1030330	10633
1437	1031766	10217
1438	1033203	10356
1439	1034641	13562
1440	1036080	11115
1441	1037520	11750
1442	1038961	13604
1443	1040403	11718
1444	1041846	17330
1445	1043290	11977
1446	1044735	27216
1447	1046181	13589
1448	1047628	11540
1449	1049076	70475
1450	1050525	10703
1451	1051975	10108
1452	1053426	10291
1453	1054878	11960
1454	1056331	11772
1455	1057785	11109
1456	1059240	12601
1457	1060696	12390
1458	1062153	12069
1459	1063611	12461
1460	1065070	12025
1461	1066530	8932
1462	1067991	8622
1463	1069453	8919
1464	1070916	7029
1465	1072380	11789
1466	1073845	67764
1467	1075311	38641
1468	1076778	11455
1469	1078246	13064
1470	1079715	10673
1471	1081185	12122
1472	1082656	10565
1473	1084128	10408
1474	1085601	12841
1475	1087075	10715
1476	1088550	10859
1477	1090026	12354
1478	1091503	9286
1479	1092981	9511
1480	1094460	9367
1481	1095940	11790
1482	1097421	13842
1483	1098903	8799
1484	1100386	129423
1485	1101870	8510
1486	1103355	7289
1487	1104841	10518
1488	1106328	10913
1489	1107816	10359
1490	1109305	10644
1491	1110795	9075
1492	1112286	10074
1493	1113778	10661
1494	1115271	9588
1495	1116765	12039
1496	1118260	19103
1497	1119756	13146
1498	1121253	8540
1499	1122751	10652
1500	1124250	22071
1501	1125750	9181
1502	1127251	10800
1503	1128753	12034
1504	1130256	118674
1505	1131760	13734
1506	1133265	15450
1507	1134771	16830
1508	1136278	10280
1509	1137786	10317
1510	1139295	11785
1511	1140805	11984
1512	1142316	11672
1513	1143828	11227
1514	1145341	9003
1515	1146855	12859
1516	1148370	82441
1517	1149886	154001
1518	1151403	9509
1519	1152921	9766
1520	1154440	13584
1521	1155960	9174
1522	1157481	132776
1523	1159003	9100
1524	1160526	10921
1525	1162050	10026
1526	1163575	178414
1527	1165101	225014
1528	1166628	9567
1529	1168156	11125
1530	1169685	12980
1531	1171215	16678
1532	1172746	15091
1533	1174278	10417
1534	1175811	11191
1535	1177345	10125
1536	1178880	8817
1537	1180416	23152
1538	1181953	11705
1539	1183491	14182
1540	1185030	18403
1541	1186570	9947
1542	1188111	10741
1543	1189653	11987
1544	1191196	16418
1545	1192740	11566
1546	1194285	9446
1547	1195831	19168
1548	1197378	15417
1549	1198926	15742
1550	1200475	15098
1551	1202025	14571
1552	1203576	40137
1553	1205128	17032
1554	1206681	7973
1555	1208235	13024
1556	1209790	12557
1557	1211346	28719
1558	1212903	10895
1559	1214461	9039
1560	1216020	8515
1561	1217580	12221
1562	1219141	11902
1563	1220703	11643
1564	1222266	11877
1565	1223830	11774
1566	1225395	12058
1567	1226961	16174
1568	1228528	9771
1569	1230096	10291
1570	1231665	11342
1571	1233235	12292
1572	1234806	12018
1573	1236378	10696
1574	1237951	11109
1575	1239525	9706
1576	1241100	17060
1577	1242676	14010
1578	1244253	13590
1579	1245831	11360
1580	1247410	19770
1581	1248990	17636
1582	1250571	42802
1583	1252153	9648
1584	1253736	17415
1585	1255320	10073
1586	1256905	8714
1587	1258491	9941
1588	1260078	11619
1589	1261666	147632
1590	1263255	14819
1591	1264845	14141
1592	1266436	7884
1593	1268028	14242
1594	1269621	15720
1595	1271215	11466
1596	1272810	10937
1597	1274406	16089
1598	1276003	11880
1599	1277601	14610
1600	1279200	15327
1601	1280800	12269
1602	1282401	10683
1603	1284003	12036
1604	1285606	12383
1605	1287210	11811
1606	1288815	9267
1607	1290421	19653
1608	1292028	13925
1609	1293636	14586
1610	1295245	15800
1611	1296855	11675
1612	1298466	21461
1613	1300078	11613
1614	1301691	9133
1615	1303305	16288
1616	1304920	10034
1617	1306536	124170
1618	1308153	15490
1619	1309771	15410
1620	1311390	10955
1621	1313010	148402
1622	1314631	14630
1623	1316253	15258
1624	1317876	15787
1625	1319500	10131
1626	1321125	32867
1627	1322751	11166
1628	1324378	16238
1629	1326006	16100
1630	1327635	10508
1631	1329265	14758
1632	1330896	9673
1633	1332528	12093
1634	1334161	9548
1635	1335795	11988
1636	1337430	10874
1637	1339066	10921
1638	1340703	11869
1639	1342341	180416
1640	1343980	15628
1641	1345620	13404
1642	1347261	16189
1643	1348903	21960
1644	1350546	16032
1645	1352190	17832
1646	1353835	10738
1647	1355481	23763
1648	1357128	15918
1649	1358776	14205
1650	1360425	16218
1651	1362075	15754
1652	1363726	15281
1653	1365378	17264
1654	1367031	9384
1655	1368685	16458
1656	1370340	14716
1657	1371996	15859
1658	1373653	9482
1659	1375311	12420
1660	1376970	9957
1661	1378630	15762
1662	1380291	12333
1663	1381953	16004
1664	1383616	11025
1665	1385280	15034
1666	1386945	15636
1667	1388611	12062
1668	1390278	11679
1669	1391946	15208
1670	1393615	10361
1671	1395285	16314
1672	1396956	11321
1673	1398628	10346
1674	1400301	17018
1675	1401975	12309
1676	1403650	10040
1677	1405326	12052
1678	1407003	14011
1679	1408681	166633
1680	1410360	15133
1681	1412040	15715
1682	1413721	16935
1683	1415403	11959
1684	1417086	11750
1685	1418770	18235
1686	1420455	9952
1687	1422141	19654
1688	1423828	12925
1689	1425516	9394
1690	1427205	13531
1691	1428895	11954
1692	1430586	19685
1693	1432278	14378
1694	1433971	19756
1695	1435665	12098
1696	1437360	30282
1697	1439056	104963
1698	1440753	12857
1699	1442451	10363
1700	1444150	16795
1701	1445850	13223
1702	1447551	12141
1703	1449253	18141
1704	1450956	8338
1705	1452660	20828
1706	1454365	10884
1707	1456071	12881
1708	1457778	17956
1709	1459486	10221
1710	1461195	12697
1711	1462905	16685
1712	1464616	15037
1713	1466328	12174
1714	1468041	10673
1715	1469755	18469
1716	1471470	19006
1717	1473186	9537
1718	1474903	20609
1719	1476621	11274
1720	1478340	24409
1721	1480060	11888
1722	1481781	129837
1723	1483503	18087
1724	1485226	11110
1725	1486950	14961
1726	1488675	11985
1727	1490401	13339
1728	1492128	18086
1729	1493856	16662
1730	1495585	10439
1731	1497315	12713
1732	1499046	17209
1733	1500778	18687
1734	1502511	10722
1735	1504245	14361
1736	1505980	12888
1737	1507716	12987
1738	1509453	10223
1739	1511191	11506
1740	1512930	8703
1741	1514670	15156
1742	1516411	10761
1743	1518153	10154
1744	1519896	11580
1745	1521640	11861
1746	1523385	11229
1747	1525131	16795
1748	1526878	16908
1749	1528626	11138
1750	1530375	16970
1751	1532125	9993
1752	1533876	16729
1753	1535628	9189
1754	1537381	13110
1755	1539135	9313
1756	1540890	94583
1757	1542646	12302
1758	1544403	29556
1759	1546161	18074
1760	1547920	9147
1761	1549680	18256
1762	1551441	14416
1763	1553203	11815
1764	1554966	20145
1765	1556730	11124
1766	1558495	11869
1767	1560261	12222
1768	1562028	9091
1769	1563796	8983
1770	1565565	12675
1771	1567335	14360
1772	1569106	56427
1773	1570878	18909
1774	1572651	21012
1775	1574425	83106
1776	1576200	10795
1777	1577976	13130
1778	1579753	16380
1779	1581531	25882
1780	1583310	16931
1781	1585090	9940
1782	1586871	12850
1783	1588653	22689
1784	1590436	11658
1785	1592220	12574
1786	1594005	69529
1787	1595791	14339
1788	1597578	13064
1789	1599366	23266
1790	1601155	10900
1791	1602945	14176
1792	1604736	20433
1793	1606528	10216
1794	1608321	13689
1795	1610115	10832
1796	1611910	14383
1797	1613706	13985
1798	1615503	12237
1799	1617301	10542
1800	1619100	13445
1801	1620900	148300
1802	1622701	15323
1803	1624503	16774
1804	1626306	12954
1805	1628110	13988
1806	1629915	13195
1807	1631721	10870
1808	1633528	13722
1809	1635336	13720
1810	1637145	16103
1811	1638955	12818
1812	1640766	14252
1813	1642578	12346
1814	1644391	14444
1815	1646205	23745
1816	1648020	17334
1817	1649836	14096
1818	1651653	17888
1819	1653471	42034
1820	1655290	15811
1821	1657110	11356
1822	1658931	13810
1823	1660753	15334
1824	1662576	171051
1825	1664400	57133
1826	1666225	11783
1827	1668051	15755
1828	1669878	56277
1829	1671706	10786
1830	1673535	13382
1831	1675365	15514
1832	1677196	168347
1833	1679028	11730
1834	1680861	10526
1835	1682695	29106
1836	1684530	12909
1837	1686366	25271
1838	1688203	13264
1839	1690041	89025
1840	1691880	11942
1841	1693720	10865
1842	1695561	15289
1843	1697403	71756
1844	1699246	15721
1845	1701090	21124
1846	1702935	15023
1847	1704781	10808
1848	1706628	14486
1849	1708476	16238
1850	1710325	11430
1851	1712175	147052
1852	1714026	13742
1853	1715878	110054
1854	1717731	14312
1855	1719585	13708
1856	1721440	11144
1857	1723296	13136
1858	1725153	12356
1859	1727011	21614
1860	1728870	16000
1861	1730730	14597
1862	1732591	30306
1863	1734453	10565
1864	1736316	13980
1865	1738180	19373
1866	1740045	41521
1867	1741911	17161
1868	1743778	14597
1869	1745646	35035
1870	1747515	11201
1871	1749385	14558
1872	1751256	54881
1873	1753128	22708
1874	1755001	15244
1875	1756875	13409
1876	1758750	14350
1877	1760626	17512
1878	1762503	15275
1879	1764381	14551
1880	1766260	15082
1881	1768140	14002
1882	1770021	15837
1883	1771903	14924
1884	1773786	16836
1885	1775670	14650
1886	1777555	14226
1887	1779441	15192
1888	1781328	22862
1889	1783216	12249
1890	1785105	46402
1891	1786995	21864
1892	1788886	13818
1893	1790778	11872
1894	1792671	149994
1895	1794565	13808
1896	1796460	13283
1897	1798356	13116
1898	1800253	36279
1899	1802151	10942
1900	1804050	10668
1901	1805950	15680
1902	1807851	14663
1903	1809753	15522
1904	1811656	13733
1905	1813560	14867
1906	1815465	14297
1907	1817371	13958
1908	1819278	13883
1909	1821186	14095
1910	1823095	13992
1911	1825005	11830
1912	1826916	12178
1913	1828828	165209
1914	1830741	14129
1915	1832655	15865
1916	1834570	14167
1917	1836486	14728
1918	1838403	14265
1919	1840321	54677
1920	1842240	13724
1921	1844160	16288
1922	1846081	32114
1923	1848003	13646
1924	1849926	11076
1925	1851850	16872
1926	1853775	15665
1927	1855701	14415
1928	1857628	23715
1929	1859556	155154
1930	1861485	18795
1931	1863415	13901
1932	1865346	48625
1933	1867278	14885
1934	1869211	14624
1935	1871145	54139
1936	1873080	15575
1937	1875016	115718
1938	1876953	15555
1939	1878891	11871
1940	1880830	10857
1941	1882770	11988
1942	1884711	20470
1943	1886653	15319
1944	1888596	15640
1945	1890540	15683
1946	1892485	15199
1947	1894431	14855
1948	1896378	20300
1949	1898326	51181
1950	1900275	17189
1951	1902225	15055
1952	1904176	143177
1953	1906128	23573
1954	1908081	15710
1955	1910035	20034
1956	1911990	16498
1957	1913946	33020
1958	1915903	53610
1959	1917861	17109
1960	1919820	16320
1961	1921780	16830
1962	1923741	16541
1963	1925703	16275
1964	1927666	11730
1965	1929630	13876
1966	1931595	15751
1967	1933561	19167
1968	1935528	15465
1969	1937496	11510
1970	1939465	14582
1971	1941435	12587
1972	1943406	28543
1973	1945378	15190
1974	1947351	11545
1975	1949325	14408
1976	1951300	15140
1977	1953276	10935
1978	1955253	15849
1979	1957231	19954
1980	1959210	14982
1981	1961190	14933
1982	1963171	15258
1983	1965153	84093
1984	1967136	15091
1985	1969120	14647
1986	1971105	19645
1987	1973091	15362
1988	1975078	16916
1989	1977066	17405
1990	1979055	14530
1991	1981045	16896
1992	1983036	16328
1993	1985028	15663
1994	1987021	13902
1995	1989015	14636
1996	1991010	15978
1997	1993006	50092
1998	1995003	14273
1999	1997001	11709
2000	1999000	154888
2001	2001000	11376
2002	2003001	15469
2003	2005003	16242
2004	2007006	18969
2005	2009010	76795
2006	2011015	15360
2007	2013021	16741
2008	2015028	15641
2009	2017036	16034
2010	2019045	16930
2011	2021055	14654
2012	2023066	12389
2013	2025078	15051
2014	2027091	12646
2015	2029105	17425
2016	2031120	156896
2017	2033136	15282
2018	2035153	16985
2019	2037171	16075
2020	2039190	68573
2021	2041210	16939
2022	2043231	54920
2023	2045253	14575
2024	2047276	15368
2025	2049300	54669
2026	2051325	13060
2027	2053351	15697
2028	2055378	12974
2029	2057406	16230
2030	2059435	15022
2031	2061465	15738
2032	2063496	12458
2033	2065528	50046
2034	2067561	14512
2035	2069595	13977
2036	2071630	19790
2037	2073666	18356
2038	2075703	17443
2039	2077741	16403
2040	2079780	14892
2041	2081820	24744
2042	2083861	15705
2043	2085903	13040
2044	2087946	177698
2045	2089990	14747
2046	2092035	18515
2047	2094081	15905
2048	2096128	14847
2049	2098176	15022
2050	2100225	14599
2051	2102275	14404
2052	2104326	12581
2053	2106378	161220
2054	2108431	25405
2055	2110485	136910
2056	2112540	22884
2057	2114596	24853
2058	2116653	300454
2059	2118711	14961
2060	2120770	26370
2061	2122830	120517
2062	2124891	24108
2063	2126953	154045
2064	2129016	13015
2065	2131080	21694
2066	2133145	23723
2067	2135211	13341
2068	2137278	14870
2069	2139346	16250
2070	2141415	21268
2071	2143485	22971
2072	2145556	29744
2073	2147628	26134
2074	2149701	20072
2075	2151775	13215
2076	2153850	12800
2077	2155926	189691
2078	2158003	28876
2079	2160081	31322
2080	2162160	18329
2081	2164240	51066
2082	2166321	110760
2083	2168403	179795
2084	2170486	13594
2085	2172570	23369
2086	2174655	15222
2087	2176741	14004
2088	2178828	25385
2089	2180916	21519
2090	2183005	13580
2091	2185095	13106
2092	2187186	13244
2093	2189278	16479
2094	2191371	20006
2095	2193465	13631
2096	2195560	15340
2097	2197656	38927
2098	2199753	15069
2099	2201851	28268
2100	2203950	13725
2101	2206050	14944
2102	2208151	14711
2103	2210253	16834
2104	2212356	25183
2105	2214460	24109
2106	2216565	25940
2107	2218671	26697
2108	2220778	15274
2109	2222886	13223
2110	2224995	59061
2111	2227105	17434
2112	2229216	19466
2113	2231328	12835
2114	2233441	12320
2115	2235555	54308
2116	2237670	16962
2117	2239786	15071
2118	2241903	113280
2119	2244021	25632
2120	2246140	15344
2121	2248260	15185
2122	2250381	16380
2123	2252503	69568
2124	2254626	107573
2125	2256750	12023
2126	2258875	16025
2127	2261001	29256
2128	2263128	23851
2129	2265256	42267
2130	2267385	33349
2131	2269515	12219
2132	2271646	14602
2133	2273778	17493
2134	2275911	37378
2135	2278045	16425
2136	2280180	14333
2137	2282316	14850
2138	2284453	27699
2139	2286591	99297
2140	2288730	17360
2141	2290870	17230
2142	2293011	16245
2143	2295153	16491
2144	2297296	15350
2145	2299440	13589
2146	2301585	14375
2147	2303731	14837
2148	2305878	14604
2149	2308026	11310
2150	2310175	14270
2151	2312325	18019
2152	2314476	12637
2153	2316628	11484
2154	2318781	13465
2155	2320935	18618
2156	2323090	14807
2157	2325246	10821
2158	2327403	14527
2159	2329561	10495
2160	2331720	16461
2161	2333880	16153
2162	2336041	16105
2163	2338203	20190
2164	2340366	59872
2165	2342530	21620
2166	2344695	17042
2167	2346861	11125
2168	2349028	16432
2169	2351196	23508
2170	2353365	17193
2171	2355535	39621
2172	2357706	16735
2173	2359878	12377
2174	2362051	130869
2175	2364225	21380
2176	2366400	15497
2177	2368576	16788
2178	2370753	11763
2179	2372931	18978
2180	2375110	15847
2181	2377290	16147
2182	2379471	17451
2183	2381653	12996
2184	2383836	15391
2185	2386020	145484
2186	2388205	17666
2187	2390391	24270
2188	2392578	16516
2189	2394766	25029
2190	2396955	147369
2191	2399145	26406
2192	2401336	13169
2193	2403528	13609
2194	2405721	17059
2195	2407915	15519
2196	2410110	17489
2197	2412306	15902
2198	2414503	14306
2199	2416701	25800
2200	2418900	20386
2201	2421100	22048
2202	2423301	201769
2203	2425503	24840
2204	2427706	28778
2205	2429910	13857
2206	2432115	17300
2207	2434321	16707
2208	2436528	22354
2209	2438736	13700
2210	2440945	20185
2211	2443155	22953
2212	2445366	19010
2213	2447578	22351
2214	2449791	79420
2215	2452005	17216
2216	2454220	17137
2217	2456436	16659
2218	2458653	114946
2219	2460871	16669
2220	2463090	18189
2221	2465310	16514
2222	2467531	18570
2223	2469753	19185
2224	2471976	17685
2225	2474200	14002
2226	2476425	18152
2227	2478651	19341
2228	2480878	19223
2229	2483106	14460
2230	2485335	23865
2231	2487565	112299
2232	2489796	63790
2233	2492028	14823
2234	2494261	16800
2235	2496495	17183
2236	2498730	16029
2237	2500966	16804
2238	2503203	16012
2239	2505441	16559
2240	2507680	18014
2241	2509920	17627
2242	2512161	16019
2243	2514403	27389
2244	2516646	17830
2245	2518890	25431
2246	2521135	19161
2247	2523381	14139
2248	2525628	19955
2249	2527876	15169
2250	2530125	17266
2251	2532375	13933
2252	2534626	24497
2253	2536878	24373
2254	2539131	23198
2255	2541385	13617
2256	2543640	17474
2257	2545896	17448
2258	2548153	24865
2259	2550411	16978
2260	2552670	14128
2261	2554930	21633
2262	2557191	13226
2263	2559453	16675
2264	2561716	15580
2265	2563980	22348
2266	2566245	16425
2267	2568511	23389
2268	2570778	14237
2269	2573046	21604
2270	2575315	86498
2271	2577585	13527
2272	2579856	34719
2273	2582128	24482
2274	2584401	15735
2275	2586675	216212
2276	2588950	15851
2277	2591226	15022
2278	2593503	19673
2279	2595781	24408
2280	2598060	14353
2281	2600340	170347
2282	2602621	29579
2283	2604903	16960
2284	2607186	40490
2285	2609470	14999
2286	2611755	17681
2287	2614041	25028
2288	2616328	18235
2289	2618616	20363
2290	2620905	17244
2291	2623195	17462
2292	2625486	16635
2293	2627778	18232
2294	2630071	16105
2295	2632365	14257
2296	2634660	24012
2297	2636956	16406
2298	2639253	16038
2299	2641551	23591
2300	2643850	16779
2301	2646150	18720
2302	2648451	16614
2303	2650753	13189
2304	2653056	16907
2305	2655360	35753
2306	2657665	21838
2307	2659971	15475
2308	2662278	12636
2309	2664586	16927
2310	2666895	18515
2311	2669205	13017
2312	2671516	12141
2313	2673828	17791
2314	2676141	11214
2315	2678455	20418
2316	2680770	16478
2317	2683086	15733
2318	2685403	24790
2319	2687721	148825
2320	2690040	177405
2321	2692360	15255
2322	2694681	56409
2323	2697003	23113
2324	2699326	14571
2325	2701650	17794
2326	2703975	15957
2327	2706301	22498
2328	2708628	17936
2329	2710956	20158
2330	2713285	15134
2331	2715615	21225
2332	2717946	151152
2333	2720278	12049
2334	2722611	26009
2335	2724945	17452
2336	2727280	28625
2337	2729616	15397
2338	2731953	14085
2339	2734291	16219
2340	2736630	22716
2341	2738970	106363
2342	2741311	162748
2343	2743653	18324
2344	2745996	21103
2345	2748340	42574
2346	2750685	19379
2347	2753031	16182
2348	2755378	18862
2349	2757726	13737
2350	2760075	11939
2351	2762425	113074
2352	2764776	17700
2353	2767128	26417
2354	2769481	24213
2355	2771835	147191
2356	2774190	14781
2357	2776546	79950
2358	2778903	22108
2359	2781261	21945
2360	2783620	25754
2361	2785980	20009
2362	2788341	183910
2363	2790703	27521
2364	2793066	17717
2365	2795430	18297
2366	2797795	15507
2367	2800161	114096
2368	2802528	27358
2369	2804896	26527
2370	2807265	18348
2371	2809635	17461
2372	2812006	24570
2373	2814378	16265
2374	2816751	21179
2375	2819125	169749
2376	2821500	15751
2377	2823876	13533
2378	2826253	23288
2379	2828631	25455
2380	2831010	20594
2381	2833390	13626
2382	2835771	16976
2383	2838153	19825
2384	2840536	16368
2385	2842920	49529
2386	2845305	16901
2387	2847691	28096
2388	2850078	17469
2389	2852466	17678
2390	2854855	28761
2391	2857245	26426
2392	2859636	19480
2393	2862028	22578
2394	2864421	20657
2395	2866815	156616
2396	2869210	21723
2397	2871606	22597
2398	2874003	117845
2399	2876401	18123
2400	2878800	22576
2401	2881200	23914
2402	2883601	21064
2403	2886003	3336617
2404	2888406	25236
2405	2890810	34725
2406	2893215	16423
2407	2895621	21153
2408	2898028	20184
2409	2900436	14852
2410	2902845	114589
2411	2905255	20838
2412	2907666	128685
2413	2910078	21431
2414	2912491	153059
2415	2914905	17802
2416	2917320	17388
2417	2919736	1053162
2418	2922153	18139
2419	2924571	17808
2420	2926990	500328
2421	2929410	21880
2422	2931831	23797
2423	2934253	219092
2424	2936676	18623
2425	2939100	29466
2426	2941525	21152
2427	2943951	15868
2428	2946378	73304
2429	2948806	30894
2430	2951235	17576
2431	2953665	23309
2432	2956096	57293
2433	2958528	17936
2434	2960961	26119
2435	2963395	26577
2436	2965830	144200
2437	2968266	19621
2438	2970703	100093
2439	2973141	31725
2440	2975580	22823
2441	2978020	26562
2442	2980461	26138
2443	2982903	24880
2444	2985346	39290
2445	2987790	20518
2446	2990235	23327
2447	2992681	16161
2448	2995128	15489
2449	2997576	19728
2450	3000025	20171
2451	3002475	18840
2452	3004926	19031
2453	3007378	18585
2454	3009831	37405
2455	3012285	117508
2456	3014740	21162
2457	3017196	18442
2458	3019653	163040
2459	3022111	16055
2460	3024570	15820
2461	3027030	21662
2462	3029491	18973
2463	3031953	31493
2464	3034416	30633
2465	3036880	21256
2466	3039345	69997
2467	3041811	26374
2468	3044278	21059
2469	3046746	21899
2470	3049215	27093
2471	3051685	18831
2472	3054156	18609
2473	3056628	19208
2474	3059101	18566
2475	3061575	118703
2476	3064050	14504
2477	3066526	23733
2478	3069003	102186
2479	3071481	19811
2480	3073960	23500
2481	3076440	18087
2482	3078921	29629
2483	3081403	18697
2484	3083886	22059
2485	3086370	16108
2486	3088855	20048
2487	3091341	46644
2488	3093828	18460
2489	3096316	19103
2490	3098805	19049
2491	3101295	40003
2492	3103786	19641
2493	3106278	23457
2494	3108771	21680
2495	3111265	23180
2496	3113760	18321
2497	3116256	21406
2498	3118753	169099
2499	3121251	20134
2500	3123750	55755
2501	3126250	14417
2502	3128751	156637
2503	3131253	22306
2504	3133756	17902
2505	3136260	19617
2506	3138765	23882
2507	3141271	19848
2508	3143778	21248
2509	3146286	16129
2510	3148795	16499
2511	3151305	23485
2512	3153816	29659
2513	3156328	16281
2514	3158841	16456
2515	3161355	22800
2516	3163870	21120
2517	3166386	19044
2518	3168903	29653
2519	3171421	21379
2520	3173940	22567
2521	3176460	23855
2522	3178981	14483
2523	3181503	21088
2524	3184026	19671
2525	3186550	20435
2526	3189075	15205
2527	3191601	33511
2528	3194128	214549
2529	3196656	22134
2530	3199185	36641
2531	3201715	24501
2532	3204246	127073
2533	3206778	16918
2534	3209311	31986
2535	3211845	16212
2536	3214380	18290
2537	3216916	19355
2538	3219453	26580
2539	3221991	29385
2540	3224530	146799
2541	3227070	39070
2542	3229611	72199
2543	3232153	18326
2544	3234696	20022
2545	3237240	24983
2546	3239785	22925
2547	3242331	18522
2548	3244878	18934
2549	3247426	24536
2550	3249975	128716
2551	3252525	24844
2552	3255076	21069
2553	3257628	13797
2554	3260181	17809
2555	3262735	76311
2556	3265290	22844
2557	3267846	27105
2558	3270403	22078
2559	3272961	21886
2560	3275520	17186
2561	3278080	133995
2562	3280641	19995
2563	3283203	20168
2564	3285766	20240
2565	3288330	28223
2566	3290895	24986
2567	3293461	15698
2568	3296028	20949
2569	3298596	13650
2570	3301165	18257
2571	3303735	20585
2572	3306306	20552
2573	3308878	20871
2574	3311451	81140
2575	3314025	22907
2576	3316600	114486
2577	3319176	13272
2578	3321753	14155
2579	3324331	22806
2580	3326910	163624
2581	3329490	21152
2582	3332071	22554
2583	3334653	97217
2584	3337236	22285
2585	3339820	26226
2586	3342405	15644
2587	3344991	20875
2588	3347578	21851
2589	3350166	14576
2590	3352755	21129
2591	3355345	19748
2592	3357936	17520
2593	3360528	18567
2594	3363121	21910
2595	3365715	16845
2596	3368310	16095
2597	3370906	17290
2598	3373503	13711
2599	3376101	22893
2600	3378700	23043
2601	3381300	17266
2602	3383901	16999
2603	3386503	28187
2604	3389106	30776
2605	3391710	24941
2606	3394315	85130
2607	3396921	18478
2608	3399528	28252
2609	3402136	20359
2610	3404745	14058
2611	3407355	18000
2612	3409966	21460
2613	3412578	20939
2614	3415191	20938
2615	3417805	208508
2616	3420420	18258
2617	3423036	16920
2618	3425653	16593
2619	3428271	29935
2620	3430890	178819
2621	3433510	13073
2622	3436131	21726
2623	3438753	20719
2624	3441376	17553
2625	3444000	16816
2626	3446625	14307
2627	3449251	13546
2628	3451878	16485
2629	3454506	20025
2630	3457135	20159
2631	3459765	21553
2632	3462396	26155
2633	3465028	27155
2634	3467661	24480
2635	3470295	31133
2636	3472930	29501
2637	3475566	20195
2638	3478203	21170
2639	3480841	21659
2640	3483480	115182
2641	3486120	22094
2642	3488761	16814
2643	3491403	28002
2644	3494046	27259
2645	3496690	42148
2646	3499335	56530
2647	3501981	34972
2648	3504628	20093
2649	3507276	16162
2650	3509925	60918
2651	3512575	18663
2652	3515226	20816
2653	3517878	127698
2654	3520531	88939
2655	3523185	13544
2656	3525840	38767
2657	3528496	14313
2658	3531153	23085
2659	3533811	21204
2660	3536470	18556
2661	3539130	18249
2662	3541791	21743
2663	3544453	19817
2664	3547116	16845
2665	3549780	20354
2666	3552445	1879554
2667	3555111	30929
2668	3557778	238155
2669	3560446	167968
2670	3563115	17424
2671	3565785	27772
2672	3568456	26708
2673	3571128	23323
2674	3573801	29035
2675	3576475	177322
2676	3579150	22094
2677	3581826	19260
2678	3584503	19061
2679	3587181	18220
2680	3589860	85699
2681	3592540	17997
2682	3595221	14090
2683	3597903	18543
2684	3600586	18538
2685	3603270	38600
2686	3605955	43207
2687	3608641	21026
2688	3611328	21269
2689	3614016	19953
2690	3616705	18024
2691	3619395	88279
2692	3622086	19002
2693	3624778	128045
2694	3627471	20788
2695	3630165	30025
2696	3632860	30136
2697	3635556	25630
2698	3638253	25755
2699	3640951	18136
2700	3643650	39533
2701	3646350	24188
2702	3649051	18403
2703	3651753	81073
2704	3654456	15510
2705	3657160	151509
2706	3659865	187138
2707	3662571	19259
2708	3665278	44382
2709	3667986	22932
2710	3670695	19714
2711	3673405	18507
2712	3676116	58774
2713	3678828	14727
2714	3681541	15123
2715	3684255	21739
2716	3686970	19241
2717	3689686	18116
2718	3692403	18162
2719	3695121	13991
2720	3697840	21414
2721	3700560	23071
2722	3703281	19829
2723	3706003	24895
2724	3708726	33225
2725	3711450	23862
2726	3714175	34118
2727	3716901	31810
2728	3719628	24834
2729	3722356	30848
2730	3725085	20758
2731	3727815	21822
2732	3730546	17546
2733	3733278	21653
2734	3736011	21544
2735	3738745	24514
2736	3741480	17846
2737	3744216	25042
2738	3746953	21031
2739	3749691	19207
2740	3752430	51006
2741	3755170	22489
2742	3757911	22494
2743	3760653	23924
2744	3763396	127347
2745	3766140	53696
2746	3768885	28708
2747	3771631	26120
2748	3774378	54025
2749	3777126	92373
2750	3779875	31840
2751	3782625	24929
2752	3785376	79580
2753	3788128	23003
2754	3790881	24057
2755	3793635	31023
2756	3796390	16268
2757	3799146	24967
2758	3801903	104848
2759	3804661	25925
2760	3807420	75411
2761	3810180	22625
2762	3812941	23668
2763	3815703	23792
2764	3818466	805088
2765	3821230	23657
2766	3823995	50319
2767	3826761	153735
2768	3829528	43767
2769	3832296	65018
2770	3835065	42877
2771	3837835	24029
2772	3840606	48989
2773	3843378	22580
2774	3846151	20546
2775	3848925	23097
2776	3851700	84760
2777	3854476	21296
2778	3857253	22020
2779	3860031	26647
2780	3862810	26875
2781	3865590	25602
2782	3868371	22069
2783	3871153	21132
2784	3873936	18150
2785	3876720	28090
2786	3879505	20416
2787	3882291	82354
2788	3885078	25379
2789	3887866	26064
2790	3890655	27976
2791	3893445	21748
2792	3896236	20622
2793	3899028	22229
2794	3901821	169458
2795	3904615	25283
2796	3907410	21307
2797	3910206	19644
2798	3913003	21363
2799	3915801	21691
2800	3918600	23316
2801	3921400	24883
2802	3924201	20292
2803	3927003	21965
2804	3929806	117598
2805	3932610	23464
2806	3935415	20337
2807	3938221	22922
2808	3941028	24204
2809	3943836	21107
2810	3946645	21899
2811	3949455	22347
2812	3952266	20229
2813	3955078	24018
2814	3957891	25578
2815	3960705	21332
2816	3963520	224255
2817	3966336	62526
2818	3969153	1776727
2819	3971971	210242
2820	3974790	157739
2821	3977610	63925
2822	3980431	164439
2823	3983253	38918
2824	3986076	318903
2825	3988900	624288
2826	3991725	18438
2827	3994551	69114
2828	3997378	22971
2829	4000206	17432
2830	4003035	16732
2831	4005865	647697
2832	4008696	27618
2833	4011528	86030
2834	4014361	119878
2835	4017195	243333
2836	4020030	21869
2837	4022866	176221
2838	4025703	81001
2839	4028541	98041
2840	4031380	22801
2841	4034220	24222
2842	4037061	23968
2843	4039903	24340
2844	4042746	154920
2845	4045590	84826
2846	4048435	22740
2847	4051281	28945
2848	4054128	22497
2849	4056976	85990
2850	4059825	22058
2851	4062675	233623
2852	4065526	23891
2853	4068378	21951
2854	4071231	28944
2855	4074085	16947
2856	4076940	26696
2857	4079796	22021
2858	4082653	23023
2859	4085511	22915
2860	4088370	62491
2861	4091230	47590
2862	4094091	28030
2863	4096953	22118
2864	4099816	117613
2865	4102680	18365
2866	4105545	48593
2867	4108411	18769
2868	4111278	24050
2869	4114146	77837
2870	4117015	24609
2871	4119885	24312
2872	4122756	22766
2873	4125628	108842
2874	4128501	77468
2875	4131375	94500
2876	4134250	37461
2877	4137126	26632
2878	4140003	95006
2879	4142881	26245
2880	4145760	124236
2881	4148640	179765
2882	4151521	172443
2883	4154403	116673
2884	4157286	29772
2885	4160170	76442
2886	4163055	179178
2887	4165941	23745
2888	4168828	114857
2889	4171716	165603
2890	4174605	117447
2891	4177495	154425
2892	4180386	40898
2893	4183278	28803
2894	4186171	18324
2895	4189065	23945
2896	4191960	25152
2897	4194856	71566
2898	4197753	180754
2899	4200651	21676
2900	4203550	37687
2901	4206450	73405
2902	4209351	77527
2903	4212253	29261
2904	4215156	187445
2905	4218060	21777
2906	4220965	24543
2907	4223871	65404
2908	4226778	23572
2909	4229686	21857
2910	4232595	26168
2911	4235505	38192
2912	4238416	20616
2913	4241328	23650
2914	4244241	318863
2915	4247155	27013
2916	4250070	17594
2917	4252986	28140
2918	4255903	25416
2919	4258821	20972
2920	4261740	38424
2921	4264660	25781
2922	4267581	83468
2923	4270503	23650
2924	4273426	23593
2925	4276350	118004
2926	4279275	664619
2927	4282201	43015
2928	4285128	109475
2929	4288056	75415
2930	4290985	143574
2931	4293915	98888
2932	4296846	23737
2933	4299778	25722
2934	4302711	20538
2935	4305645	103136
2936	4308580	23029
2937	4311516	112755
2938	4314453	23926
2939	4317391	23063
2940	4320330	22916
2941	4323270	152888
2942	4326211	73119
2943	4329153	35431
2944	4332096	25696
2945	4335040	24848
2946	4337985	34644
2947	4340931	22023
2948	4343878	40325
2949	4346826	23102
2950	4349775	29591
2951	4352725	24586
2952	4355676	21381
2953	4358628	20367
2954	4361581	74424
2955	4364535	25333
2956	4367490	24666
2957	4370446	24768
2958	4373403	18449
2959	4376361	22930
2960	4379320	18173
2961	4382280	25597
2962	4385241	25044
2963	4388203	23922
2964	4391166	114437
2965	4394130	98589
2966	4397095	144929
2967	4400061	33713
2968	4403028	105688
2969	4405996	58518
2970	4408965	27717
2971	4411935	22799
2972	4414906	23890
2973	4417878	94324
2974	4420851	609718
2975	4423825	23434
2976	4426800	24367
2977	4429776	181163
2978	4432753	242899
2979	4435731	22989
2980	4438710	24800
2981	4441690	56310
2982	4444671	94835
2983	4447653	785989
2984	4450636	26403
2985	4453620	59576
2986	4456605	23742
2987	4459591	1640192
2988	4462578	18079
2989	4465566	24635
2990	4468555	18189
2991	4471545	146701
2992	4474536	32935
2993	4477528	23129
2994	4480521	24238
2995	4483515	23681
2996	4486510	26112
2997	4489506	23834
2998	4492503	26808
2999	4495501	24252
3000	4498500	26085
