100	4950	3
101	5050	0
102	5151	0
103	5253	0
104	5356	0
105	5460	0
106	5565	0
107	5671	0
108	5778	0
109	5886	0
110	5995	0
111	6105	0
112	6216	0
113	6328	1
114	6441	0
115	6555	1
116	6670	0
117	6786	0
118	6903	0
119	7021	1
120	7140	1
121	7260	1
122	7381	0
123	7503	1
124	7626	0
125	7750	1
126	7875	5
127	8001	1
128	8128	1
129	8256	1
130	8385	0
131	8515	0
132	8646	0
133	8778	0
134	8911	0
135	9045	1
136	9180	0
137	9316	1
138	9453	0
139	9591	0
140	9730	28
141	9870	0
142	10011	0
143	10153	1
144	10296	0
145	10440	1
146	10585	1
147	10731	1
148	10878	0
149	11026	1
150	11175	1
151	11325	0
152	11476	0
153	11628	1
154	11781	0
155	11935	3
156	12090	0
157	12246	0
158	12403	1
159	12561	1
160	12720	1
161	12880	1
162	13041	0
163	13203	1
164	13366	1
165	13530	1
166	13695	105
167	13861	0
168	14028	1
169	14196	1
170	14365	0
171	14535	0
172	14706	1
173	14878	1
174	15051	1
175	15225	1
176	15400	1
177	15576	186
178	15753	121
179	15931	1
180	16110	1
181	16290	1
182	16471	1
183	16653	0
184	16836	1
185	17020	1
186	17205	0
187	17391	1
188	17578	1
189	17766	1
190	17955	1
191	18145	1
192	18336	1
193	18528	0
194	18721	1
195	18915	1
196	19110	0
197	19306	1
198	19503	4
199	19701	11
200	19900	1
201	20100	0
202	20301	3
203	20503	1
204	20706	1
205	20910	0
206	21115	2
207	21321	1
208	21528	0
209	21736	0
210	21945	1
211	22155	0
212	22366	1
213	22578	0
214	22791	1
215	23005	1
216	23220	1
217	23436	1
218	23653	0
219	23871	1
220	24090	1
221	24310	1
222	24531	1
223	24753	1
224	24976	1
225	25200	0
226	25425	1
227	25651	1
228	25878	0
229	26106	0
230	26335	6
231	26565	1
232	26796	1
233	27028	1
234	27261	1
235	27495	1
236	27730	1
237	27966	1
238	28203	1
239	28441	1
240	28680	1
241	28920	5
242	29161	1
243	29403	1
244	29646	1
245	29890	1
246	30135	0
247	30381	3
248	30628	1
249	30876	1
250	31125	1
251	31375	1
252	31626	5
253	31878	1
254	32131	0
255	32385	1
256	32640	1
257	32896	0
258	33153	1
259	33411	1
260	33670	1
261	33930	0
262	34191	2
263	34453	1
264	34716	1
265	34980	2
266	35245	7
267	35511	2
268	35778	1
269	36046	0
270	36315	0
271	36585	0
272	36856	1
273	37128	0
274	37401	0
275	37675	2
276	37950	0
277	38226	2
278	38503	5
279	38781	2
280	39060	2
281	39340	1
282	39621	0
283	39903	2
284	40186	2
285	40470	1
286	40755	3
287	41041	0
288	41328	1
289	41616	1
290	41905	2
291	42195	1
292	42486	1
293	42778	0
294	43071	1
295	43365	0
296	43660	1
297	43956	7
298	44253	1
299	44551	1
300	44850	1
301	45150	1
302	45451	0
303	45753	2
304	46056	1
305	46360	1
306	46665	1
307	46971	1
308	47278	2
309	47586	1
310	47895	2
311	48205	3
312	48516	1
313	48828	3
314	49141	2
315	49455	2
316	49770	1
317	50086	1
318	50403	1
319	50721	1
320	51040	0
321	51360	2
322	51681	1
323	52003	1
324	52326	2
325	52650	1
326	52975	2
327	53301	1
328	53628	1
329	53956	1
330	54285	1
331	54615	1
332	54946	4
333	55278	1
334	55611	36
335	55945	1
336	56280	1
337	56616	4
338	56953	22
339	57291	3
340	57630	1
341	57970	3
342	58311	2
343	58653	3
344	58996	100
345	59340	1
346	59685	2
347	60031	1
348	60378	8
349	60726	1
350	61075	1
351	61425	3
352	61776	4
353	62128	3
354	62481	1
355	62835	0
356	63190	0
357	63546	1
358	63903	5
359	64261	5
360	64620	1
361	64980	3
362	65341	3
363	65703	4
364	66066	4
365	66430	10
366	66795	1
367	67161	3
368	67528	5
369	67896	1
370	68265	1
371	68635	3
372	69006	0
373	69378	19
374	69751	3
375	70125	4
376	70500	4
377	70876	4
378	71253	4
379	71631	0
380	72010	2
381	72390	2
382	72771	7
383	73153	3
384	73536	4
385	73920	52
386	74305	2
387	74691	1
388	75078	3
389	75466	2
390	75855	1
391	76245	1
392	76636	2
393	77028	1
394	77421	2
395	77815	2
396	78210	1
397	78606	2
398	79003	2
399	79401	2
400	79800	1
401	80200	140
402	80601	2
403	81003	4
404	81406	3
405	81810	1
406	82215	1
407	82621	3
408	83028	13
409	83436	97
410	83845	11
411	84255	3
412	84666	20
413	85078	3
414	85491	3
415	85905	3
416	86320	1
417	86736	1
418	87153	1
419	87571	4
420	87990	1
421	88410	1
422	88831	1
423	89253	4
424	89676	0
425	90100	1
426	90525	3
427	90951	1
428	91378	1
429	91806	1
430	92235	1
431	92665	3
432	93096	3
433	93528	2
434	93961	2
435	94395	1
436	94830	1
437	95266	0
438	95703	0
439	96141	1
440	96580	35
441	97020	2
442	97461	1
443	97903	2
444	98346	1
445	98790	2
446	99235	1
447	99681	1
448	100128	2
449	100576	1
450	101025	1
451	101475	1
452	101926	1
453	102378	1
454	102831	1
455	103285	1
456	103740	1
457	104196	1
458	104653	2
459	105111	1
460	105570	1
461	106030	1
462	106491	1
463	106953	1
464	107416	1
465	107880	1
466	108345	1
467	108811	1
468	109278	1
469	109746	1
470	110215	1
471	110685	1
472	111156	1
473	111628	1
474	112101	2
475	112575	0
476	113050	1
477	113526	0
478	114003	135
479	114481	1
480	114960	1
481	115440	1
482	115921	2
483	116403	1
484	116886	1
485	117370	2
486	117855	1
487	118341	1
488	118828	0
489	119316	2
490	119805	1
491	120295	1
492	120786	1
493	121278	1
494	121771	1
495	122265	2
496	122760	1
497	123256	1
498	123753	2
499	124251	1
500	124750	2
501	125250	1
502	125751	0
503	126253	2
504	126756	127
505	127260	2
506	127765	1
507	128271	1
508	128778	1
509	129286	1
510	129795	1
511	130305	2
512	130816	2
513	131328	2
514	131841	1
515	132355	4
516	132870	2
517	133386	0
518	133903	3
519	134421	3
520	134940	1
521	135460	2
522	135981	1
523	136503	5
524	137026	3
525	137550	3
526	138075	3
527	138601	4
528	139128	4
529	139656	1
530	140185	3
531	140715	7
532	141246	3
533	141778	5
534	142311	1
535	142845	1
536	143380	4
537	143916	2
538	144453	3
539	144991	3
540	145530	3
541	146070	4
542	146611	3
543	147153	1
544	147696	3
545	148240	4
546	148785	3
547	149331	3
548	149878	3
549	150426	3
550	150975	1
551	151525	1
552	152076	0
553	152628	3
554	153181	2
555	153735	3
556	154290	5
557	154846	0
558	155403	4
559	155961	2
560	156520	3
561	157080	1
562	157641	1
563	158203	1
564	158766	4
565	159330	92
566	159895	1
567	160461	7
568	161028	1
569	161596	8
570	162165	3
571	162735	4
572	163306	3
573	163878	1
574	164451	1
575	165025	2
576	165600	3
577	166176	3
578	166753	1
579	167331	3
580	167910	1
581	168490	4
582	169071	3
583	169653	0
584	170236	1
585	170820	3
586	171405	3
587	171991	1
588	172578	3
589	173166	3
590	173755	3
591	174345	1
592	174936	2
593	175528	3
594	176121	3
595	176715	2
596	177310	4
597	177906	3
598	178503	4
599	179101	4
600	179700	1
601	180300	4
602	180901	157
603	181503	1
604	182106	2
605	182710	1
606	183315	2
607	183921	1
608	184528	1
609	185136	3
610	185745	3
611	186355	3
612	186966	2
613	187578	5
614	188191	3
615	188805	2
616	189420	1
617	190036	3
618	190653	2
619	191271	3
620	191890	4
621	192510	1
622	193131	1
623	193753	1
624	194376	3
625	195000	2
626	195625	2
627	196251	2
628	196878	3
629	197506	2
630	198135	9
631	198765	3
632	199396	3
633	200028	1
634	200661	3
635	201295	2
636	201930	3
637	202566	3
638	203203	1
639	203841	1
640	204480	2
641	205120	3
642	205761	6
643	206403	23
644	207046	1
645	207690	1
646	208335	2
647	208981	3
648	209628	1
649	210276	3
650	210925	1
651	211575	3
652	212226	1
653	212878	3
654	213531	2
655	214185	3
656	214840	3
657	215496	3
658	216153	3
659	216811	2
660	217470	3
661	218130	1
662	218791	1
663	219453	3
664	220116	42
665	220780	3
666	221445	2
667	222111	2
668	222778	1
669	223446	3
670	224115	3
671	224785	2
672	225456	2
673	226128	2
674	226801	3
675	227475	2
676	228150	79
677	228826	3
678	229503	4
679	230181	3
680	230860	5
681	231540	3
682	232221	4
683	232903	6
684	233586	1
685	234270	3
686	234955	4
687	235641	3
688	236328	3
689	237016	2
690	237705	3
691	238395	4
692	239086	4
693	239778	4
694	240471	4
695	241165	2
696	241860	4
697	242556	4
698	243253	5
699	243951	2
700	244650	4
701	245350	3
702	246051	4
703	246753	3
704	247456	102
705	248160	5
706	248865	3
707	249571	9
708	250278	2
709	250986	4
710	251695	3
711	252405	2
712	253116	1
713	253828	4
714	254541	1
715	255255	1
716	255970	3
717	256686	5
718	257403	4
719	258121	5
720	258840	1
721	259560	3
722	260281	3
723	261003	3
724	261726	6
725	262450	1
726	263175	2
727	263901	4
728	264628	4
729	265356	6
730	266085	1
731	266815	5
732	267546	1
733	268278	4
734	269011	3
735	269745	3
736	270480	4
737	271216	2
738	271953	1
739	272691	4
740	273430	4
741	274170	5
742	274911	2
743	275653	1
744	276396	2
745	277140	4
746	277885	3
747	278631	5
748	279378	16
749	280126	10
750	280875	5
751	281625	1
752	282376	5
753	283128	3
754	283881	3
755	284635	2
756	285390	4
757	286146	3
758	286903	6
759	287661	3
760	288420	2
761	289180	3
762	289941	1
763	290703	4
764	291466	2
765	292230	4
766	292995	4
767	293761	4
768	294528	3
769	295296	2
770	296065	5
771	296835	2
772	297606	7
773	298378	6
774	299151	4
775	299925	4
776	300700	1
777	301476	6
778	302253	5
779	303031	4
780	303810	1
781	304590	4
782	305371	2
783	306153	7
784	306936	5
785	307720	5
786	308505	5
787	309291	4
788	310078	6
789	310866	161
790	311655	1
791	312445	2
792	313236	4
793	314028	4
794	314821	7
795	315615	6
796	316410	4
797	317206	5
798	318003	6
799	318801	5
800	319600	7
801	320400	5
802	321201	2
803	322003	5
804	322806	4
805	323610	4
806	324415	3
807	325221	1
808	326028	2
809	326836	5
810	327645	4
811	328455	5
812	329266	5
813	330078	10
814	330891	4
815	331705	5
816	332520	182
817	333336	1
818	334153	6
819	334971	5
820	335790	7
821	336610	8
822	337431	7
823	338253	2
824	339076	1
825	339900	6
826	340725	7
827	341551	2
828	342378	5
829	343206	5
830	344035	2
831	344865	1
832	345696	2
833	346528	6
834	347361	6
835	348195	4
836	349030	6
837	349866	108
838	350703	6
839	351541	9
840	352380	5
841	353220	1
842	354061	6
843	354903	6
844	355746	5
845	356590	7
846	357435	5
847	358281	2
848	359128	6
849	359976	5
850	360825	3
851	361675	1
852	362526	6
853	363378	2
854	364231	5
855	365085	2
856	365940	7
857	366796	6
858	367653	147
859	368511	6
860	369370	1
861	370230	1
862	371091	2
863	371953	1
864	372816	2
865	373680	2
866	374545	3
867	375411	2
868	376278	2
869	377146	2
870	378015	16
871	378885	72
872	379756	3
873	380628	2
874	381501	2
875	382375	2
876	383250	2
877	384126	3
878	385003	2
879	385881	2
880	386760	2
881	387640	2
882	388521	1
883	389403	7
884	390286	2
885	391170	2
886	392055	2
887	392941	2
888	393828	3
889	394716	107
890	395605	2
891	396495	2
892	397386	2
893	398278	2
894	399171	2
895	400065	3
896	400960	2
897	401856	3
898	402753	2
899	403651	3
900	404550	2
901	405450	2
902	406351	3
903	407253	2
904	408156	3
905	409060	4
906	409965	70
907	410871	2
908	411778	3
909	412686	2
910	413595	3
911	414505	2
912	415416	145
913	416328	2
914	417241	1
915	418155	2
916	419070	44
917	419986	2
918	420903	2
919	421821	3
920	422740	2
921	423660	63
922	424581	24
923	425503	2
924	426426	2
925	427350	2
926	428275	2
927	429201	507
928	430128	4
929	431056	3
930	431985	2
931	432915	4
932	433846	2
933	434778	3
934	435711	3
935	436645	2
936	437580	3
937	438516	4
938	439453	2
939	440391	2
940	441330	3
941	442270	9
942	443211	4
943	444153	2
944	445096	3
945	446040	2
946	446985	3
947	447931	2
948	448878	2
949	449826	2
950	450775	2
951	451725	32
952	452676	2
953	453628	2
954	454581	2
955	455535	3
956	456490	3
957	457446	3
958	458403	3
959	459361	2
960	460320	2
961	461280	3
962	462241	3
963	463203	3
964	464166	2
965	465130	3
966	466095	18
967	467061	3
968	468028	5
969	468996	3
970	469965	2
971	470935	2
972	471906	2
973	472878	2
974	473851	124
975	474825	2
976	475800	3
977	476776	3
978	477753	2
979	478731	133
980	479710	96
981	480690	3
982	481671	3
983	482653	2
984	483636	3
985	484620	3
986	485605	3
987	486591	3
988	487578	2
989	488566	2
990	489555	3
991	490545	2
992	491536	3
993	492528	3
994	493521	2
995	494515	2
996	495510	27
997	496506	2
998	497503	3
999	498501	3
1000	499500	6
