100	100	86
101	101	359
102	102	94
103	103	101
104	104	111
105	105	192
106	106	104
107	107	109
108	108	112
109	109	106
110	110	105
111	111	169
112	112	137
113	113	120
114	114	122
115	115	112
116	116	127
117	117	130
118	118	147
119	119	144
120	120	134
121	121	137
122	122	149
123	123	167
124	124	149
125	125	209
126	126	105
127	127	103
128	128	167
129	129	148
130	130	161
131	131	111
132	132	177
133	133	175
134	134	165
135	135	154
136	136	153
137	137	145
138	138	172
139	139	183
140	140	186
141	141	173
142	142	183
143	143	187
144	144	174
145	145	196
146	146	205
147	147	198
148	148	215
149	149	209
150	150	206
151	151	207
152	152	214
153	153	233
154	154	223
155	155	222
156	156	227
157	157	251
158	158	223
159	159	222
160	160	243
161	161	227
162	162	32976
163	163	349
164	164	773
165	165	533
166	166	886
167	167	267
168	168	818
169	169	520
170	170	846
171	171	549
172	172	847
173	173	268
174	174	1086
175	175	306
176	176	330
177	177	846
178	178	841
179	179	709
180	180	802
181	181	721
182	182	918
183	183	468
184	184	691
185	185	1150
186	186	1152
187	187	821
188	188	1034
189	189	496
190	190	618
191	191	803
192	192	836
193	193	797
194	194	1092
195	195	940
196	196	1587
197	197	755
198	198	908
199	199	865
200	200	1016
201	201	1041
202	202	1165
203	203	877
204	204	956
205	205	1056
206	206	1110
207	207	1143
208	208	950
209	209	979
210	210	838
211	211	948
212	212	921
213	213	1088
214	214	975
215	215	1071
216	216	1053
217	217	945
218	218	1121
219	219	974
220	220	923
221	221	1116
222	222	1088
223	223	1017
224	224	1110
225	225	1108
226	226	980
227	227	1050
228	228	1093
229	229	1186
230	230	1070
231	231	1282
232	232	979
233	233	1134
234	234	1477
235	235	1442
236	236	821
237	237	1203
238	238	1116
239	239	1029
240	240	1311
241	241	1061
242	242	871
243	243	1005
244	244	1388
245	245	1180
246	246	857
247	247	1203
248	248	1127
249	249	1394
250	250	1101
251	251	1025
252	252	1427
253	253	1340
254	254	1306
255	255	1111
256	256	1264
257	257	1568
258	258	1021
259	259	1135
260	260	1756
261	261	1363
262	262	1308
263	263	1370
264	264	1451
265	265	1276
266	266	1383
267	267	1287
268	268	1262
269	269	1014
270	270	1472
271	271	1170
272	272	1498
273	273	1140
274	274	1067
275	275	1225
276	276	794
277	277	1258
278	278	971
279	279	1550
280	280	1142
281	281	1441
282	282	1209
283	283	1304
284	284	1547
285	285	1165
286	286	1472
287	287	1372
288	288	1078
289	289	1367
290	290	1272
291	291	1446
292	292	1435
293	293	1103
294	294	1511
295	295	1681
296	296	1352
297	297	1480
298	298	1197
299	299	1273
300	300	1273
301	301	1284
302	302	1267
303	303	1296
304	304	1726
305	305	1239
306	306	1361
307	307	1472
308	308	1297
309	309	1498
310	310	1355
311	311	1722
312	312	1327
313	313	1295
314	314	1599
315	315	1426
316	316	1410
317	317	1318
318	318	1416
319	319	1443
320	320	1590
321	321	1363
322	322	1375
323	323	1473
324	324	1526
325	325	1570
326	326	1413
327	327	1455
328	328	1514
329	329	1581
330	330	1665
331	331	1400
332	332	1469
333	333	1510
334	334	1728
335	335	1678
336	336	1744
337	337	1518
338	338	1468
339	339	1615
340	340	1563
341	341	1764
342	342	1655
343	343	1613
344	344	1483
345	345	1548
346	346	1567
347	347	1552
348	348	1558
349	349	1496
350	350	1591
351	351	1550
352	352	1827
353	353	2053
354	354	1828
355	355	1583
356	356	1536
357	357	1774
358	358	1575
359	359	1275
360	360	1447
361	361	1593
362	362	1692
363	363	1657
364	364	1652
365	365	1309
366	366	1621
367	367	1548
368	368	1522
369	369	1504
370	370	1769
371	371	1556
372	372	1341
373	373	1751
374	374	1703
375	375	1431
376	376	1585
377	377	2066
378	378	1905
379	379	1691
380	380	1595
381	381	1851
382	382	2157
383	383	1563
384	384	1837
385	385	1675
386	386	1896
387	387	1860
388	388	1861
389	389	1847
390	390	1633
391	391	1736
392	392	2134
393	393	1914
394	394	2119
395	395	1977
396	396	1664
397	397	1977
398	398	1774
399	399	2120
400	400	2569
401	401	1709
402	402	1733
403	403	1887
404	404	1894
405	405	1719
406	406	1714
407	407	1807
408	408	1661
409	409	1695
410	410	2116
411	411	1869
412	412	1671
413	413	1766
414	414	1623
415	415	1790
416	416	1659
417	417	1778
418	418	1725
419	419	1656
420	420	1808
421	421	1951
422	422	1758
423	423	1846
424	424	1847
425	425	1914
426	426	1746
427	427	2141
428	428	1870
429	429	1766
430	430	1709
431	431	1857
432	432	1824
433	433	2309
434	434	1772
435	435	1979
436	436	2327
437	437	2785
438	438	2003
439	439	2088
440	440	1980
441	441	2566
442	442	2337
443	443	2021
444	444	2267
445	445	2334
446	446	2564
447	447	2256
448	448	2567
449	449	2108
450	450	2171
451	451	2370
452	452	2451
453	453	2194
454	454	2364
455	455	2588
456	456	2497
457	457	2761
458	458	2294
459	459	2054
460	460	2260
461	461	2346
462	462	2645
463	463	2409
464	464	2337
465	465	2568
466	466	2284
467	467	2334
468	468	2295
469	469	2429
470	470	3221
471	471	2306
472	472	2392
473	473	2319
474	474	2753
475	475	2206
476	476	2740
477	477	3064
478	478	2537
479	479	2760
480	480	2549
481	481	2649
482	482	2771
483	483	3046
484	484	2925
485	485	3273
486	486	2516
487	487	2445
488	488	3012
489	489	2675
490	490	2709
491	491	3341
492	492	3059
493	493	2477
494	494	3148
495	495	3317
496	496	2905
497	497	2127
498	498	2840
499	499	2779
500	500	3040
501	501	3051
502	502	3121
503	503	3204
504	504	2566
505	505	2733
506	506	2487
507	507	2736
508	508	2943
509	509	1729
510	510	2422
511	511	2429
512	512	2937
513	513	2539
514	514	2584
515	515	2544
516	516	2604
517	517	3685
518	518	2342
519	519	3291
520	520	3231
521	521	3602
522	522	2493
523	523	3066
524	524	2757
525	525	2732
526	526	2725
527	527	3442
528	528	3349
529	529	2528
530	530	2808
531	531	2604
532	532	2620
533	533	2622
534	534	2656
535	535	2991
536	536	2981
537	537	2778
538	538	3409
539	539	3349
540	540	3221
541	541	2642
542	542	4717
543	543	4879
544	544	2925
545	545	2772
546	546	2688
547	547	3222
548	548	3006
549	549	2764
550	550	3239
551	551	3130
552	552	2900
553	553	2895
554	554	2935
555	555	2601
556	556	3029
557	557	2709
558	558	2790
559	559	2819
560	560	2841
561	561	2599
562	562	2556
563	563	3032
564	564	3039
565	565	2936
566	566	3775
567	567	2993
568	568	3074
569	569	2704
570	570	3051
571	571	2811
572	572	2680
573	573	2857
574	574	2849
575	575	2799
576	576	3209
577	577	3505
578	578	3207
579	579	2539
580	580	2990
581	581	2805
582	582	2976
583	583	2979
584	584	2860
585	585	3184
586	586	3053
587	587	2979
588	588	1678
589	589	2899
590	590	2942
591	591	2736
592	592	3160
593	593	2784
594	594	3011
595	595	2844
596	596	2980
597	597	3037
598	598	3498
599	599	3556
600	600	3425
601	601	3262
602	602	3823
603	603	3525
604	604	3239
605	605	2783
606	606	3424
607	607	3300
608	608	3233
609	609	3455
610	610	3540
611	611	3829
612	612	3916
613	613	3571
614	614	3506
615	615	3392
616	616	3576
617	617	3668
618	618	3464
619	619	3430
620	620	3635
621	621	3420
622	622	3457
623	623	3498
624	624	3190
625	625	3279
626	626	3334
627	627	3436
628	628	3495
629	629	3316
630	630	3239
631	631	3326
632	632	3801
633	633	3904
634	634	4151
635	635	3264
636	636	3389
637	637	3018
638	638	3466
639	639	3468
640	640	3526
641	641	3723
642	642	3785
643	643	3498
644	644	3353
645	645	3624
646	646	3387
647	647	4057
648	648	3432
649	649	3555
650	650	3351
651	651	3629
652	652	3360
653	653	3945
654	654	4000
655	655	3542
656	656	4189
657	657	3903
658	658	3624
659	659	3410
660	660	3851
661	661	3304
662	662	3968
663	663	3650
664	664	4286
665	665	3797
666	666	3985
667	667	3887
668	668	4033
669	669	3788
670	670	3755
671	671	3744
672	672	4060
673	673	3717
674	674	3223
675	675	3978
676	676	3638
677	677	3772
678	678	3330
679	679	3712
680	680	4323
681	681	3685
682	682	3622
683	683	3826
684	684	3845
685	685	3680
686	686	3678
687	687	3579
688	688	3156
689	689	3702
690	690	4048
691	691	3600
692	692	3844
693	693	3742
694	694	4152
695	695	3887
696	696	4440
697	697	3773
698	698	3595
699	699	3992
700	700	3299
701	701	4130
702	702	3642
703	703	4438
704	704	4274
705	705	4921
706	706	4714
707	707	4126
708	708	3346
709	709	3949
710	710	4149
711	711	3986
712	712	3813
713	713	3762
714	714	4004
715	715	3927
716	716	3808
717	717	3926
718	718	3935
719	719	4106
720	720	4043
721	721	3854
722	722	3967
723	723	4815
724	724	4279
725	725	3950
726	726	4236
727	727	4070
728	728	4113
729	729	3748
730	730	3859
731	731	3711
732	732	4407
733	733	3742
734	734	3947
735	735	3668
736	736	4485
737	737	3998
738	738	3950
739	739	3933
740	740	4163
741	741	3384
742	742	3256
743	743	4173
744	744	4811
745	745	4119
746	746	3881
747	747	4395
748	748	4332
749	749	4223
750	750	4267
751	751	4184
752	752	4375
753	753	4183
754	754	4081
755	755	4575
756	756	3707
757	757	4066
758	758	4626
759	759	4257
760	760	4731
761	761	5050
762	762	4978
763	763	4194
764	764	3725
765	765	4654
766	766	3835
767	767	4953
768	768	4406
769	769	4386
770	770	4420
771	771	4470
772	772	4794
773	773	4247
774	774	4336
775	775	5281
776	776	4132
777	777	4480
778	778	4466
779	779	4224
780	780	4323
781	781	4489
782	782	4804
783	783	4371
784	784	4458
785	785	4586
786	786	4357
787	787	4403
788	788	4225
789	789	4663
790	790	4593
791	791	4876
792	792	4538
793	793	4274
794	794	4586
795	795	4097
796	796	4466
797	797	4879
798	798	4585
799	799	4558
800	800	6088
801	801	5738
802	802	5003
803	803	4859
804	804	4646
805	805	4643
806	806	4703
807	807	4759
808	808	4369
809	809	4577
810	810	5108
811	811	4674
812	812	4354
813	813	4415
814	814	4154
815	815	4543
816	816	4476
817	817	4570
818	818	5996
819	819	4663
820	820	4751
821	821	4552
822	822	4921
823	823	4792
824	824	4935
825	825	4624
826	826	4056
827	827	4815
828	828	4881
829	829	4988
830	830	4851
831	831	4793
832	832	4681
833	833	4799
834	834	4751
835	835	4617
836	836	4500
837	837	4883
838	838	5373
839	839	4886
840	840	4787
841	841	4695
842	842	4782
843	843	4630
844	844	4602
845	845	4529
846	846	4852
847	847	5375
848	848	5817
849	849	6628
850	850	5533
851	851	5374
852	852	5128
853	853	5116
854	854	5134
855	855	5656
856	856	5983
857	857	5109
858	858	5045
859	859	5796
860	860	4789
861	861	4877
862	862	5009
863	863	5082
864	864	4954
865	865	6172
866	866	5871
867	867	6510
868	868	6347
869	869	5874
870	870	6340
871	871	6342
872	872	6818
873	873	5736
874	874	5824
875	875	6164
876	876	6194
877	877	6112
878	878	5781
879	879	6026
880	880	6210
881	881	5821
882	882	6100
883	883	5996
884	884	6762
885	885	7013
886	886	7908
887	887	6426
888	888	6350
889	889	7453
890	890	7050
891	891	6789
892	892	6637
893	893	6122
894	894	7009
895	895	7539
896	896	7363
897	897	6851
898	898	8666
899	899	7207
900	900	6531
901	901	7098
902	902	7079
903	903	6451
904	904	7068
905	905	7649
906	906	6860
907	907	6513
908	908	8804
909	909	6889
910	910	6595
911	911	7074
912	912	7461
913	913	7464
914	914	8099
915	915	7019
916	916	6231
917	917	6615
918	918	6997
919	919	6108
920	920	6706
921	921	6694
922	922	6928
923	923	6092
924	924	6117
925	925	6361
926	926	6895
927	927	7729
928	928	7891
929	929	7818
930	930	6664
931	931	6503
932	932	7035
933	933	6613
934	934	7291
935	935	7160
936	936	8519
937	937	6917
938	938	6812
939	939	6361
940	940	6175
941	941	6713
942	942	6742
943	943	6780
944	944	6820
945	945	6568
946	946	6790
947	947	7257
948	948	6699
949	949	6942
950	950	7478
951	951	8969
952	952	6999
953	953	7241
954	954	7060
955	955	7284
956	956	6411
957	957	7880
958	958	7021
959	959	7729
960	960	7142
961	961	6589
962	962	6608
963	963	7861
964	964	6127
965	965	6977
966	966	7450
967	967	7169
968	968	7469
969	969	7263
970	970	7807
971	971	8731
972	972	8069
973	973	7363
974	974	7427
975	975	7507
976	976	9255
977	977	7490
978	978	8164
979	979	6986
980	980	7941
981	981	7874
982	982	7632
983	983	8907
984	984	7949
985	985	6962
986	986	7361
987	987	7079
988	988	8086
989	989	7608
990	990	8144
991	991	7565
992	992	8225
993	993	8227
994	994	6712
995	995	7628
996	996	8962
997	997	7424
998	998	6563
999	999	7704
1000	1000	8345
