100	100	110
101	101	36
102	102	58
103	103	38
104	104	39
105	105	41
106	106	37
107	107	41
108	108	42
109	109	98
110	110	41
111	111	45
112	112	47
113	113	49
114	114	57
115	115	72
116	116	58
117	117	77
118	118	59
119	119	80
120	120	99
121	121	251
122	122	61
123	123	68
124	124	71
125	125	119
126	126	52
127	127	60
128	128	49
129	129	81
130	130	61
131	131	44
132	132	65
133	133	57
134	134	73
135	135	78
136	136	83
137	137	82
138	138	69
139	139	61
140	140	70
141	141	73
142	142	78
143	143	84
144	144	81
145	145	114
146	146	106
147	147	82
148	148	95
149	149	85
150	150	88
151	151	97
152	152	104
153	153	114
154	154	115
155	155	145
156	156	97
157	157	93
158	158	94
159	159	101
160	160	90
161	161	170
162	162	44776
163	163	128
164	164	461
165	165	105
166	166	460
167	167	162
168	168	379
169	169	211
170	170	285
171	171	238
172	172	272
173	173	358
174	174	223
175	175	336
176	176	180
177	177	176
178	178	162
179	179	447
180	180	281
181	181	234
182	182	530
183	183	493
184	184	517
185	185	334
186	186	466
187	187	559
188	188	377
189	189	611
190	190	469
191	191	370
192	192	368
193	193	791
194	194	384
195	195	458
196	196	548
197	197	520
198	198	338
199	199	315
200	200	840
201	201	706
202	202	713
203	203	643
204	204	300
205	205	502
206	206	225
207	207	532
208	208	528
209	209	463
210	210	629
211	211	366
212	212	440
213	213	514
214	214	665
215	215	472
216	216	778
217	217	652
218	218	490
219	219	584
220	220	697
221	221	749
222	222	485
223	223	709
224	224	438
225	225	418
226	226	528
227	227	674
228	228	553
229	229	144
230	230	688
231	231	659
232	232	634
233	233	511
234	234	420
235	235	376
236	236	441
237	237	556
238	238	599
239	239	530
240	240	317
241	241	600
242	242	483
243	243	288
244	244	829
245	245	613
246	246	430
247	247	612
248	248	462
249	249	273
250	250	652
251	251	549
252	252	479
253	253	770
254	254	593
255	255	509
256	256	570
257	257	657
258	258	718
259	259	782
260	260	568
261	261	596
262	262	647
263	263	395
264	264	579
265	265	524
266	266	629
267	267	515
268	268	510
269	269	499
270	270	640
271	271	568
272	272	247
273	273	524
274	274	514
275	275	618
276	276	503
277	277	884
278	278	579
279	279	633
280	280	554
281	281	445
282	282	247
283	283	374
284	284	390
285	285	514
286	286	653
287	287	541
288	288	853
289	289	943
290	290	619
291	291	770
292	292	974
293	293	721
294	294	567
295	295	664
296	296	1009
297	297	632
298	298	725
299	299	647
300	300	604
301	301	867
302	302	460
303	303	705
304	304	680
305	305	653
306	306	554
307	307	540
308	308	643
309	309	748
310	310	665
311	311	602
312	312	796
313	313	788
314	314	520
315	315	577
316	316	639
317	317	503
318	318	772
319	319	1168
320	320	1305
321	321	764
322	322	708
323	323	711
324	324	1034
325	325	1190
326	326	523
327	327	744
328	328	720
329	329	1011
330	330	604
331	331	848
332	332	951
333	333	685
334	334	979
335	335	871
336	336	1199
337	337	936
338	338	1102
339	339	1153
340	340	1068
341	341	637
342	342	968
343	343	1002
344	344	1151
345	345	996
346	346	902
347	347	653
348	348	990
349	349	1018
350	350	936
351	351	997
352	352	1252
353	353	806
354	354	1087
355	355	953
356	356	1015
357	357	620
358	358	962
359	359	961
360	360	610
361	361	1033
362	362	1050
363	363	1089
364	364	1156
365	365	860
366	366	756
367	367	991
368	368	1014
369	369	998
370	370	744
371	371	774
372	372	718
373	373	1005
374	374	1112
375	375	782
376	376	841
377	377	1049
378	378	1119
379	379	484
380	380	1107
381	381	1085
382	382	1478
383	383	687
384	384	1131
385	385	1248
386	386	1183
387	387	1264
388	388	805
389	389	1282
390	390	1104
391	391	1160
392	392	871
393	393	930
394	394	851
395	395	757
396	396	1106
397	397	952
398	398	1153
399	399	817
400	400	907
401	401	1012
402	402	1157
403	403	859
404	404	1149
405	405	1036
406	406	1053
407	407	824
408	408	1114
409	409	1093
410	410	823
411	411	1291
412	412	1038
413	413	1067
414	414	1072
415	415	1134
416	416	832
417	417	877
418	418	867
419	419	849
420	420	946
421	421	643
422	422	806
423	423	911
424	424	1121
425	425	1214
426	426	1061
427	427	668
428	428	1169
429	429	912
430	430	1097
431	431	825
432	432	975
433	433	964
434	434	841
435	435	1154
436	436	1561
437	437	903
438	438	1682
439	439	1447
440	440	1099
441	441	1457
442	442	838
443	443	1341
444	444	1448
445	445	1280
446	446	1184
447	447	1387
448	448	1069
449	449	1310
450	450	1516
451	451	1623
452	452	884
453	453	1284
454	454	1542
455	455	1002
456	456	1837
457	457	1117
458	458	1541
459	459	1228
460	460	1575
461	461	1473
462	462	730
463	463	1517
464	464	1676
465	465	1347
466	466	1256
467	467	1172
468	468	1686
469	469	1305
470	470	1419
471	471	1388
472	472	1039
473	473	1430
474	474	1809
475	475	1534
476	476	1791
477	477	1066
478	478	1753
479	479	1163
480	480	1694
481	481	1605
482	482	1837
483	483	1001
484	484	1638
485	485	1246
486	486	1595
487	487	1737
488	488	1201
489	489	690
490	490	2411
491	491	1401
492	492	1362
493	493	1310
494	494	755
495	495	1916
496	496	1138
497	497	1215
498	498	1603
499	499	770
500	500	1157
501	501	679
502	502	1472
503	503	874
504	504	1165
505	505	1842
506	506	1847
507	507	1577
508	508	1569
509	509	1830
510	510	1829
511	511	1314
512	512	1306
513	513	1530
514	514	1248
515	515	1512
516	516	1136
517	517	1299
518	518	1537
519	519	1360
520	520	2378
521	521	1775
522	522	1303
523	523	2152
524	524	1364
525	525	1414
526	526	1252
527	527	1478
528	528	1340
529	529	1523
530	530	1619
531	531	1659
532	532	1447
533	533	1141
534	534	1619
535	535	1155
536	536	1072
537	537	1371
538	538	1753
539	539	2044
540	540	1667
541	541	1573
542	542	1326
543	543	2063
544	544	1833
545	545	1312
546	546	1427
547	547	1436
548	548	2032
549	549	1796
550	550	1421
551	551	1935
552	552	1663
553	553	1693
554	554	1832
555	555	1613
556	556	1353
557	557	1464
558	558	1779
559	559	1757
560	560	1350
561	561	1431
562	562	1303
563	563	1370
564	564	1370
565	565	1493
566	566	829
567	567	1481
568	568	1937
569	569	1583
570	570	1622
571	571	1698
572	572	1553
573	573	1878
574	574	1712
575	575	1650
576	576	1444
577	577	1646
578	578	2103
579	579	1461
580	580	1669
581	581	1707
582	582	1628
583	583	1295
584	584	1566
585	585	1757
586	586	1758
587	587	1964
588	588	1512
589	589	1719
590	590	1445
591	591	1857
592	592	1740
593	593	1777
594	594	1721
595	595	1561
596	596	1093
597	597	1954
598	598	1379
599	599	1870
600	600	2043
601	601	1760
602	602	1432
603	603	1538
604	604	2174
605	605	1863
606	606	1945
607	607	1705
608	608	1902
609	609	2069
610	610	2173
611	611	1675
612	612	1868
613	613	2017
614	614	1962
615	615	1998
616	616	2020
617	617	1871
618	618	2550
619	619	2171
620	620	1650
621	621	2104
622	622	2113
623	623	2450
624	624	2105
625	625	1610
626	626	2073
627	627	1958
628	628	2147
629	629	2063
630	630	1819
631	631	1694
632	632	1957
633	633	2276
634	634	2166
635	635	2068
636	636	2184
637	637	2151
638	638	2055
639	639	1626
640	640	2082
641	641	2021
642	642	2188
643	643	2116
644	644	2311
645	645	2379
646	646	2154
647	647	2006
648	648	2041
649	649	2122
650	650	2052
651	651	2305
652	652	2266
653	653	2370
654	654	2758
655	655	2143
656	656	1796
657	657	2473
658	658	2153
659	659	2285
660	660	2462
661	661	1859
662	662	2640
663	663	1384
664	664	1754
665	665	2557
666	666	2024
667	667	2557
668	668	2515
669	669	2144
670	670	1928
671	671	2282
672	672	2568
673	673	2039
674	674	1532
675	675	2340
676	676	1906
677	677	2064
678	678	1909
679	679	1965
680	680	2293
681	681	2323
682	682	2319
683	683	1878
684	684	1985
685	685	1722
686	686	1713
687	687	2370
688	688	1701
689	689	2508
690	690	1771
691	691	2046
692	692	2276
693	693	2449
694	694	2434
695	695	2261
696	696	1937
697	697	1848
698	698	2312
699	699	1902
700	700	2123
701	701	1750
702	702	1760
703	703	2485
704	704	3483
705	705	3096
706	706	2655
707	707	2915
708	708	1965
709	709	2274
710	710	2239
711	711	2011
712	712	2313
713	713	2284
714	714	1662
715	715	2327
716	716	2393
717	717	2306
718	718	2400
719	719	1781
720	720	1961
721	721	2610
722	722	2629
723	723	2767
724	724	2559
725	725	2461
726	726	1695
727	727	2349
728	728	2070
729	729	2017
730	730	1942
731	731	2422
732	732	2876
733	733	2548
734	734	2486
735	735	2462
736	736	2550
737	737	2017
738	738	2171
739	739	2103
740	740	2370
741	741	2147
742	742	2516
743	743	1848
744	744	2679
745	745	2542
746	746	2337
747	747	2152
748	748	2091
749	749	2644
750	750	2249
751	751	2440
752	752	2730
753	753	2418
754	754	2033
755	755	2569
756	756	2091
757	757	2036
758	758	1795
759	759	2659
760	760	2751
761	761	2971
762	762	2829
763	763	2214
764	764	1725
765	765	2753
766	766	2451
767	767	2260
768	768	1934
769	769	2481
770	770	2450
771	771	2277
772	772	1998
773	773	2471
774	774	2777
775	775	2226
776	776	2556
777	777	2322
778	778	2446
779	779	2496
780	780	2086
781	781	2243
782	782	2667
783	783	2551
784	784	2185
785	785	2724
786	786	1892
787	787	2400
788	788	2446
789	789	2253
790	790	2612
791	791	2646
792	792	2539
793	793	2530
794	794	2911
795	795	2695
796	796	2221
797	797	2775
798	798	2701
799	799	2410
800	800	3323
801	801	2599
802	802	2437
803	803	2563
804	804	2596
805	805	2826
806	806	2076
807	807	2358
808	808	2296
809	809	1861
810	810	2695
811	811	2461
812	812	1945
813	813	2647
814	814	2527
815	815	2690
816	816	2658
817	817	2198
818	818	2768
819	819	2720
820	820	2735
821	821	2635
822	822	2693
823	823	2106
824	824	2037
825	825	2752
826	826	2026
827	827	2679
828	828	2412
829	829	2356
830	830	2593
831	831	2594
832	832	2571
833	833	2783
834	834	2353
835	835	2336
836	836	2688
837	837	2328
838	838	2951
839	839	2708
840	840	2765
841	841	2797
842	842	2590
843	843	2875
844	844	2727
845	845	2606
846	846	2964
847	847	2710
848	848	3968
849	849	3392
850	850	2886
851	851	2826
852	852	2894
853	853	2887
854	854	2592
855	855	3395
856	856	3027
857	857	2681
858	858	2840
859	859	2848
860	860	2668
861	861	2454
862	862	2599
863	863	2643
864	864	2609
865	865	4820
866	866	4005
867	867	3668
868	868	4594
869	869	4028
870	870	3939
871	871	4293
872	872	4994
873	873	4100
874	874	4425
875	875	4043
876	876	3826
877	877	4255
878	878	4812
879	879	3768
880	880	4036
881	881	4709
882	882	3970
883	883	4858
884	884	4620
885	885	3402
886	886	3741
887	887	3775
888	888	4206
889	889	5264
890	890	5792
891	891	4134
892	892	3976
893	893	5123
894	894	5538
895	895	4871
896	896	4225
897	897	5122
898	898	6281
899	899	5200
900	900	4231
901	901	4724
902	902	4498
903	903	4683
904	904	4382
905	905	5711
906	906	4781
907	907	5940
908	908	4388
909	909	4326
910	910	4534
911	911	4462
912	912	4095
913	913	4316
914	914	4861
915	915	4322
916	916	3990
917	917	4308
918	918	3949
919	919	4370
920	920	4154
921	921	4579
922	922	4036
923	923	4648
924	924	4380
925	925	4992
926	926	3814
927	927	4587
928	928	4223
929	929	5070
930	930	4396
931	931	4088
932	932	3680
933	933	4351
934	934	4916
935	935	4781
936	936	3591
937	937	4195
938	938	4097
939	939	4040
940	940	4084
941	941	3848
942	942	4204
943	943	4357
944	944	4460
945	945	4288
946	946	4694
947	947	4342
948	948	4757
949	949	4065
950	950	5356
951	951	4231
952	952	4794
953	953	4502
954	954	4416
955	955	5101
956	956	4979
957	957	4358
958	958	4466
959	959	3223
960	960	3818
961	961	4825
962	962	5006
963	963	4180
964	964	4592
965	965	4914
966	966	4717
967	967	4807
968	968	5145
969	969	5149
970	970	4980
971	971	5041
972	972	4879
973	973	4940
974	974	4902
975	975	5084
976	976	5341
977	977	4991
978	978	3789
979	979	4713
980	980	5367
981	981	4847
982	982	4804
983	983	4919
984	984	4981
985	985	5291
986	986	4714
987	987	4862
988	988	5352
989	989	5728
990	990	4164
991	991	5361
992	992	4298
993	993	5090
994	994	5368
995	995	5059
996	996	3929
997	997	5376
998	998	4718
999	999	4748
1000	1000	6569
