100	100	33
101	101	164
102	102	25
103	103	56
104	104	40
105	105	59
106	106	48
107	107	38
108	108	32
109	109	44
110	110	38
111	111	38
112	112	36
113	113	70
114	114	101
115	115	519
116	116	45
117	117	192
118	118	46
119	119	60
120	120	75
121	121	46
122	122	46
123	123	477
124	124	51
125	125	133
126	126	49
127	127	36
128	128	50
129	129	86
130	130	65
131	131	38
132	132	44
133	133	67
134	134	56
135	135	198
136	136	74
137	137	64
138	138	64
139	139	59
140	140	72
141	141	57
142	142	55
143	143	69
144	144	116
145	145	65
146	146	75
147	147	66
148	148	79
149	149	76
150	150	78
151	151	75
152	152	77
153	153	95
154	154	81
155	155	99
156	156	71
157	157	139
158	158	76
159	159	81
160	160	80
161	161	153
162	162	43419
163	163	81
164	164	282
165	165	222
166	166	373
167	167	91
168	168	288
169	169	226
170	170	419
171	171	209
172	172	385
173	173	317
174	174	97
175	175	94
176	176	169
177	177	382
178	178	223
179	179	108
180	180	511
181	181	364
182	182	401
183	183	128
184	184	406
185	185	336
186	186	581
187	187	550
188	188	222
189	189	151
190	190	280
191	191	315
192	192	234
193	193	443
194	194	326
195	195	516
196	196	454
197	197	351
198	198	373
199	199	304
200	200	424
201	201	421
202	202	417
203	203	509
204	204	431
205	205	408
206	206	156
207	207	347
208	208	434
209	209	616
210	210	450
211	211	227
212	212	478
213	213	424
214	214	329
215	215	545
216	216	521
217	217	659
218	218	325
219	219	361
220	220	391
221	221	499
222	222	501
223	223	731
224	224	409
225	225	390
226	226	366
227	227	610
228	228	698
229	229	833
230	230	498
231	231	666
232	232	688
233	233	512
234	234	373
235	235	547
236	236	529
237	237	548
238	238	750
239	239	498
240	240	1043
241	241	480
242	242	245
243	243	222
244	244	953
245	245	907
246	246	175
247	247	439
248	248	820
249	249	449
250	250	787
251	251	492
252	252	380
253	253	276
254	254	360
255	255	546
256	256	568
257	257	489
258	258	557
259	259	436
260	260	236
261	261	531
262	262	503
263	263	380
264	264	520
265	265	431
266	266	567
267	267	417
268	268	260
269	269	498
270	270	506
271	271	264
272	272	417
273	273	480
274	274	444
275	275	846
276	276	470
277	277	654
278	278	504
279	279	471
280	280	557
281	281	537
282	282	426
283	283	389
284	284	230
285	285	424
286	286	593
287	287	240
288	288	534
289	289	497
290	290	590
291	291	540
292	292	687
293	293	449
294	294	631
295	295	504
296	296	473
297	297	503
298	298	517
299	299	473
300	300	548
301	301	644
302	302	553
303	303	584
304	304	821
305	305	605
306	306	558
307	307	496
308	308	693
309	309	501
310	310	478
311	311	605
312	312	232
313	313	573
314	314	676
315	315	612
316	316	322
317	317	572
318	318	697
319	319	633
320	320	613
321	321	222
322	322	574
323	323	612
324	324	622
325	325	628
326	326	660
327	327	560
328	328	457
329	329	576
330	330	506
331	331	641
332	332	572
333	333	500
334	334	677
335	335	1043
336	336	673
337	337	607
338	338	650
339	339	1091
340	340	816
341	341	850
342	342	563
343	343	704
344	344	644
345	345	535
346	346	534
347	347	622
348	348	535
349	349	689
350	350	618
351	351	639
352	352	699
353	353	870
354	354	1152
355	355	438
356	356	532
357	357	609
358	358	500
359	359	863
360	360	507
361	361	693
362	362	604
363	363	647
364	364	906
365	365	815
366	366	655
367	367	804
368	368	631
369	369	955
370	370	714
371	371	798
372	372	782
373	373	685
374	374	1006
375	375	778
376	376	862
377	377	918
378	378	972
379	379	588
380	380	667
381	381	1013
382	382	1219
383	383	905
384	384	301
385	385	1109
386	386	701
387	387	839
388	388	762
389	389	588
390	390	713
391	391	926
392	392	932
393	393	666
394	394	451
395	395	661
396	396	932
397	397	680
398	398	602
399	399	806
400	400	888
401	401	614
402	402	1000
403	403	821
404	404	697
405	405	733
406	406	871
407	407	601
408	408	797
409	409	599
410	410	744
411	411	569
412	412	561
413	413	884
414	414	983
415	415	871
416	416	643
417	417	1022
418	418	614
419	419	884
420	420	525
421	421	760
422	422	795
423	423	671
424	424	1021
425	425	719
426	426	647
427	427	757
428	428	758
429	429	744
430	430	714
431	431	705
432	432	689
433	433	942
434	434	848
435	435	1119
436	436	1273
437	437	951
438	438	1025
439	439	1293
440	440	1080
441	441	872
442	442	1342
443	443	857
444	444	803
445	445	684
446	446	871
447	447	1566
448	448	851
449	449	1333
450	450	1264
451	451	1443
452	452	933
453	453	1077
454	454	921
455	455	1168
456	456	1015
457	457	944
458	458	1155
459	459	1285
460	460	964
461	461	985
462	462	1043
463	463	1299
464	464	1484
465	465	1012
466	466	620
467	467	1166
468	468	1372
469	469	765
470	470	1178
471	471	919
472	472	958
473	473	944
474	474	1664
475	475	773
476	476	1470
477	477	1000
478	478	929
479	479	1062
480	480	1660
481	481	1415
482	482	1024
483	483	881
484	484	1039
485	485	1025
486	486	1446
487	487	932
488	488	1330
489	489	527
490	490	946
491	491	1037
492	492	1230
493	493	1763
494	494	753
495	495	2133
496	496	806
497	497	500
498	498	611
499	499	608
500	500	445
501	501	1238
502	502	1029
503	503	1444
504	504	810
505	505	1629
506	506	1416
507	507	1408
508	508	1006
509	509	1555
510	510	1416
511	511	1238
512	512	1202
513	513	1070
514	514	1023
515	515	1048
516	516	1078
517	517	989
518	518	1193
519	519	1125
520	520	1956
521	521	724
522	522	900
523	523	1314
524	524	1104
525	525	1176
526	526	1211
527	527	1175
528	528	1205
529	529	1012
530	530	1230
531	531	1105
532	532	1167
533	533	1091
534	534	1089
535	535	1312
536	536	1079
537	537	1038
538	538	1012
539	539	1804
540	540	1529
541	541	1301
542	542	3472
543	543	2365
544	544	1202
545	545	1113
546	546	1300
547	547	1224
548	548	1206
549	549	1316
550	550	769
551	551	1266
552	552	1704
553	553	1450
554	554	1028
555	555	1218
556	556	1490
557	557	1147
558	558	1168
559	559	1506
560	560	1151
561	561	1002
562	562	1123
563	563	1513
564	564	1189
565	565	1266
566	566	1139
567	567	1331
568	568	1706
569	569	1052
570	570	1300
571	571	1125
572	572	1208
573	573	1180
574	574	1010
575	575	990
576	576	1271
577	577	1453
578	578	1763
579	579	1354
580	580	1202
581	581	974
582	582	1603
583	583	1073
584	584	1216
585	585	1258
586	586	1186
587	587	1276
588	588	1335
589	589	1239
590	590	1345
591	591	986
592	592	1607
593	593	1306
594	594	1568
595	595	1276
596	596	1049
597	597	1740
598	598	764
599	599	1199
600	600	1145
601	601	1534
602	602	1251
603	603	1666
604	604	1752
605	605	1444
606	606	1628
607	607	874
608	608	1382
609	609	2057
610	610	1948
611	611	1449
612	612	1455
613	613	1329
614	614	1718
615	615	1256
616	616	1028
617	617	1560
618	618	2364
619	619	2011
620	620	1455
621	621	1802
622	622	1487
623	623	2310
624	624	1590
625	625	1217
626	626	1815
627	627	1594
628	628	1596
629	629	1972
630	630	1966
631	631	1575
632	632	1508
633	633	2131
634	634	1981
635	635	1831
636	636	1885
637	637	1316
638	638	1866
639	639	1550
640	640	1245
641	641	2040
642	642	2136
643	643	1906
644	644	2002
645	645	1674
646	646	1661
647	647	1521
648	648	1836
649	649	1834
650	650	2043
651	651	1679
652	652	1335
653	653	2120
654	654	2508
655	655	1952
656	656	1529
657	657	2111
658	658	2002
659	659	2036
660	660	1233
661	661	2442
662	662	2386
663	663	1594
664	664	2011
665	665	2306
666	666	2033
667	667	2407
668	668	2396
669	669	1809
670	670	1814
671	671	2127
672	672	1782
673	673	2007
674	674	1449
675	675	2252
676	676	1518
677	677	1980
678	678	1693
679	679	1589
680	680	1847
681	681	1403
682	682	1958
683	683	1326
684	684	1575
685	685	1640
686	686	1534
687	687	1921
688	688	1566
689	689	1512
690	690	1589
691	691	2115
692	692	1615
693	693	1697
694	694	1764
695	695	2124
696	696	2598
697	697	2081
698	698	1979
699	699	1654
700	700	1520
701	701	1491
702	702	1060
703	703	1793
704	704	2793
705	705	2866
706	706	923
707	707	2383
708	708	1500
709	709	1574
710	710	1711
711	711	1973
712	712	1990
713	713	1151
714	714	1640
715	715	1626
716	716	1676
717	717	1524
718	718	1923
719	719	1606
720	720	1575
721	721	1881
722	722	1750
723	723	2053
724	724	1853
725	725	2196
726	726	1552
727	727	1893
728	728	1523
729	729	1700
730	730	1708
731	731	1714
732	732	2469
733	733	1630
734	734	2196
735	735	1209
736	736	2092
737	737	1632
738	738	2524
739	739	1562
740	740	2329
741	741	1689
742	742	1638
743	743	1716
744	744	1816
745	745	2232
746	746	1565
747	747	1810
748	748	1730
749	749	1804
750	750	1920
751	751	2158
752	752	1581
753	753	2043
754	754	1534
755	755	1653
756	756	1973
757	757	1512
758	758	2293
759	759	1883
760	760	2002
761	761	2036
762	762	2269
763	763	1374
764	764	1670
765	765	1999
766	766	2733
767	767	2591
768	768	1729
769	769	2434
770	770	1317
771	771	2178
772	772	1607
773	773	1986
774	774	1907
775	775	1660
776	776	1711
777	777	1408
778	778	1597
779	779	2163
780	780	1351
781	781	1515
782	782	2129
783	783	2159
784	784	1607
785	785	2402
786	786	1253
787	787	1920
788	788	1910
789	789	1848
790	790	1954
791	791	1744
792	792	2121
793	793	1747
794	794	2344
795	795	1060
796	796	1861
797	797	2382
798	798	1813
799	799	1802
800	800	2265
801	801	2015
802	802	1906
803	803	1943
804	804	2105
805	805	2356
806	806	1698
807	807	1817
808	808	1813
809	809	1661
810	810	1294
811	811	2165
812	812	1651
813	813	2198
814	814	1907
815	815	1595
816	816	1671
817	817	2089
818	818	1695
819	819	1757
820	820	2262
821	821	1756
822	822	1632
823	823	1604
824	824	1791
825	825	1834
826	826	2061
827	827	2300
828	828	2038
829	829	1266
830	830	1976
831	831	1715
832	832	2011
833	833	2125
834	834	1965
835	835	1761
836	836	1955
837	837	1959
838	838	1734
839	839	1897
840	840	2138
841	841	2172
842	842	2161
843	843	2113
844	844	2140
845	845	2012
846	846	1565
847	847	1706
848	848	2603
849	849	2547
850	850	2547
851	851	1969
852	852	1898
853	853	1926
854	854	1879
855	855	1990
856	856	2554
857	857	2038
858	858	1861
859	859	2560
860	860	2400
861	861	1403
862	862	2281
863	863	2293
864	864	2351
865	865	3804
866	866	3499
867	867	2939
868	868	3248
869	869	3142
870	870	3503
871	871	3923
872	872	3925
873	873	3642
874	874	2617
875	875	3330
876	876	3276
877	877	3157
878	878	4146
879	879	2664
880	880	3481
881	881	4468
882	882	3217
883	883	3589
884	884	3941
885	885	2980
886	886	3116
887	887	3545
888	888	3526
889	889	3244
890	890	4881
891	891	2892
892	892	3510
893	893	4303
894	894	2700
895	895	3750
896	896	3855
897	897	2248
898	898	4093
899	899	4413
900	900	3441
901	901	3057
902	902	4283
903	903	3073
904	904	4886
905	905	5888
906	906	4280
907	907	4538
908	908	3705
909	909	3775
910	910	3610
911	911	3805
912	912	3130
913	913	3603
914	914	3920
915	915	3016
916	916	3546
917	917	2414
918	918	3279
919	919	3783
920	920	3401
921	921	3901
922	922	3483
923	923	4128
924	924	3496
925	925	2345
926	926	2168
927	927	2853
928	928	2946
929	929	3500
930	930	3442
931	931	3652
932	932	3861
933	933	3404
934	934	4442
935	935	2820
936	936	2713
937	937	1954
938	938	3268
939	939	3561
940	940	2552
941	941	2792
942	942	3744
943	943	3681
944	944	3469
945	945	3743
946	946	4131
947	947	3708
948	948	3522
949	949	3821
950	950	4462
951	951	3350
952	952	3376
953	953	3646
954	954	3854
955	955	3950
956	956	4386
957	957	2698
958	958	2386
959	959	2208
960	960	3697
961	961	4226
962	962	3251
963	963	3144
964	964	2356
965	965	4174
966	966	3834
967	967	4084
968	968	4573
969	969	3847
970	970	4535
971	971	4043
972	972	3794
973	973	4125
974	974	3078
975	975	2960
976	976	3531
977	977	3988
978	978	3708
979	979	4078
980	980	5520
981	981	2999
982	982	3944
983	983	4489
984	984	3807
985	985	4622
986	986	3359
987	987	4055
988	988	4895
989	989	3139
990	990	3707
991	991	4287
992	992	3479
993	993	3026
994	994	3316
995	995	4549
996	996	3281
997	997	4620
998	998	2613
999	999	3855
1000	1000	4807
