100	100	77
101	101	75
102	102	69
103	103	76
104	104	75
105	105	43
106	106	108
107	107	70
108	108	80
109	109	80
110	110	79
111	111	262
112	112	78
113	113	83
114	114	82
115	115	81
116	116	90
117	117	122
118	118	110
119	119	134
120	120	103
121	121	97
122	122	101
123	123	112
124	124	107
125	125	119
126	126	71
127	127	76
128	128	141
129	129	143
130	130	115
131	131	116
132	132	76
133	133	118
134	134	102
135	135	114
136	136	132
137	137	119
138	138	122
139	139	79
140	140	134
141	141	121
142	142	136
143	143	93
144	144	93
145	145	155
146	146	140
147	147	134
148	148	141
149	149	143
150	150	113
151	151	137
152	152	145
153	153	121
154	154	151
155	155	156
156	156	142
157	157	100
158	158	148
159	159	159
160	160	151
161	161	172
162	162	147
163	163	234
164	164	106
165	165	540
166	166	166
167	167	569
168	168	153
169	169	663
170	170	411
171	171	496
172	172	523
173	173	403
174	174	1040
175	175	287
176	176	761
177	177	697
178	178	123
179	179	1127
180	180	1070
181	181	839
182	182	720
183	183	356
184	184	601
185	185	624
186	186	958
187	187	1108
188	188	997
189	189	413
190	190	822
191	191	603
192	192	391
193	193	456
194	194	873
195	195	331
196	196	1455
197	197	406
198	198	688
199	199	524
200	200	461
201	201	743
202	202	921
203	203	173
204	204	724
205	205	1096
206	206	425
207	207	941
208	208	631
209	209	302
210	210	1382
211	211	550
212	212	655
213	213	1401
214	214	550
215	215	834
216	216	439
217	217	633
218	218	1020
219	219	434
220	220	800
221	221	717
222	222	1127
223	223	687
224	224	1583
225	225	1003
226	226	1110
227	227	1115
228	228	1065
229	229	1036
230	230	1430
231	231	1578
232	232	1551
233	233	1452
234	234	1044
235	235	1326
236	236	1533
237	237	1189
238	238	1226
239	239	1467
240	240	1135
241	241	1426
242	242	1194
243	243	894
244	244	699
245	245	1741
246	246	876
247	247	1266
248	248	1644
249	249	1639
250	250	1080
251	251	988
252	252	1277
253	253	1593
254	254	1118
255	255	1358
256	256	1138
257	257	1219
258	258	1278
259	259	1599
260	260	1616
261	261	1346
262	262	1300
263	263	1235
264	264	1336
265	265	1364
266	266	1593
267	267	1299
268	268	1691
269	269	849
270	270	1441
271	271	1242
272	272	1456
273	273	781
274	274	1264
275	275	1100
276	276	1176
277	277	1118
278	278	970
279	279	1034
280	280	1240
281	281	1763
282	282	1164
283	283	798
284	284	1140
285	285	1647
286	286	1404
287	287	1358
288	288	1471
289	289	1382
290	290	1463
291	291	1391
292	292	1367
293	293	1296
294	294	1229
295	295	1540
296	296	1342
297	297	1465
298	298	1355
299	299	1253
300	300	1488
301	301	1523
302	302	1387
303	303	1250
304	304	1419
305	305	1469
306	306	1285
307	307	1291
308	308	1435
309	309	1153
310	310	1289
311	311	1448
312	312	1198
313	313	1190
314	314	1365
315	315	1184
316	316	1787
317	317	1173
318	318	1265
319	319	1699
320	320	1611
321	321	1398
322	322	1239
323	323	1246
324	324	1342
325	325	1435
326	326	1495
327	327	1234
328	328	1347
329	329	1582
330	330	1367
331	331	1501
332	332	1199
333	333	1366
334	334	1607
335	335	1338
336	336	1816
337	337	1403
338	338	1368
339	339	1425
340	340	1329
341	341	1455
342	342	1342
343	343	1512
344	344	1364
345	345	1450
346	346	1361
347	347	1287
348	348	1402
349	349	1376
350	350	1335
351	351	1430
352	352	1760
353	353	1830
354	354	1730
355	355	1220
356	356	1311
357	357	1717
358	358	1359
359	359	1469
360	360	1350
361	361	1556
362	362	1394
363	363	1490
364	364	1520
365	365	1190
366	366	1472
367	367	1341
368	368	1268
369	369	1438
370	370	1213
371	371	1416
372	372	1334
373	373	1402
374	374	1394
375	375	1356
376	376	1442
377	377	1854
378	378	1530
379	379	1298
380	380	1497
381	381	1403
382	382	1815
383	383	1755
384	384	1656
385	385	1452
386	386	1545
387	387	2021
388	388	1947
389	389	1624
390	390	1584
391	391	1597
392	392	1972
393	393	1573
394	394	1819
395	395	1758
396	396	1477
397	397	2072
398	398	1609
399	399	1648
400	400	2227
401	401	1482
402	402	1488
403	403	1623
404	404	1560
405	405	1505
406	406	1407
407	407	1503
408	408	1472
409	409	1399
410	410	2109
411	411	1597
412	412	2030
413	413	1321
414	414	1446
415	415	1570
416	416	1551
417	417	1626
418	418	1839
419	419	1491
420	420	1770
421	421	1522
422	422	1542
423	423	1552
424	424	1552
425	425	1518
426	426	1498
427	427	1545
428	428	1555
429	429	1684
430	430	1783
431	431	1581
432	432	1491
433	433	2044
434	434	1680
435	435	1904
436	436	2029
437	437	1632
438	438	2104
439	439	1896
440	440	1985
441	441	1794
442	442	2141
443	443	1828
444	444	1919
445	445	2342
446	446	2097
447	447	2173
448	448	2577
449	449	2065
450	450	1815
451	451	1966
452	452	2032
453	453	2190
454	454	2113
455	455	2194
456	456	2340
457	457	1505
458	458	2514
459	459	2165
460	460	2120
461	461	2317
462	462	2444
463	463	2202
464	464	2000
465	465	2302
466	466	2727
467	467	1963
468	468	1944
469	469	2478
470	470	2671
471	471	1937
472	472	2252
473	473	1985
474	474	2655
475	475	2305
476	476	2224
477	477	2318
478	478	2078
479	479	1612
480	480	2299
481	481	2122
482	482	2177
483	483	2833
484	484	2403
485	485	1720
486	486	2171
487	487	2100
488	488	3154
489	489	868
490	490	3840
491	491	2737
492	492	2094
493	493	1836
494	494	2428
495	495	2988
496	496	3803
497	497	1558
498	498	1923
499	499	1665
500	500	2885
501	501	2529
502	502	2309
503	503	3125
504	504	961
505	505	2362
506	506	2244
507	507	2412
508	508	2467
509	509	2195
510	510	1957
511	511	2347
512	512	2125
513	513	2761
514	514	2609
515	515	2583
516	516	1659
517	517	3578
518	518	2267
519	519	2454
520	520	3001
521	521	3062
522	522	2816
523	523	2585
524	524	2261
525	525	2941
526	526	2944
527	527	2524
528	528	2279
529	529	2582
530	530	3000
531	531	2249
532	532	2467
533	533	2867
534	534	2597
535	535	2549
536	536	2448
537	537	2412
538	538	3122
539	539	1573
540	540	2680
541	541	2610
542	542	4006
543	543	4548
544	544	2793
545	545	3072
546	546	3236
547	547	3206
548	548	2725
549	549	3329
550	550	3248
551	551	2608
552	552	2432
553	553	2545
554	554	2459
555	555	2588
556	556	2456
557	557	2192
558	558	2319
559	559	2866
560	560	2710
561	561	3196
562	562	2353
563	563	3038
564	564	3393
565	565	2689
566	566	2416
567	567	2774
568	568	2379
569	569	2404
570	570	2827
571	571	3027
572	572	2552
573	573	2394
574	574	2883
575	575	2311
576	576	2890
577	577	3724
578	578	2798
579	579	2391
580	580	2372
581	581	2419
582	582	2468
583	583	2652
584	584	2536
585	585	3126
586	586	2761
587	587	2581
588	588	1154
589	589	3368
590	590	3066
591	591	2344
592	592	2526
593	593	2749
594	594	2531
595	595	3007
596	596	2624
597	597	2509
598	598	2748
599	599	3461
600	600	2940
601	601	2832
602	602	3577
603	603	2794
604	604	2846
605	605	2838
606	606	2688
607	607	3089
608	608	2749
609	609	3052
610	610	2987
611	611	3273
612	612	3246
613	613	3165
614	614	2971
615	615	2725
616	616	3284
617	617	3288
618	618	2812
619	619	2932
620	620	3136
621	621	2842
622	622	2796
623	623	3049
624	624	2697
625	625	2747
626	626	2952
627	627	2586
628	628	2978
629	629	2878
630	630	3066
631	631	2760
632	632	2667
633	633	2603
634	634	3054
635	635	2646
636	636	2997
637	637	2714
638	638	2826
639	639	3161
640	640	2889
641	641	3090
642	642	3104
643	643	2962
644	644	2676
645	645	3085
646	646	2851
647	647	3018
648	648	2928
649	649	3040
650	650	2794
651	651	3076
652	652	3252
653	653	3295
654	654	3356
655	655	3154
656	656	3389
657	657	3072
658	658	3429
659	659	3241
660	660	3606
661	661	3281
662	662	3880
663	663	3713
664	664	3201
665	665	2814
666	666	3376
667	667	3482
668	668	3338
669	669	3144
670	670	3297
671	671	3253
672	672	3696
673	673	3086
674	674	3139
675	675	3344
676	676	3388
677	677	3293
678	678	3020
679	679	3135
680	680	3325
681	681	3264
682	682	2887
683	683	2802
684	684	3204
685	685	3894
686	686	3309
687	687	3230
688	688	2658
689	689	3522
690	690	3425
691	691	2831
692	692	3512
693	693	3200
694	694	3578
695	695	3247
696	696	3833
697	697	2999
698	698	3126
699	699	3073
700	700	3041
701	701	3267
702	702	3079
703	703	3877
704	704	4146
705	705	4408
706	706	3818
707	707	4578
708	708	3135
709	709	3445
710	710	3713
711	711	3471
712	712	3259
713	713	3968
714	714	3868
715	715	3983
716	716	3812
717	717	3109
718	718	3159
719	719	3305
720	720	2500
721	721	3514
722	722	3729
723	723	3610
724	724	3509
725	725	3657
726	726	3463
727	727	3458
728	728	3370
729	729	3260
730	730	4256
731	731	4160
732	732	3682
733	733	3266
734	734	3309
735	735	3560
736	736	3207
737	737	3073
738	738	3571
739	739	3559
740	740	3632
741	741	3418
742	742	2549
743	743	3180
744	744	5304
745	745	3436
746	746	3301
747	747	3297
748	748	3984
749	749	3304
750	750	3326
751	751	3478
752	752	3609
753	753	3287
754	754	4094
755	755	3959
756	756	3336
757	757	3417
758	758	3709
759	759	3314
760	760	5095
761	761	3651
762	762	4312
763	763	3943
764	764	2727
765	765	4259
766	766	3856
767	767	3429
768	768	3774
769	769	3613
770	770	3496
771	771	3434
772	772	4627
773	773	3439
774	774	3551
775	775	3611
776	776	3600
777	777	4198
778	778	3588
779	779	3574
780	780	4079
781	781	4144
782	782	4179
783	783	3611
784	784	3553
785	785	3849
786	786	4341
787	787	3460
788	788	3611
789	789	3718
790	790	3834
791	791	4443
792	792	3369
793	793	3309
794	794	3653
795	795	4221
796	796	3191
797	797	3986
798	798	3897
799	799	3657
800	800	4801
801	801	4222
802	802	3813
803	803	3513
804	804	3684
805	805	3541
806	806	4477
807	807	4529
808	808	3785
809	809	4012
810	810	4797
811	811	3553
812	812	3371
813	813	3697
814	814	4002
815	815	3747
816	816	3328
817	817	3702
818	818	3950
819	819	4011
820	820	4053
821	821	3617
822	822	3849
823	823	3751
824	824	3267
825	825	3892
826	826	3760
827	827	3745
828	828	3879
829	829	3826
830	830	3727
831	831	3540
832	832	4644
833	833	3816
834	834	4101
835	835	3562
836	836	3768
837	837	4213
838	838	4157
839	839	3681
840	840	3622
841	841	3793
842	842	3528
843	843	3752
844	844	3665
845	845	4530
846	846	3932
847	847	3943
848	848	4609
849	849	5744
850	850	4129
851	851	4181
852	852	3835
853	853	4497
854	854	4996
855	855	4462
856	856	5084
857	857	3699
858	858	4585
859	859	3975
860	860	3890
861	861	3949
862	862	3856
863	863	4112
864	864	4073
865	865	4666
866	866	4983
867	867	4369
868	868	5083
869	869	4619
870	870	4998
871	871	5377
872	872	5434
873	873	4746
874	874	4591
875	875	5240
876	876	5144
877	877	5022
878	878	5042
879	879	5121
880	880	4806
881	881	5108
882	882	5195
883	883	5014
884	884	5329
885	885	5211
886	886	5984
887	887	5175
888	888	5620
889	889	6637
890	890	5951
891	891	5221
892	892	5670
893	893	5182
894	894	5647
895	895	7238
896	896	5300
897	897	5864
898	898	6025
899	899	6046
900	900	5326
901	901	5573
902	902	5829
903	903	5498
904	904	5176
905	905	7425
906	906	5754
907	907	8143
908	908	6912
909	909	5851
910	910	5100
911	911	5762
912	912	5434
913	913	5750
914	914	5992
915	915	6234
916	916	4440
917	917	4778
918	918	6292
919	919	5620
920	920	5449
921	921	5121
922	922	5597
923	923	5514
924	924	4582
925	925	5679
926	926	5183
927	927	5663
928	928	6772
929	929	6687
930	930	5716
931	931	5143
932	932	5792
933	933	5266
934	934	6415
935	935	5194
936	936	7014
937	937	5421
938	938	5478
939	939	5196
940	940	5650
941	941	5992
942	942	5503
943	943	4966
944	944	5844
945	945	5381
946	946	5710
947	947	5717
948	948	5129
949	949	5734
950	950	4881
951	951	7359
952	952	5428
953	953	5834
954	954	5505
955	955	6015
956	956	5166
957	957	6177
958	958	5493
959	959	6488
960	960	6870
961	961	5656
962	962	6201
963	963	4515
964	964	5409
965	965	7128
966	966	6150
967	967	5981
968	968	6094
969	969	6102
970	970	6116
971	971	6564
972	972	5594
973	973	5798
974	974	6705
975	975	5856
976	976	7368
977	977	6213
978	978	7774
979	979	5913
980	980	7064
981	981	6472
982	982	6199
983	983	6504
984	984	6382
985	985	5958
986	986	6137
987	987	6038
988	988	6700
989	989	6606
990	990	6698
991	991	6163
992	992	7739
993	993	6800
994	994	6937
995	995	6409
996	996	6087
997	997	5578
998	998	6356
999	999	6204
1000	1000	6067
