100	100	38
101	101	59
102	102	60
103	103	36
104	104	57
105	105	39
106	106	34
107	107	34
108	108	35
109	109	35
110	110	45
111	111	40
112	112	54
113	113	40
114	114	61
115	115	247
116	116	47
117	117	47
118	118	65
119	119	78
120	120	34
121	121	65
122	122	45
123	123	50
124	124	55
125	125	46
126	126	49
127	127	59
128	128	35
129	129	43
130	130	85
131	131	56
132	132	44
133	133	42
134	134	74
135	135	41
136	136	63
137	137	45
138	138	55
139	139	64
140	140	63
141	141	69
142	142	68
143	143	48
144	144	78
145	145	73
146	146	74
147	147	60
148	148	66
149	149	53
150	150	91
151	151	70
152	152	77
153	153	65
154	154	86
155	155	80
156	156	80
157	157	99
158	158	72
159	159	70
160	160	65
161	161	84
162	162	74
163	163	372
164	164	74
165	165	233
166	166	85
167	167	229
168	168	69
169	169	289
170	170	78
171	171	284
172	172	77
173	173	210
174	174	64
175	175	260
176	176	210
177	177	309
178	178	73
179	179	72
180	180	75
181	181	258
182	182	73
183	183	109
184	184	77
185	185	75
186	186	67
187	187	334
188	188	74
189	189	263
190	190	159
191	191	126
192	192	107
193	193	276
194	194	112
195	195	101
196	196	100
197	197	134
198	198	104
199	199	102
200	200	85
201	201	88
202	202	84
203	203	115
204	204	92
205	205	83
206	206	92
207	207	91
208	208	111
209	209	82
210	210	88
211	211	90
212	212	90
213	213	97
214	214	154
215	215	128
216	216	116
217	217	97
218	218	95
219	219	98
220	220	122
221	221	114
222	222	99
223	223	87
224	224	96
225	225	107
226	226	100
227	227	99
228	228	118
229	229	108
230	230	117
231	231	110
232	232	101
233	233	105
234	234	141
235	235	144
236	236	392
237	237	134
238	238	134
239	239	138
240	240	115
241	241	114
242	242	114
243	243	180
244	244	111
245	245	118
246	246	471
247	247	119
248	248	116
249	249	145
250	250	124
251	251	123
252	252	191
253	253	169
254	254	140
255	255	123
256	256	127
257	257	214
258	258	135
259	259	144
260	260	136
261	261	134
262	262	151
263	263	135
264	264	141
265	265	141
266	266	141
267	267	149
268	268	140
269	269	551
270	270	136
271	271	142
272	272	164
273	273	304
274	274	420
275	275	153
276	276	493
277	277	173
278	278	571
279	279	156
280	280	152
281	281	145
282	282	193
283	283	192
284	284	165
285	285	182
286	286	147
287	287	161
288	288	171
289	289	181
290	290	180
291	291	202
292	292	174
293	293	200
294	294	178
295	295	222
296	296	179
297	297	201
298	298	260
299	299	191
300	300	204
301	301	177
302	302	183
303	303	211
304	304	203
305	305	216
306	306	193
307	307	182
308	308	202
309	309	231
310	310	200
311	311	184
312	312	191
313	313	227
314	314	209
315	315	197
316	316	219
317	317	209
318	318	202
319	319	190
320	320	194
321	321	231
322	322	234
323	323	211
324	324	196
325	325	230
326	326	201
327	327	221
328	328	241
329	329	221
330	330	201
331	331	245
332	332	226
333	333	215
334	334	226
335	335	213
336	336	203
337	337	222
338	338	220
339	339	218
340	340	223
341	341	227
342	342	226
343	343	253
344	344	223
345	345	223
346	346	308
347	347	225
348	348	233
349	349	250
350	350	214
351	351	226
352	352	278
353	353	232
354	354	245
355	355	234
356	356	223
357	357	595
358	358	232
359	359	237
360	360	459
361	361	231
362	362	233
363	363	247
364	364	241
365	365	560
366	366	242
367	367	232
368	368	246
369	369	246
370	370	242
371	371	269
372	372	413
373	373	241
374	374	279
375	375	235
376	376	515
377	377	253
378	378	382
379	379	587
380	380	242
381	381	281
382	382	277
383	383	610
384	384	262
385	385	655
386	386	307
387	387	278
388	388	296
389	389	310
390	390	300
391	391	289
392	392	286
393	393	290
394	394	300
395	395	301
396	396	298
397	397	299
398	398	323
399	399	292
400	400	293
401	401	303
402	402	647
403	403	301
404	404	302
405	405	305
406	406	307
407	407	307
408	408	316
409	409	304
410	410	337
411	411	309
412	412	316
413	413	310
414	414	583
415	415	302
416	416	326
417	417	317
418	418	313
419	419	330
420	420	328
421	421	315
422	422	335
423	423	379
424	424	674
425	425	326
426	426	338
427	427	347
428	428	313
429	429	339
430	430	337
431	431	337
432	432	332
433	433	772
434	434	372
435	435	380
436	436	345
437	437	1001
438	438	366
439	439	582
440	440	353
441	441	366
442	442	378
443	443	380
444	444	354
445	445	424
446	446	402
447	447	1601
448	448	377
449	449	381
450	450	404
451	451	733
452	452	363
453	453	1304
454	454	378
455	455	958
456	456	406
457	457	902
458	458	373
459	459	421
460	460	374
461	461	367
462	462	1317
463	463	388
464	464	385
465	465	397
466	466	391
467	467	1347
468	468	389
469	469	408
470	470	1003
471	471	401
472	472	369
473	473	382
474	474	384
475	475	399
476	476	485
477	477	913
478	478	392
479	479	1013
480	480	402
481	481	400
482	482	454
483	483	942
484	484	427
485	485	1258
486	486	398
487	487	413
488	488	536
489	489	854
490	490	930
491	491	408
492	492	420
493	493	677
494	494	414
495	495	865
496	496	421
497	497	416
498	498	442
499	499	1758
500	500	457
501	501	443
502	502	1897
503	503	1107
504	504	749
505	505	450
506	506	433
507	507	467
508	508	451
509	509	960
510	510	443
511	511	1222
512	512	473
513	513	518
514	514	477
515	515	484
516	516	447
517	517	602
518	518	1083
519	519	429
520	520	529
521	521	480
522	522	1248
523	523	1240
524	524	447
525	525	481
526	526	480
527	527	484
528	528	457
529	529	507
530	530	508
531	531	513
532	532	513
533	533	536
534	534	587
535	535	508
536	536	894
537	537	539
538	538	496
539	539	562
540	540	1279
541	541	1224
542	542	535
543	543	3049
544	544	583
545	545	501
546	546	498
547	547	510
548	548	531
549	549	536
550	550	515
551	551	690
552	552	540
553	553	552
554	554	531
555	555	1373
556	556	560
557	557	538
558	558	558
559	559	578
560	560	566
561	561	567
562	562	567
563	563	547
564	564	579
565	565	579
566	566	582
567	567	726
568	568	539
569	569	577
570	570	580
571	571	581
572	572	575
573	573	566
574	574	587
575	575	571
576	576	564
577	577	606
578	578	622
579	579	1043
580	580	572
581	581	581
582	582	1126
583	583	573
584	584	567
585	585	592
586	586	564
587	587	590
588	588	1311
589	589	599
590	590	604
591	591	598
592	592	611
593	593	606
594	594	611
595	595	606
596	596	1152
597	597	609
598	598	1013
599	599	589
600	600	583
601	601	587
602	602	996
603	603	1145
604	604	1152
605	605	1461
606	606	1164
607	607	600
608	608	599
609	609	876
610	610	1476
611	611	675
612	612	743
613	613	697
614	614	692
615	615	721
616	616	1031
617	617	768
618	618	709
619	619	1270
620	620	1029
621	621	634
622	622	679
623	623	1200
624	624	1515
625	625	749
626	626	663
627	627	710
628	628	755
629	629	916
630	630	1394
631	631	1281
632	632	963
633	633	1965
634	634	945
635	635	699
636	636	1628
637	637	658
638	638	1124
639	639	1612
640	640	684
641	641	1917
642	642	728
643	643	709
644	644	1136
645	645	773
646	646	1871
647	647	885
648	648	733
649	649	765
650	650	1586
651	651	771
652	652	760
653	653	2165
654	654	1405
655	655	727
656	656	1462
657	657	847
658	658	1706
659	659	686
660	660	811
661	661	1361
662	662	740
663	663	779
664	664	1692
665	665	1010
666	666	1243
667	667	1070
668	668	1712
669	669	680
670	670	799
671	671	1514
672	672	724
673	673	1774
674	674	1299
675	675	772
676	676	764
677	677	818
678	678	808
679	679	965
680	680	746
681	681	798
682	682	771
683	683	755
684	684	1101
685	685	1284
686	686	1065
687	687	900
688	688	1364
689	689	1063
690	690	1051
691	691	1077
692	692	827
693	693	794
694	694	823
695	695	1444
696	696	864
697	697	794
698	698	928
699	699	731
700	700	840
701	701	1221
702	702	843
703	703	1122
704	704	1567
705	705	875
706	706	1249
707	707	831
708	708	1237
709	709	817
710	710	1123
711	711	735
712	712	1008
713	713	831
714	714	1187
715	715	836
716	716	847
717	717	852
718	718	846
719	719	990
720	720	1094
721	721	843
722	722	804
723	723	817
724	724	1921
725	725	850
726	726	1222
727	727	889
728	728	827
729	729	1186
730	730	1142
731	731	867
732	732	926
733	733	868
734	734	857
735	735	826
736	736	1535
737	737	868
738	738	891
739	739	1156
740	740	880
741	741	1145
742	742	1676
743	743	1062
744	744	844
745	745	870
746	746	883
747	747	823
748	748	861
749	749	869
750	750	1623
751	751	1384
752	752	910
753	753	1100
754	754	952
755	755	901
756	756	1835
757	757	939
758	758	1228
759	759	876
760	760	1504
761	761	914
762	762	1044
763	763	905
764	764	1401
765	765	1074
766	766	851
767	767	819
768	768	926
769	769	924
770	770	954
771	771	1486
772	772	939
773	773	976
774	774	936
775	775	863
776	776	1413
777	777	1246
778	778	899
779	779	1335
780	780	1193
781	781	969
782	782	942
783	783	1363
784	784	952
785	785	941
786	786	1245
787	787	944
788	788	1414
789	789	888
790	790	919
791	791	1360
792	792	1545
793	793	896
794	794	975
795	795	946
796	796	1367
797	797	949
798	798	985
799	799	970
800	800	1150
801	801	1521
802	802	965
803	803	949
804	804	939
805	805	931
806	806	1002
807	807	975
808	808	1335
809	809	995
810	810	996
811	811	1010
812	812	1261
813	813	983
814	814	1001
815	815	1007
816	816	993
817	817	1588
818	818	1326
819	819	1014
820	820	1445
821	821	1032
822	822	1018
823	823	1403
824	824	1021
825	825	1024
826	826	1155
827	827	996
828	828	1412
829	829	1449
830	830	1063
831	831	1041
832	832	1021
833	833	1029
834	834	1031
835	835	1263
836	836	1037
837	837	1022
838	838	1057
839	839	1049
840	840	1413
841	841	1057
842	842	1378
843	843	1523
844	844	1060
845	845	1042
846	846	1031
847	847	1187
848	848	1071
849	849	1506
850	850	1209
851	851	1076
852	852	1047
853	853	1397
854	854	1431
855	855	1061
856	856	1606
857	857	1091
858	858	1081
859	859	1056
860	860	1486
861	861	1067
862	862	1095
863	863	1543
864	864	1116
865	865	2839
866	866	1361
867	867	1450
868	868	3063
869	869	1414
870	870	1324
871	871	3082
872	872	4984
873	873	1362
874	874	1293
875	875	1391
876	876	2797
877	877	4707
878	878	1302
879	879	1776
880	880	1450
881	881	1449
882	882	1541
883	883	1333
884	884	6325
885	885	1343
886	886	4145
887	887	1390
888	888	3325
889	889	1922
890	890	1613
891	891	1361
892	892	1395
893	893	1499
894	894	1391
895	895	1603
896	896	1478
897	897	3051
898	898	1649
899	899	1489
900	900	1495
901	901	1462
902	902	7116
903	903	1445
904	904	1520
905	905	1397
906	906	3013
907	907	1572
908	908	3594
909	909	2613
910	910	1487
911	911	4264
912	912	4581
913	913	1469
914	914	1560
915	915	2162
916	916	1389
917	917	1452
918	918	3852
919	919	3447
920	920	3715
921	921	1477
922	922	6674
923	923	2713
924	924	1485
925	925	1461
926	926	1414
927	927	1452
928	928	4353
929	929	2169
930	930	1630
931	931	1513
932	932	3227
933	933	1529
934	934	1786
935	935	1449
936	936	3508
937	937	1585
938	938	1611
939	939	1577
940	940	1612
941	941	2967
942	942	1540
943	943	4782
944	944	1558
945	945	1545
946	946	1622
947	947	1557
948	948	1452
949	949	4701
950	950	1520
951	951	4119
952	952	1583
953	953	1653
954	954	1562
955	955	1782
956	956	1621
957	957	1635
958	958	1566
959	959	1557
960	960	1624
961	961	6106
962	962	1568
963	963	4856
964	964	1545
965	965	1647
966	966	1688
967	967	3340
968	968	5152
969	969	1539
970	970	3807
971	971	3694
972	972	4452
973	973	6648
974	974	1549
975	975	1639
976	976	2963
977	977	1938
978	978	4862
979	979	2213
980	980	1817
981	981	1625
982	982	1715
983	983	3077
984	984	7583
985	985	1671
986	986	3769
987	987	3514
988	988	1965
989	989	1657
990	990	4467
991	991	1642
992	992	5293
993	993	1640
994	994	1777
995	995	3209
996	996	4494
997	997	1697
998	998	1730
999	999	1724
1000	1000	1682
