100	99	73
101	101	33
102	103	38
103	105	55
104	107	66
105	109	66
106	111	38
107	113	97
108	115	38
109	117	1019
110	119	41
111	122	39
112	124	37
113	126	144
114	128	231
115	131	38
116	133	44
117	135	59
118	138	63
119	140	199
120	142	99
121	145	60
122	147	229
123	150	46
124	152	48
125	155	58
126	157	60
127	160	52
128	162	72
129	165	54
130	167	39
131	170	69
132	172	48
133	175	75
134	178	50
135	180	66
136	183	39
137	186	68
138	189	66
139	191	64
140	194	61
141	197	54
142	200	61
143	203	69
144	205	86
145	208	72
146	211	156
147	214	306
148	217	98
149	220	123
150	223	253
151	226	57
152	229	160
153	232	94
154	235	82
155	238	135
156	241	115
157	244	170
158	248	446
159	251	54
160	254	70
161	257	80
162	260	275
163	264	65
164	267	192
165	270	65
166	273	64
167	277	314
168	280	69
169	283	503
170	287	279
171	290	111
172	294	158
173	297	196
174	301	488
175	304	201
176	308	65
177	311	132
178	315	243
179	318	238
180	322	252
181	325	88
182	329	102
183	333	128
184	336	193
185	340	420
186	344	229
187	347	502
188	351	644
189	355	338
190	359	165
191	362	302
192	366	161
193	370	387
194	374	91
195	378	212
196	382	90
197	386	107
198	390	136
199	394	100
200	398	279
201	402	140
202	406	93
203	410	103
204	414	523
205	418	92
206	422	110
207	426	129
208	430	106
209	434	106
210	438	339
211	443	136
212	447	108
213	451	116
214	455	104
215	460	107
216	464	323
217	468	112
218	473	382
219	477	118
220	481	115
221	486	131
222	490	178
223	495	120
224	499	124
225	504	141
226	508	118
227	513	169
228	517	128
229	522	128
230	526	130
231	531	137
232	535	138
233	540	170
234	545	153
235	549	158
236	554	486
237	559	132
238	564	200
239	568	135
240	573	142
241	578	585
242	583	142
243	588	151
244	592	143
245	597	195
246	602	462
247	607	175
248	612	167
249	617	177
250	622	238
251	627	169
252	632	149
253	637	216
254	642	181
255	647	170
256	652	159
257	657	176
258	663	149
259	668	148
260	673	301
261	678	226
262	683	185
263	689	223
264	694	212
265	699	196
266	704	237
267	710	202
268	715	472
269	720	171
270	726	203
271	731	196
272	737	235
273	742	186
274	748	194
275	753	226
276	759	191
277	764	314
278	770	270
279	775	505
280	781	679
281	786	858
282	792	493
283	798	740
284	803	345
285	809	301
286	815	248
287	820	205
288	826	282
289	832	229
290	838	274
291	843	230
292	849	417
293	855	352
294	861	286
295	867	267
296	873	345
297	879	219
298	885	254
299	891	261
300	897	274
301	903	382
302	909	677
303	915	244
304	921	296
305	927	436
306	933	227
307	939	301
308	945	256
309	951	271
310	957	269
311	964	344
312	970	314
313	976	228
314	982	295
315	989	251
316	995	270
317	1001	568
318	1008	266
319	1014	270
320	1020	284
321	1027	292
322	1033	696
323	1040	296
324	1046	301
325	1053	294
326	1059	278
327	1066	280
328	1072	272
329	1079	271
330	1085	341
331	1092	330
332	1098	485
333	1105	422
334	1112	846
335	1118	288
336	1125	934
337	1132	335
338	1139	273
339	1145	334
340	1152	289
341	1159	282
342	1166	271
343	1173	288
344	1179	276
345	1186	280
346	1193	339
347	1200	284
348	1207	292
349	1214	278
350	1221	292
351	1228	278
352	1235	357
353	1242	295
354	1249	283
355	1256	313
356	1263	276
357	1270	393
358	1278	316
359	1285	422
360	1292	293
361	1299	315
362	1306	285
363	1314	313
364	1321	299
365	1328	318
366	1335	308
367	1343	301
368	1350	307
369	1357	502
370	1365	321
371	1372	315
372	1380	298
373	1387	320
374	1395	309
375	1402	313
376	1410	315
377	1417	313
378	1425	306
379	1432	346
380	1440	340
381	1447	322
382	1455	329
383	1463	343
384	1470	318
385	1478	337
386	1486	377
387	1493	387
388	1501	374
389	1509	461
390	1517	349
391	1524	443
392	1532	373
393	1540	393
394	1548	411
395	1556	398
396	1564	394
397	1572	466
398	1580	431
399	1588	479
400	1596	414
401	1604	822
402	1612	382
403	1620	543
404	1628	383
405	1636	399
406	1644	398
407	1652	422
408	1660	403
409	1668	433
410	1676	398
411	1685	428
412	1693	406
413	1701	445
414	1709	421
415	1718	358
416	1726	417
417	1734	403
418	1743	408
419	1751	388
420	1759	450
421	1768	439
422	1776	445
423	1785	813
424	1793	565
425	1802	501
426	1810	434
427	1819	480
428	1827	422
429	1836	496
430	1844	442
431	1853	940
432	1861	434
433	1870	574
434	1879	827
435	1887	1348
436	1896	803
437	1905	2073
438	1914	1199
439	1922	493
440	1931	645
441	1940	694
442	1949	507
443	1958	702
444	1966	504
445	1975	1421
446	1984	732
447	1993	667
448	2002	702
449	2011	558
450	2020	720
451	2029	529
452	2038	545
453	2047	557
454	2056	717
455	2065	497
456	2074	511
457	2083	563
458	2093	625
459	2102	708
460	2111	655
461	2120	548
462	2129	975
463	2139	504
464	2148	738
465	2157	575
466	2166	593
467	2176	755
468	2185	568
469	2194	547
470	2204	556
471	2213	594
472	2223	804
473	2232	583
474	2242	582
475	2251	673
476	2261	639
477	2270	606
478	2280	694
479	2289	612
480	2299	576
481	2308	577
482	2318	658
483	2328	668
484	2337	777
485	2347	1153
486	2357	679
487	2366	587
488	2376	683
489	2386	706
490	2396	748
491	2405	826
492	2415	744
493	2425	668
494	2435	634
495	2445	657
496	2455	658
497	2465	582
498	2475	638
499	2485	818
500	2495	698
501	2505	790
502	2515	605
503	2525	619
504	2535	708
505	2545	645
506	2555	635
507	2565	636
508	2575	708
509	2585	738
510	2595	684
511	2606	635
512	2616	1095
513	2626	748
514	2636	671
515	2647	808
516	2657	682
517	2667	642
518	2678	662
519	2688	798
520	2698	655
521	2709	705
522	2719	1010
523	2730	657
524	2740	931
525	2751	756
526	2761	678
527	2772	684
528	2782	1034
529	2793	721
530	2803	674
531	2814	694
532	2824	809
533	2835	884
534	2846	872
535	2856	793
536	2867	833
537	2878	901
538	2889	754
539	2899	920
540	2910	829
541	2921	718
542	2932	798
543	2943	753
544	2953	787
545	2964	833
546	2975	702
547	2986	721
548	2997	769
549	3008	812
550	3019	982
551	3030	896
552	3041	759
553	3052	729
554	3063	828
555	3074	729
556	3085	762
557	3096	694
558	3108	737
559	3119	841
560	3130	933
561	3141	754
562	3152	903
563	3164	807
564	3175	827
565	3186	795
566	3197	836
567	3209	817
568	3220	760
569	3231	817
570	3243	793
571	3254	977
572	3266	769
573	3277	1003
574	3289	817
575	3300	823
576	3312	867
577	3323	883
578	3335	1041
579	3346	893
580	3358	833
581	3369	831
582	3381	1405
583	3393	819
584	3404	799
585	3416	921
586	3428	1262
587	3439	766
588	3451	1264
589	3463	1229
590	3475	835
591	3486	943
592	3498	1238
593	3510	848
594	3522	765
595	3534	1063
596	3546	858
597	3558	937
598	3570	831
599	3582	1241
600	3594	1139
601	3606	806
602	3618	1021
603	3630	1384
604	3642	826
605	3654	874
606	3666	896
607	3678	792
608	3690	958
609	3702	936
610	3714	1322
611	3727	1062
612	3739	1041
613	3751	838
614	3763	994
615	3776	976
616	3788	1041
617	3800	1032
618	3813	961
619	3825	910
620	3837	1002
621	3850	1132
622	3862	965
623	3875	991
624	3887	970
625	3900	965
626	3912	1055
627	3925	1063
628	3937	929
629	3950	1093
630	3962	995
631	3975	930
632	3987	1204
633	4000	935
634	4013	947
635	4025	1273
636	4038	1034
637	4051	1189
638	4064	1696
639	4076	996
640	4089	975
641	4102	1045
642	4115	1302
643	4128	1010
644	4140	1018
645	4153	1166
646	4166	1014
647	4179	1072
648	4192	1551
649	4205	1024
650	4218	1051
651	4231	1041
652	4244	963
653	4257	937
654	4270	936
655	4283	1119
656	4296	1039
657	4309	1052
658	4323	1068
659	4336	1058
660	4349	1045
661	4362	1157
662	4375	1058
663	4389	1193
664	4402	1150
665	4415	1084
666	4428	1177
667	4442	1046
668	4455	1076
669	4468	1118
670	4482	1089
671	4495	1065
672	4509	1199
673	4522	1092
674	4536	1072
675	4549	1091
676	4563	1061
677	4576	1065
678	4590	1678
679	4603	1686
680	4617	1073
681	4630	1111
682	4644	1092
683	4658	1573
684	4671	1260
685	4685	1413
686	4699	1538
687	4712	1305
688	4726	1154
689	4740	1154
690	4754	1442
691	4767	1107
692	4781	1875
693	4795	1218
694	4809	1242
695	4823	1139
696	4837	1135
697	4851	1220
698	4865	1226
699	4879	1285
700	4893	1143
701	4907	1125
702	4921	1153
703	4935	1136
704	4949	1118
705	4963	1173
706	4977	1200
707	4991	1248
708	5005	1157
709	5019	1726
710	5033	1244
711	5048	1442
712	5062	1205
713	5076	1367
714	5090	1829
715	5105	1171
716	5119	1200
717	5133	1331
718	5148	1168
719	5162	1206
720	5176	1298
721	5191	6014
722	5205	1639
723	5220	1378
724	5234	1661
725	5249	1402
726	5263	1556
727	5278	1341
728	5292	1278
729	5307	1299
730	5321	1264
731	5336	1889
732	5350	1422
733	5365	1274
734	5380	1274
735	5394	1268
736	5409	1292
737	5424	1262
738	5439	1252
739	5453	1277
740	5468	1790
741	5483	1807
742	5498	1997
743	5513	1248
744	5527	1332
745	5542	1475
746	5557	1295
747	5572	1333
748	5587	1302
749	5602	1422
750	5617	1452
751	5632	1461
752	5647	1915
753	5662	1369
754	5677	1628
755	5692	1301
756	5707	1670
757	5722	1841
758	5738	1344
759	5753	1989
760	5768	1312
761	5783	2065
762	5798	1356
763	5814	1388
764	5829	1339
765	5844	1989
766	5859	1378
767	5875	1358
768	5890	1306
769	5905	1334
770	5921	1436
771	5936	1957
772	5952	1920
773	5967	1361
774	5983	1406
775	5998	1407
776	6014	1653
777	6029	1374
778	6045	1345
779	6060	1347
780	6076	1427
781	6091	1384
782	6107	1333
783	6123	1390
784	6138	2004
785	6154	1367
786	6170	1690
787	6185	1425
788	6201	1810
789	6217	2048
790	6233	1396
791	6248	1413
792	6264	2014
793	6280	1425
794	6296	1432
795	6312	1410
796	6328	1412
797	6344	1374
798	6360	2173
799	6376	1439
800	6392	1469
801	6408	1404
802	6424	2082
803	6440	1935
804	6456	1428
805	6472	2096
806	6488	1429
807	6504	1570
808	6520	1499
809	6536	2031
810	6552	1562
811	6569	1837
812	6585	1448
813	6601	1578
814	6617	1462
815	6634	1488
816	6650	1442
817	6666	2151
818	6683	1524
819	6699	1555
820	6715	1464
821	6732	1510
822	6748	1429
823	6765	1616
824	6781	1605
825	6798	1453
826	6814	1487
827	6831	1489
828	6847	1485
829	6864	1458
830	6880	1511
831	6897	2043
832	6913	1528
833	6930	1500
834	6947	1573
835	6963	1631
836	6980	1549
837	6997	1662
838	7014	1633
839	7030	1572
840	7047	2048
841	7064	1568
842	7081	1534
843	7098	1506
844	7114	1631
845	7131	1517
846	7148	1624
847	7165	1724
848	7182	1583
849	7199	2308
850	7216	1615
851	7233	1712
852	7250	1733
853	7267	1620
854	7284	1725
855	7301	1615
856	7318	1614
857	7335	1596
858	7353	1560
859	7370	1559
860	7387	1653
861	7404	1573
862	7421	2214
863	7439	1578
864	7456	1685
865	7473	2202
866	7490	2237
867	7508	2030
868	7525	2628
869	7542	2197
870	7560	2410
871	7577	2646
872	7595	2884
873	7612	2709
874	7630	2450
875	7647	2304
876	7665	2476
877	7682	4003
878	7700	2173
879	7717	3674
880	7735	2040
881	7752	2155
882	7770	2143
883	7788	4949
884	7805	2735
885	7823	2598
886	7841	3874
887	7858	2203
888	7876	5440
889	7894	4024
890	7912	2658
891	7929	2072
892	7947	2262
893	7965	3177
894	7983	2488
895	8001	2544
896	8019	2976
897	8037	2299
898	8055	2488
899	8073	2231
900	8091	2501
901	8109	2532
902	8127	2297
903	8145	2214
904	8163	2340
905	8181	2692
906	8199	2433
907	8217	2223
908	8235	2185
909	8253	2907
910	8271	2809
911	8290	2572
912	8308	2286
913	8326	2255
914	8344	2156
915	8363	2241
916	8381	2764
917	8399	2493
918	8418	2759
919	8436	2237
920	8454	2281
921	8473	5559
922	8491	2447
923	8510	4905
924	8528	4049
925	8547	2432
926	8565	2202
927	8584	2574
928	8602	2324
929	8621	2380
930	8639	2412
931	8658	2711
932	8676	2294
933	8695	2358
934	8714	2362
935	8732	2989
936	8751	2466
937	8770	4509
938	8789	2284
939	8807	2253
940	8826	2425
941	8845	2295
942	8864	2577
943	8883	3301
944	8901	2281
945	8920	2377
946	8939	2526
947	8958	2720
948	8977	2521
949	8996	3127
950	9015	2768
951	9034	2814
952	9053	2485
953	9072	4078
954	9091	2565
955	9110	2401
956	9129	2369
957	9148	2625
958	9168	2454
959	9187	3177
960	9206	2721
961	9225	2777
962	9244	3319
963	9264	2708
964	9283	2387
965	9302	2384
966	9321	2659
967	9341	2544
968	9360	2563
969	9379	2480
970	9399	2467
971	9418	4524
972	9438	2540
973	9457	3711
974	9477	2595
975	9496	2583
976	9516	2661
977	9535	3318
978	9555	2409
979	9574	2705
980	9594	2930
981	9613	2391
982	9633	2555
983	9653	2724
984	9672	4174
985	9692	2693
986	9712	2506
987	9731	2700
988	9751	5880
989	9771	2525
990	9791	3547
991	9810	2841
992	9830	4754
993	9850	2693
994	9870	2450
995	9890	2807
996	9910	2888
997	9930	2539
998	9950	2879
999	9970	2535
1000	9990	2932
