100	2475	75
101	2525	180
102	2575	62
103	2626	507
104	2678	550
105	2730	73
106	2782	135
107	2835	187
108	2889	79
109	2943	72
110	2997	393
111	3052	70
112	3108	73
113	3164	75
114	3220	97
115	3277	125
116	3335	392
117	3393	176
118	3451	93
119	3510	89
120	3570	102
121	3630	68
122	3690	82
123	3751	88
124	3813	385
125	3875	87
126	3937	95
127	4000	134
128	4064	76
129	4128	394
130	4192	489
131	4257	460
132	4323	553
133	4389	648
134	4455	115
135	4522	362
136	4590	366
137	4658	226
138	4726	164
139	4795	211
140	4865	290
141	4935	118
142	5005	280
143	5076	144
144	5148	488
145	5220	727
146	5292	134
147	5365	371
148	5439	690
149	5513	137
150	5587	474
151	5662	144
152	5738	830
153	5814	221
154	5890	175
155	5967	791
156	6045	297
157	6123	317
158	6201	203
159	6280	171
160	6360	881
161	6440	129
162	6520	629
163	6601	826
164	6683	162
165	6765	173
166	6847	973
167	6930	182
168	7014	162
169	7098	527
170	7182	1217
171	7267	594
172	7353	534
173	7439	187
174	7525	804
175	7612	750
176	7700	200
177	7788	189
178	7876	824
179	7965	204
180	8055	155
181	8145	182
182	8235	184
183	8326	208
184	8418	210
185	8510	883
186	8602	211
187	8695	211
188	8789	207
189	8883	747
190	8977	221
191	9072	186
192	9168	260
193	9264	550
194	9360	510
195	9457	370
196	9555	878
197	9653	193
198	9751	1272
199	9850	245
200	9950	974
201	10050	250
202	10150	1622
203	10251	3368
204	10353	496
205	10455	252
206	10557	198
207	10660	1639
208	10764	206
209	10868	1146
210	10972	1149
211	11077	319
212	11183	406
213	11289	536
214	11395	2523
215	11502	278
216	11610	246
217	11718	1565
218	11826	1141
219	11935	227
220	12045	267
221	12155	255
222	12265	1426
223	12376	230
224	12488	240
225	12600	1634
226	12712	862
227	12825	2319
228	12939	601
229	13053	1796
230	13167	1050
231	13282	400
232	13398	1515
233	13514	1608
234	13630	1832
235	13747	329
236	13865	270
237	13983	1344
238	14101	987
239	14220	1307
240	14340	362
241	14460	561
242	14580	883
243	14701	614
244	14823	1821
245	14945	1938
246	15067	368
247	15190	1892
248	15314	355
249	15438	1383
250	15562	349
251	15687	1835
252	15813	389
253	15939	587
254	16065	1171
255	16192	459
256	16320	392
257	16448	332
258	16576	870
259	16705	465
260	16835	342
261	16965	440
262	17095	359
263	17226	386
264	17358	301
265	17490	1124
266	17622	670
267	17755	654
268	17889	892
269	18023	411
270	18157	1252
271	18292	639
272	18428	375
273	18564	462
274	18700	2588
275	18837	3324
276	18975	1085
277	19113	930
278	19251	1178
279	19390	739
280	19530	1632
281	19670	537
282	19810	871
283	19951	500
284	20093	1607
285	20235	1816
286	20377	3215
287	20520	3056
288	20664	3281
289	20808	2896
290	20952	1541
291	21097	2543
292	21243	1212
293	21389	3007
294	21535	678
295	21682	924
296	21830	2881
297	21978	2203
298	22126	406
299	22275	1282
300	22425	864
301	22575	590
302	22725	521
303	22876	615
304	23028	482
305	23180	592
306	23332	472
307	23485	472
308	23639	3663
309	23793	1905
310	23947	1244
311	24102	3458
312	24258	500
313	24414	2932
314	24570	545
315	24727	475
316	24885	521
317	25043	485
318	25201	1235
319	25360	540
320	25520	1300
321	25680	484
322	25840	522
323	26001	508
324	26163	1651
325	26325	1746
326	26487	664
327	26650	678
328	26814	1102
329	26978	549
330	27142	505
331	27307	3523
332	27473	3895
333	27639	2424
334	27805	934
335	27972	1970
336	28140	717
337	28308	1010
338	28476	2943
339	28645	2876
340	28815	1444
341	28985	557
342	29155	1102
343	29326	1410
344	29498	574
345	29670	2875
346	29842	1254
347	30015	2385
348	30189	713
349	30363	1243
350	30537	3421
351	30712	2099
352	30888	687
353	31064	1424
354	31240	5048
355	31417	2373
356	31595	2257
357	31773	589
358	31951	868
359	32130	725
360	32310	2775
361	32490	603
362	32670	1808
363	32851	2899
364	33033	4677
365	33215	2261
366	33397	856
367	33580	762
368	33764	979
369	33948	629
370	34132	802
371	34317	644
372	34503	1887
373	34689	1806
374	34875	601
375	35062	781
376	35250	714
377	35438	2316
378	35626	743
379	35815	5598
380	36005	3730
381	36195	2595
382	36385	2107
383	36576	921
384	36768	1146
385	36960	1577
386	37152	782
387	37345	666
388	37539	684
389	37733	971
390	37927	1280
391	38122	916
392	38318	869
393	38514	675
394	38710	3028
395	38907	3963
396	39105	3138
397	39303	664
398	39501	1279
399	39700	919
400	39900	823
401	40100	969
402	40300	963
403	40501	917
404	40703	3059
405	40905	1802
406	41107	6119
407	41310	4379
408	41514	1267
409	41718	806
410	41922	2651
411	42127	963
412	42333	2185
413	42539	888
414	42745	1195
415	42952	1208
416	43160	811
417	43368	759
418	43576	1004
419	43785	783
420	43995	875
421	44205	1008
422	44415	6146
423	44626	977
424	44838	3624
425	45050	892
426	45262	769
427	45475	1766
428	45689	1436
429	45903	2027
430	46117	801
431	46332	808
432	46548	823
433	46764	3015
434	46980	1812
435	47197	923
436	47415	3735
437	47633	876
438	47851	6686
439	48070	2870
440	48290	3639
441	48510	1260
442	48730	965
443	48951	1335
444	49173	1059
445	49395	974
446	49617	1249
447	49840	1166
448	50064	1483
449	50288	1616
450	50512	2469
451	50737	1226
452	50963	1434
453	51189	996
454	51415	2025
455	51642	2208
456	51870	1244
457	52098	1035
458	52326	1033
459	52555	1339
460	52785	8726
461	53015	4135
462	53245	1234
463	53476	5061
464	53708	1199
465	53940	1230
466	54172	1072
467	54405	2551
468	54639	1474
469	54873	4184
470	55107	2042
471	55342	6475
472	55578	7826
473	55814	1394
474	56050	1123
475	56287	2299
476	56525	1340
477	56763	1364
478	57001	1264
479	57240	3817
480	57480	2692
481	57720	4082
482	57960	1503
483	58201	2221
484	58443	3242
485	58685	2208
486	58927	1405
487	59170	5855
488	59414	5346
489	59658	1616
490	59902	6739
491	60147	2216
492	60393	5496
493	60639	1081
494	60885	1260
495	61132	1164
496	61380	1968
497	61628	1229
498	61876	1149
499	62125	1104
500	62375	1200
501	62625	4475
502	62875	7019
503	63126	4944
504	63378	9437
505	63630	5461
506	63882	4595
507	64135	5209
508	64389	8911
509	64643	4163
510	64897	1835
511	65152	4262
512	65408	2788
513	65664	3402
514	65920	5568
515	66177	2681
516	66435	10148
517	66693	1525
518	66951	1770
519	67210	6315
520	67470	4960
521	67730	4697
522	67990	1899
523	68251	6090
524	68513	1635
525	68775	1970
526	69037	4786
527	69300	1381
528	69564	2451
529	69828	2776
530	70092	2736
531	70357	1515
532	70623	9474
533	70889	4204
534	71155	1320
535	71422	7600
536	71690	1757
537	71958	1536
538	72226	1432
539	72495	5001
540	72765	3753
541	73035	4591
542	73305	4363
543	73576	1794
544	73848	4694
545	74120	3109
546	74392	1427
547	74665	3268
548	74939	4343
549	75213	6272
550	75487	1971
551	75762	1868
552	76038	1537
553	76314	1489
554	76590	5922
555	76867	2270
556	77145	1734
557	77423	3401
558	77701	3409
559	77980	2270
560	78260	1918
561	78540	1471
562	78820	2339
563	79101	1515
564	79383	1844
565	79665	1933
566	79947	1719
567	80230	7757
568	80514	2510
569	80798	10647
570	81082	6583
571	81367	10147
572	81653	1726
573	81939	1634
574	82225	5170
575	82512	10050
576	82800	1817
577	83088	2906
578	83376	9001
579	83665	3034
580	83955	6774
581	84245	3669
582	84535	3374
583	84826	13823
584	85118	5402
585	85410	2187
586	85702	1853
587	85995	2031
588	86289	2644
589	86583	4230
590	86877	4698
591	87172	3732
592	87468	8478
593	87764	5191
594	88060	2022
595	88357	1843
596	88655	2521
597	88953	2056
598	89251	1805
599	89550	2369
600	89850	12095
601	90150	3188
602	90450	7164
603	90751	2268
604	91053	1718
605	91355	2122
606	91657	1810
607	91960	1922
608	92264	5761
609	92568	8505
610	92872	11033
611	93177	1941
612	93483	1862
613	93789	3517
614	94095	2330
615	94402	7188
616	94710	2341
617	95018	6188
618	95326	7368
619	95635	8781
620	95945	1833
621	96255	6464
622	96565	4895
623	96876	3133
624	97188	2195
625	97500	3879
626	97812	1886
627	98125	2505
628	98439	1929
629	98753	6604
630	99067	2152
631	99382	3601
632	99698	2174
633	100014	2479
634	100330	2377
635	100647	15990
636	100965	4594
637	101283	2667
638	101601	13498
639	101920	3143
640	102240	12939
641	102560	2324
642	102880	3615
643	103201	2158
644	103523	2208
645	103845	2639
646	104167	6946
647	104490	9054
648	104814	2594
649	105138	10438
650	105462	2219
651	105787	4704
652	106113	9700
653	106439	2433
654	106765	2196
655	107092	2821
656	107420	2690
657	107748	2209
658	108076	4435
659	108405	2417
660	108735	5580
661	109065	8421
662	109395	2513
663	109726	3623
664	110058	2711
665	110390	2848
666	110722	5946
667	111055	9293
668	111389	6125
669	111723	14467
670	112057	10636
671	112392	6979
672	112728	3043
673	113064	9858
674	113400	2585
675	113737	17084
676	114075	3832
677	114413	6970
678	114751	2340
679	115090	11249
680	115430	2961
681	115770	2853
682	116110	2834
683	116451	2615
684	116793	17573
685	117135	2266
686	117477	11539
687	117820	2667
688	118164	8355
689	118508	2929
690	118852	9626
691	119197	3461
692	119543	3005
693	119889	10651
694	120235	2643
695	120582	9052
696	120930	9041
697	121278	2833
698	121626	3603
699	121975	9185
700	122325	3486
701	122675	3100
702	123025	2864
703	123376	8368
704	123728	13047
705	124080	3831
706	124432	3062
707	124785	2485
708	125139	5239
709	125493	2701
710	125847	3133
711	126202	7409
712	126558	6579
713	126914	10858
714	127270	3268
715	127627	13359
716	127985	9066
717	128343	3741
718	128701	4551
719	129060	3295
720	129420	3200
721	129780	6628
722	130140	3369
723	130501	6359
724	130863	14441
725	131225	8209
726	131587	2755
727	131950	18445
728	132314	2576
729	132678	9731
730	133042	5724
731	133407	2784
732	133773	9512
733	134139	3514
734	134505	3217
735	134872	8351
736	135240	2646
737	135608	11965
738	135976	2706
739	136345	3434
740	136715	4655
741	137085	3474
742	137455	16250
743	137826	17343
744	138198	3609
745	138570	3081
746	138942	3932
747	139315	6524
748	139689	7609
749	140063	3450
750	140437	5246
751	140812	13767
752	141188	5402
753	141564	4321
754	141940	4598
755	142317	14503
756	142695	3219
757	143073	3104
758	143451	3175
759	143830	31007
760	144210	12771
761	144590	8676
762	144970	5073
763	145351	6638
764	145733	2775
765	146115	4607
766	146497	9509
767	146880	4183
768	147264	4524
769	147648	3597
770	148032	17922
771	148417	3586
772	148803	5790
773	149189	7496
774	149575	3669
775	149962	13326
776	150350	5862
777	150738	8206
778	151126	15149
779	151515	6035
780	151905	16498
781	152295	5606
782	152685	8482
783	153076	12499
784	153468	10283
785	153860	5922
786	154252	12430
787	154645	3998
788	155039	2922
789	155433	17223
790	155827	13180
791	156222	3810
792	156618	2991
793	157014	12049
794	157410	4841
795	157807	6195
796	158205	3020
797	158603	10180
798	159001	8516
799	159400	5301
800	159800	14134
801	160200	4024
802	160600	3983
803	161001	3838
804	161403	6430
805	161805	3676
806	162207	4647
807	162610	3022
808	163014	18388
809	163418	13197
810	163822	6543
811	164227	17762
812	164633	5733
813	165039	20084
814	165445	3123
815	165852	3215
816	166260	6448
817	166668	18857
818	167076	3843
819	167485	19120
820	167895	3621
821	168305	7466
822	168715	9976
823	169126	3619
824	169538	7348
825	169950	16465
826	170362	7864
827	170775	18105
828	171189	3396
829	171603	7220
830	172017	4366
831	172432	3969
832	172848	4339
833	173264	3448
834	173680	12065
835	174097	19159
836	174515	4360
837	174933	14798
838	175351	7527
839	175770	3679
840	176190	22893
841	176610	4212
842	177030	3570
843	177451	10054
844	177873	13065
845	178295	4760
846	178717	13991
847	179140	22859
848	179564	7276
849	179988	3415
850	180412	3439
851	180837	8660
852	181263	14904
853	181689	8788
854	182115	4421
855	182542	4466
856	182970	3922
857	183398	4017
858	183826	4580
859	184255	3482
860	184685	14169
861	185115	3622
862	185545	18802
863	185976	3677
864	186408	15315
865	186840	11481
866	187272	8787
867	187705	4832
868	188139	5051
869	188573	6542
870	189007	16024
871	189442	4851
872	189878	5848
873	190314	9108
874	190750	9484
875	191187	5109
876	191625	4736
877	192063	15218
878	192501	23548
879	192940	8239
880	193380	3914
881	193820	7543
882	194260	3920
883	194701	10024
884	195143	4290
885	195585	12661
886	196027	16400
887	196470	23163
888	196914	4818
889	197358	3932
890	197802	16113
891	198247	25620
892	198693	14313
893	199139	7006
894	199585	16190
895	200032	7444
896	200480	5156
897	200928	7778
898	201376	12916
899	201825	4047
900	202275	4796
901	202725	22007
902	203175	6525
903	203626	5658
904	204078	14779
905	204530	4418
906	204982	17283
907	205435	6406
908	205889	13170
909	206343	4462
910	206797	22839
911	207252	23438
912	207708	4542
913	208164	4373
914	208620	20843
915	209077	18359
916	209535	15318
917	209993	27465
918	210451	5363
919	210910	5035
920	211370	6998
921	211830	25073
922	212290	6031
923	212751	11266
924	213213	4248
925	213675	4550
926	214137	21349
927	214600	18678
928	215064	24021
929	215528	8178
930	215992	5386
931	216457	4257
932	216923	4198
933	217389	5790
934	217855	21338
935	218322	13580
936	218790	13928
937	219258	22768
938	219726	4747
939	220195	6365
940	220665	5206
941	221135	4545
942	221605	21370
943	222076	5133
944	222548	23163
945	223020	31861
946	223492	6969
947	223965	15326
948	224439	41180
949	224913	6822
950	225387	14330
951	225862	5693
952	226338	25148
953	226814	9354
954	227290	4834
955	227767	20552
956	228245	5617
957	228723	9790
958	229201	5497
959	229680	14327
960	230160	6135
961	230640	9947
962	231120	5657
963	231601	5124
964	232083	4802
965	232565	18917
966	233047	17849
967	233530	18335
968	234014	6093
969	234498	10149
970	234982	4543
971	235467	25952
972	235953	26338
973	236439	5612
974	236925	7044
975	237412	30349
976	237900	12080
977	238388	12935
978	238876	13707
979	239365	5795
980	239855	6210
981	240345	5985
982	240835	6034
983	241326	6077
984	241818	4908
985	242310	24695
986	242802	4971
987	243295	17555
988	243789	5491
989	244283	8619
990	244777	16401
991	245272	12619
992	245768	6233
993	246264	7638
994	246760	4949
995	247257	16474
996	247755	6205
997	248253	6204
998	248751	14470
999	249250	23035
1000	249750	5813
