100	198	75
101	202	34
102	206	31
103	210	32
104	214	38
105	218	40
106	222	37
107	226	96
108	231	79
109	235	67
110	239	40
111	244	74
112	248	78
113	253	99
114	257	984
115	262	133
116	266	53
117	271	356
118	276	30
119	280	43
120	285	32
121	290	44
122	295	57
123	300	65
124	305	73
125	310	56
126	315	157
127	320	73
128	325	68
129	330	119
130	335	49
131	340	62
132	345	259
133	351	55
134	356	72
135	361	133
136	367	56
137	372	69
138	378	61
139	383	51
140	389	63
141	394	97
142	400	66
143	406	68
144	411	81
145	417	58
146	423	68
147	429	250
148	435	82
149	441	76
150	447	152
151	453	82
152	459	55
153	465	200
154	471	141
155	477	435
156	483	196
157	489	348
158	496	95
159	502	345
160	508	291
161	515	285
162	521	105
163	528	243
164	534	629
165	541	197
166	547	234
167	554	508
168	561	90
169	567	99
170	574	370
171	581	65
172	588	89
173	595	340
174	602	370
175	609	234
176	616	144
177	623	241
178	630	249
179	637	493
180	644	226
181	651	229
182	658	250
183	666	347
184	673	263
185	680	358
186	688	364
187	695	322
188	703	379
189	710	324
190	718	180
191	725	202
192	733	244
193	741	280
194	748	165
195	756	400
196	764	418
197	772	391
198	780	330
199	788	171
200	796	405
201	804	301
202	812	434
203	820	373
204	828	172
205	836	396
206	844	319
207	852	326
208	861	289
209	869	633
210	877	188
211	886	435
212	894	472
213	903	217
214	911	251
215	920	428
216	928	413
217	937	417
218	946	395
219	954	264
220	963	167
221	972	636
222	981	357
223	990	230
224	999	461
225	1008	227
226	1017	216
227	1026	368
228	1035	481
229	1044	450
230	1053	185
231	1062	406
232	1071	500
233	1081	432
234	1090	204
235	1099	237
236	1109	359
237	1118	543
238	1128	478
239	1137	577
240	1147	369
241	1156	138
242	1166	582
243	1176	257
244	1185	247
245	1195	468
246	1205	511
247	1215	216
248	1225	229
249	1235	798
250	1245	685
251	1255	272
252	1265	460
253	1275	844
254	1285	616
255	1295	504
256	1305	542
257	1315	515
258	1326	602
259	1336	581
260	1346	1070
261	1357	595
262	1367	441
263	1378	526
264	1388	571
265	1399	499
266	1409	519
267	1420	408
268	1431	478
269	1441	410
270	1452	892
271	1463	262
272	1474	925
273	1485	558
274	1496	510
275	1507	708
276	1518	623
277	1529	274
278	1540	523
279	1551	320
280	1562	500
281	1573	567
282	1584	492
283	1596	770
284	1607	619
285	1618	667
286	1630	336
287	1641	581
288	1653	348
289	1664	686
290	1676	231
291	1687	536
292	1699	732
293	1711	375
294	1722	365
295	1734	488
296	1746	396
297	1758	566
298	1770	1264
299	1782	631
300	1794	426
301	1806	319
302	1818	1953
303	1830	600
304	1842	445
305	1854	756
306	1866	722
307	1878	506
308	1891	831
309	1903	1374
310	1915	1135
311	1928	399
312	1940	808
313	1953	399
314	1965	431
315	1978	738
316	1990	750
317	2003	810
318	2016	568
319	2028	626
320	2041	557
321	2054	240
322	2067	343
323	2080	1293
324	2093	446
325	2106	1311
326	2119	376
327	2132	698
328	2145	1073
329	2158	386
330	2171	785
331	2184	400
332	2197	880
333	2211	467
334	2224	440
335	2237	606
336	2251	621
337	2264	453
338	2278	1062
339	2291	960
340	2305	1330
341	2318	838
342	2332	928
343	2346	971
344	2359	961
345	2373	661
346	2387	649
347	2401	657
348	2415	621
349	2429	480
350	2443	764
351	2457	1062
352	2471	746
353	2485	829
354	2499	695
355	2513	859
356	2527	583
357	2541	727
358	2556	656
359	2570	586
360	2584	790
361	2599	1120
362	2613	660
363	2628	1387
364	2642	1661
365	2657	689
366	2671	868
367	2686	1028
368	2701	550
369	2715	602
370	2730	495
371	2745	632
372	2760	1216
373	2775	1038
374	2790	872
375	2805	520
376	2820	663
377	2835	864
378	2850	1324
379	2865	770
380	2880	708
381	2895	856
382	2910	872
383	2926	786
384	2941	1107
385	2956	596
386	2972	851
387	2987	798
388	3003	777
389	3018	848
390	3034	969
391	3049	1330
392	3065	785
393	3081	787
394	3096	845
395	3112	738
396	3128	1676
397	3144	808
398	3160	858
399	3176	872
400	3192	528
401	3208	410
402	3224	1641
403	3240	788
404	3256	814
405	3272	953
406	3288	848
407	3304	1049
408	3321	1046
409	3337	1639
410	3353	449
411	3370	1172
412	3386	1066
413	3403	867
414	3419	895
415	3436	945
416	3452	717
417	3469	571
418	3486	1043
419	3502	924
420	3519	482
421	3536	1808
422	3553	1047
423	3570	1653
424	3587	1311
425	3604	969
426	3621	1035
427	3638	1367
428	3655	913
429	3672	1123
430	3689	747
431	3706	930
432	3723	2289
433	3741	887
434	3758	2114
435	3775	983
436	3793	959
437	3810	1069
438	3828	1414
439	3845	1219
440	3863	1152
441	3880	1032
442	3898	1047
443	3916	978
444	3933	943
445	3951	1054
446	3969	1160
447	3987	1141
448	4005	1518
449	4023	1118
450	4041	1011
451	4059	1613
452	4077	936
453	4095	1162
454	4113	1704
455	4131	2035
456	4149	1096
457	4167	2108
458	4186	1123
459	4204	2098
460	4222	1842
461	4241	1002
462	4259	1378
463	4278	876
464	4296	1150
465	4315	1045
466	4333	1165
467	4352	1597
468	4371	1347
469	4389	1957
470	4408	1918
471	4427	1198
472	4446	1179
473	4465	1095
474	4484	2152
475	4503	1213
476	4522	1200
477	4541	1709
478	4560	2170
479	4579	1415
480	4598	1496
481	4617	1205
482	4636	1835
483	4656	1581
484	4675	1694
485	4694	1017
486	4714	2465
487	4733	1140
488	4753	1568
489	4772	2208
490	4792	1440
491	4811	1854
492	4831	2188
493	4851	2008
494	4870	1100
495	4890	2625
496	4910	2122
497	4930	1245
498	4950	1666
499	4970	1436
500	4990	1290
501	5010	1343
502	5030	1928
503	5050	1226
504	5070	1159
505	5090	2331
506	5110	1994
507	5130	1087
508	5151	1203
509	5171	1375
510	5191	1386
511	5212	1100
512	5232	1809
513	5253	1919
514	5273	1641
515	5294	1557
516	5314	1357
517	5335	2329
518	5356	1550
519	5376	1278
520	5397	1366
521	5418	2471
522	5439	1942
523	5460	1772
524	5481	1278
525	5502	2480
526	5523	1559
527	5544	1298
528	5565	1436
529	5586	4031
530	5607	1235
531	5628	1632
532	5649	1499
533	5671	1376
534	5692	1290
535	5713	2254
536	5735	1121
537	5756	1314
538	5778	1391
539	5799	1394
540	5821	2473
541	5842	1204
542	5864	1324
543	5886	1029
544	5907	1131
545	5929	1400
546	5951	1337
547	5973	2556
548	5995	1403
549	6017	1607
550	6039	2161
551	6061	2124
552	6083	1522
553	6105	2136
554	6127	1421
555	6149	1727
556	6171	2383
557	6193	2494
558	6216	1291
559	6238	1557
560	6260	1460
561	6283	1845
562	6305	1930
563	6328	1538
564	6350	1954
565	6373	2138
566	6395	2099
567	6418	1483
568	6441	1678
569	6463	1340
570	6486	2225
571	6509	1388
572	6532	2714
573	6555	1842
574	6578	1365
575	6601	2243
576	6624	1794
577	6647	1290
578	6670	2649
579	6693	1788
580	6716	2382
581	6739	1438
582	6762	2065
583	6786	2315
584	6809	1360
585	6832	1778
586	6856	2867
587	6879	1594
588	6903	1640
589	6926	1605
590	6950	2609
591	6973	1703
592	6997	1470
593	7021	1927
594	7044	1713
595	7068	1948
596	7092	1450
597	7116	1987
598	7140	2663
599	7164	1826
600	7188	2773
601	7212	2761
602	7236	1703
603	7260	2312
604	7284	2262
605	7308	1951
606	7332	1584
607	7356	1513
608	7381	2633
609	7405	2475
610	7429	2446
611	7454	1946
612	7478	1857
613	7503	2193
614	7527	2822
615	7552	1592
616	7576	2043
617	7601	1552
618	7626	2856
619	7650	1739
620	7675	3299
621	7700	2705
622	7725	1909
623	7750	1777
624	7775	1762
625	7800	1558
626	7825	2070
627	7850	2235
628	7875	1834
629	7900	1790
630	7925	2059
631	7950	1473
632	7975	1543
633	8001	1799
634	8026	1841
635	8051	1922
636	8077	2035
637	8102	1802
638	8128	2979
639	8153	1672
640	8179	2014
641	8204	2101
642	8230	1412
643	8256	1912
644	8281	1787
645	8307	2274
646	8333	2895
647	8359	1947
648	8385	2020
649	8411	3312
650	8437	1926
651	8463	1961
652	8489	3175
653	8515	1875
654	8541	1764
655	8567	2407
656	8593	1895
657	8619	2203
658	8646	1592
659	8672	2300
660	8698	1760
661	8725	2228
662	8751	1941
663	8778	1960
664	8804	2123
665	8831	1387
666	8857	1877
667	8884	2603
668	8911	1649
669	8937	2279
670	8964	1464
671	8991	2069
672	9018	1922
673	9045	1249
674	9072	2006
675	9099	2285
676	9126	3633
677	9153	2010
678	9180	2021
679	9207	2315
680	9234	3241
681	9261	2347
682	9288	2092
683	9316	1403
684	9343	3186
685	9370	3530
686	9398	2246
687	9425	3725
688	9453	2307
689	9480	2534
690	9508	2275
691	9535	3652
692	9563	2258
693	9591	1849
694	9618	1489
695	9646	3423
696	9674	1311
697	9702	1417
698	9730	4088
699	9758	1729
700	9786	2561
701	9814	3428
702	9842	3691
703	9870	2730
704	9898	1391
705	9926	2066
706	9954	2176
707	9982	2329
708	10011	2274
709	10039	3379
710	10067	2751
711	10096	3799
712	10124	2470
713	10153	2306
714	10181	2083
715	10210	2419
716	10238	2766
717	10267	1889
718	10296	2339
719	10324	1662
720	10353	2339
721	10382	2553
722	10411	2840
723	10440	1727
724	10469	4417
725	10498	3361
726	10527	3092
727	10556	2674
728	10585	1517
729	10614	1898
730	10643	2789
731	10672	1633
732	10701	4088
733	10731	2258
734	10760	3870
735	10789	2493
736	10819	3558
737	10848	2842
738	10878	2092
739	10907	4913
740	10937	3224
741	10966	2366
742	10996	2243
743	11026	2202
744	11055	2081
745	11085	4093
746	11115	3355
747	11145	3279
748	11175	4095
749	11205	3551
750	11235	2303
751	11265	2473
752	11295	2503
753	11325	3064
754	11355	3135
755	11385	2021
756	11415	2778
757	11445	2277
758	11476	1665
759	11506	2188
760	11536	3921
761	11567	2776
762	11597	2908
763	11628	2838
764	11658	3377
765	11689	2592
766	11719	2157
767	11750	4118
768	11781	2797
769	11811	3707
770	11842	2481
771	11873	4485
772	11904	2349
773	11935	2450
774	11966	3641
775	11997	2279
776	12028	3839
777	12059	2565
778	12090	2233
779	12121	2615
780	12152	3596
781	12183	3940
782	12214	4518
783	12246	1796
784	12277	1976
785	12308	4215
786	12340	2538
787	12371	4208
788	12403	3409
789	12434	3796
790	12466	3403
791	12497	3599
792	12529	4141
793	12561	3123
794	12592	2543
795	12624	3294
796	12656	3474
797	12688	2613
798	12720	4006
799	12752	1875
800	12784	3130
801	12816	4408
802	12848	4212
803	12880	2810
804	12912	3265
805	12944	2951
806	12976	5179
807	13008	5592
808	13041	2540
809	13073	3223
810	13105	2424
811	13138	3298
812	13170	2406
813	13203	4838
814	13235	2346
815	13268	2663
816	13300	2845
817	13333	2342
818	13366	2874
819	13398	5967
820	13431	3147
821	13464	2954
822	13497	2437
823	13530	2194
824	13563	3100
825	13596	1982
826	13629	2838
827	13662	5053
828	13695	1880
829	13728	2746
830	13761	3118
831	13794	2122
832	13827	4161
833	13861	3466
834	13894	2124
835	13927	4049
836	13961	3182
837	13994	3823
838	14028	3662
839	14061	5463
840	14095	4822
841	14128	3086
842	14162	2341
843	14196	2836
844	14229	5730
845	14263	5037
846	14297	3933
847	14331	3326
848	14365	3539
849	14399	3530
850	14433	4402
851	14467	2366
852	14501	2976
853	14535	2314
854	14569	3617
855	14603	3720
856	14637	2136
857	14671	3156
858	14706	5097
859	14740	2799
860	14774	5047
861	14809	3051
862	14843	3160
863	14878	3664
864	14912	3284
865	14947	3332
866	14981	2754
867	15016	5092
868	15051	6095
869	15085	2847
870	15120	6661
871	15155	4129
872	15190	5216
873	15225	5495
874	15260	3577
875	15295	6488
876	15330	3977
877	15365	2737
878	15400	2576
879	15435	3832
880	15470	5635
881	15505	4611
882	15540	5755
883	15576	3160
884	15611	6210
885	15646	3226
886	15682	2595
887	15717	3102
888	15753	3263
889	15788	3558
890	15824	3616
891	15859	3836
892	15895	6116
893	15931	3919
894	15966	4092
895	16002	5355
896	16038	3658
897	16074	6511
898	16110	5926
899	16146	3415
900	16182	6119
901	16218	3693
902	16254	3419
903	16290	6367
904	16326	3332
905	16362	2827
906	16398	5175
907	16434	5819
908	16471	3821
909	16507	4687
910	16543	3385
911	16580	4931
912	16616	3793
913	16653	5991
914	16689	3980
915	16726	3346
916	16762	4993
917	16799	7387
918	16836	5727
919	16872	4453
920	16909	4951
921	16946	4773
922	16983	3492
923	17020	5063
924	17057	3943
925	17094	4824
926	17131	3966
927	17168	4649
928	17205	5007
929	17242	3360
930	17279	6833
931	17316	6776
932	17353	2953
933	17391	4124
934	17428	5190
935	17465	4618
936	17503	3877
937	17540	7150
938	17578	6678
939	17615	3969
940	17653	4157
941	17690	3933
942	17728	4294
943	17766	3594
944	17803	4681
945	17841	6343
946	17879	6037
947	17917	4460
948	17955	4123
949	17993	7711
950	18031	5784
951	18069	5552
952	18107	8140
953	18145	4649
954	18183	7247
955	18221	4382
956	18259	4435
957	18297	6969
958	18336	4090
959	18374	5242
960	18412	3568
961	18451	4625
962	18489	4787
963	18528	3954
964	18566	7267
965	18605	3141
966	18643	3174
967	18682	7258
968	18721	3990
969	18759	6705
970	18798	5173
971	18837	4498
972	18876	4759
973	18915	5019
974	18954	3004
975	18993	6052
976	19032	7007
977	19071	3501
978	19110	4392
979	19149	7125
980	19188	8231
981	19227	5840
982	19266	5225
983	19306	4388
984	19345	4381
985	19384	4708
986	19424	4846
987	19463	4209
988	19503	7990
989	19542	4624
990	19582	6749
991	19621	4616
992	19661	6834
993	19701	7572
994	19740	2979
995	19780	4449
996	19820	3380
997	19860	4869
998	19900	8132
999	19940	3777
1000	19980	7444
