100	198	33
101	202	37
102	206	35
103	210	40
104	214	32
105	218	39
106	222	39
107	226	1485
108	231	37
109	235	43
110	239	46
111	244	41
112	248	39
113	253	41
114	257	111
115	262	182
116	266	44
117	271	160
118	276	307
119	280	345
120	285	108
121	290	313
122	295	367
123	300	50
124	305	355
125	310	46
126	315	51
127	320	67
128	325	35
129	330	42
130	335	77
131	340	53
132	345	65
133	351	76
134	356	68
135	361	64
136	367	73
137	372	74
138	378	67
139	383	64
140	389	44
141	394	72
142	400	69
143	406	76
144	411	65
145	417	86
146	423	66
147	429	183
148	435	45
149	441	69
150	447	734
151	453	281
152	459	120
153	465	295
154	471	89
155	477	99
156	483	102
157	489	94
158	496	3421
159	502	3775
160	508	114
161	515	104
162	521	346
163	528	93
164	534	153
165	541	498
166	547	131
167	554	230
168	561	263
169	567	230
170	574	310
171	581	299
172	588	101
173	595	198
174	602	160
175	609	216
176	616	186
177	623	96
178	630	265
179	637	102
180	644	155
181	651	183
182	658	478
183	666	288
184	673	353
185	680	431
186	688	431
187	695	525
188	703	381
189	710	210
190	718	369
191	725	368
192	733	407
193	741	138
194	748	432
195	756	476
196	764	623
197	772	432
198	780	352
199	788	352
200	796	485
201	804	448
202	812	1005
203	820	626
204	828	492
205	836	273
206	844	489
207	852	597
208	861	889
209	869	279
210	877	250
211	886	736
212	894	215
213	903	787
214	911	197
215	920	175
216	928	1336
217	937	572
218	946	370
219	954	524
220	963	291
221	972	274
222	981	884
223	990	352
224	999	165
225	1008	497
226	1017	325
227	1026	248
228	1035	560
229	1044	500
230	1053	432
231	1062	580
232	1071	482
233	1081	906
234	1090	295
235	1099	402
236	1109	419
237	1118	392
238	1128	328
239	1137	614
240	1147	432
241	1156	467
242	1166	525
243	1176	341
244	1185	519
245	1195	239
246	1205	727
247	1215	410
248	1225	635
249	1235	553
250	1245	765
251	1255	497
252	1265	576
253	1275	646
254	1285	462
255	1295	498
256	1305	273
257	1315	1015
258	1326	511
259	1336	630
260	1346	258
261	1357	568
262	1367	565
263	1378	417
264	1388	861
265	1399	378
266	1409	346
267	1420	390
268	1431	372
269	1441	710
270	1452	508
271	1463	355
272	1474	523
273	1485	491
274	1496	425
275	1507	498
276	1518	622
277	1529	573
278	1540	670
279	1551	550
280	1562	460
281	1573	520
282	1584	514
283	1596	227
284	1607	524
285	1618	543
286	1630	578
287	1641	516
288	1653	662
289	1664	605
290	1676	595
291	1687	375
292	1699	438
293	1711	573
294	1722	292
295	1734	656
296	1746	679
297	1758	619
298	1770	1369
299	1782	509
300	1794	638
301	1806	1012
302	1818	691
303	1830	716
304	1842	1113
305	1854	283
306	1866	748
307	1878	716
308	1891	597
309	1903	1221
310	1915	606
311	1928	660
312	1940	483
313	1953	788
314	1965	739
315	1978	934
316	1990	574
317	2003	720
318	2016	593
319	2028	425
320	2041	672
321	2054	704
322	2067	540
323	2080	677
324	2093	751
325	2106	733
326	2119	814
327	2132	689
328	2145	555
329	2158	713
330	2171	684
331	2184	419
332	2197	1533
333	2211	1054
334	2224	1013
335	2237	573
336	2251	865
337	2264	647
338	2278	1034
339	2291	708
340	2305	711
341	2318	551
342	2332	844
343	2346	701
344	2359	793
345	2373	497
346	2387	1018
347	2401	1349
348	2415	859
349	2429	898
350	2443	935
351	2457	402
352	2471	1335
353	2485	739
354	2499	752
355	2513	814
356	2527	1663
357	2541	750
358	2556	1371
359	2570	1437
360	2584	756
361	2599	851
362	2613	1795
363	2628	460
364	2642	469
365	2657	1025
366	2671	1319
367	2686	847
368	2701	956
369	2715	716
370	2730	378
371	2745	487
372	2760	742
373	2775	863
374	2790	975
375	2805	834
376	2820	911
377	2835	803
378	2850	695
379	2865	774
380	2880	938
381	2895	704
382	2910	857
383	2926	647
384	2941	751
385	2956	549
386	2972	730
387	2987	776
388	3003	1096
389	3018	1412
390	3034	782
391	3049	964
392	3065	898
393	3081	765
394	3096	778
395	3112	1472
396	3128	1168
397	3144	1490
398	3160	1360
399	3176	674
400	3192	1537
401	3208	957
402	3224	898
403	3240	860
404	3256	1012
405	3272	1223
406	3288	1120
407	3304	606
408	3321	835
409	3337	1162
410	3353	1051
411	3370	965
412	3386	1046
413	3403	1880
414	3419	1542
415	3436	1335
416	3452	1082
417	3469	1053
418	3486	976
419	3502	1004
420	3519	885
421	3536	1589
422	3553	1533
423	3570	1006
424	3587	1030
425	3604	1024
426	3621	1124
427	3638	690
428	3655	1779
429	3672	1103
430	3689	840
431	3706	1822
432	3723	1042
433	3741	922
434	3758	2679
435	3775	1256
436	3793	932
437	3810	1538
438	3828	1720
439	3845	1132
440	3863	1594
441	3880	1005
442	3898	1107
443	3916	1944
444	3933	1190
445	3951	2177
446	3969	1202
447	3987	995
448	4005	1706
449	4023	2362
450	4041	2050
451	4059	1776
452	4077	1173
453	4095	1077
454	4113	3156
455	4131	1923
456	4149	1199
457	4167	1759
458	4186	1256
459	4204	916
460	4222	2474
461	4241	1102
462	4259	1394
463	4278	2553
464	4296	1356
465	4315	1057
466	4333	1331
467	4352	1978
468	4371	1152
469	4389	1486
470	4408	1548
471	4427	2171
472	4446	1068
473	4465	1299
474	4484	1563
475	4503	1226
476	4522	1130
477	4541	2172
478	4560	1291
479	4579	1167
480	4598	1287
481	4617	1194
482	4636	955
483	4656	1588
484	4675	1428
485	4694	1759
486	4714	1561
487	4733	1373
488	4753	640
489	4772	1260
490	4792	1198
491	4811	1121
492	4831	1470
493	4851	1628
494	4870	1366
495	4890	1329
496	4910	1277
497	4930	1736
498	4950	1205
499	4970	967
500	4990	1376
501	5010	1284
502	5030	1052
503	5050	1502
504	5070	1307
505	5090	2561
506	5110	927
507	5130	1125
508	5151	2480
509	5171	679
510	5191	1499
511	5212	1279
512	5232	1387
513	5253	1378
514	5273	1434
515	5294	1546
516	5314	1435
517	5335	1566
518	5356	1996
519	5376	1787
520	5397	1618
521	5418	1924
522	5439	1266
523	5460	1696
524	5481	1372
525	5502	1761
526	5523	1596
527	5544	1508
528	5565	1477
529	5586	1560
530	5607	1398
531	5628	2194
532	5649	1710
533	5671	1458
534	5692	1746
535	5713	1427
536	5735	1496
537	5756	1903
538	5778	1327
539	5799	2508
540	5821	1974
541	5842	1358
542	5864	1492
543	5886	3260
544	5907	1327
545	5929	1416
546	5951	2442
547	5973	1493
548	5995	2067
549	6017	2861
550	6039	1902
551	6061	1685
552	6083	991
553	6105	1966
554	6127	1754
555	6149	2682
556	6171	1580
557	6193	1560
558	6216	2465
559	6238	2050
560	6260	1672
561	6283	1289
562	6305	3316
563	6328	1438
564	6350	2641
565	6373	1772
566	6395	1675
567	6418	2316
568	6441	2002
569	6463	2091
570	6486	1735
571	6509	2635
572	6532	1640
573	6555	1794
574	6578	1656
575	6601	2764
576	6624	1772
577	6647	1958
578	6670	1863
579	6693	2679
580	6716	1419
581	6739	1480
582	6762	1319
583	6786	1433
584	6809	1579
585	6832	1748
586	6856	1860
587	6879	1625
588	6903	2906
589	6926	1578
590	6950	2372
591	6973	1346
592	6997	1952
593	7021	1625
594	7044	2900
595	7068	1601
596	7092	2369
597	7116	1720
598	7140	1605
599	7164	2121
600	7188	2005
601	7212	1882
602	7236	1584
603	7260	2116
604	7284	3336
605	7308	1964
606	7332	1399
607	7356	3051
608	7381	1836
609	7405	2705
610	7429	1955
611	7454	2676
612	7478	1645
613	7503	3020
614	7527	2203
615	7552	2350
616	7576	2204
617	7601	1973
618	7626	1890
619	7650	1552
620	7675	2249
621	7700	3584
622	7725	1417
623	7750	1902
624	7775	2051
625	7800	2365
626	7825	2255
627	7850	1955
628	7875	2228
629	7900	3090
630	7925	2492
631	7950	3907
632	7975	3803
633	8001	2315
634	8026	1643
635	8051	2373
636	8077	2935
637	8102	2701
638	8128	1948
639	8153	2498
640	8179	2343
641	8204	2250
642	8230	1598
643	8256	1686
644	8281	1945
645	8307	2367
646	8333	2574
647	8359	1372
648	8385	2054
649	8411	1847
650	8437	1587
651	8463	2139
652	8489	2270
653	8515	3434
654	8541	1918
655	8567	3046
656	8593	3475
657	8619	1923
658	8646	3484
659	8672	2892
660	8698	2253
661	8725	2606
662	8751	2162
663	8778	2376
664	8804	3299
665	8831	3549
666	8857	1860
667	8884	3216
668	8911	2556
669	8937	1935
670	8964	2418
671	8991	2460
672	9018	2414
673	9045	2863
674	9072	2513
675	9099	3448
676	9126	2405
677	9153	3530
678	9180	2310
679	9207	2100
680	9234	3749
681	9261	2313
682	9288	2448
683	9316	2412
684	9343	2263
685	9370	3653
686	9398	2183
687	9425	2506
688	9453	3450
689	9480	1456
690	9508	2235
691	9535	2741
692	9563	3710
693	9591	2057
694	9618	3885
695	9646	4526
696	9674	2129
697	9702	2295
698	9730	3148
699	9758	3624
700	9786	2675
701	9814	3868
702	9842	2370
703	9870	3196
704	9898	2114
705	9926	2385
706	9954	3901
707	9982	2758
708	10011	2170
709	10039	4041
710	10067	3081
711	10096	3802
712	10124	2863
713	10153	3453
714	10181	3548
715	10210	2315
716	10238	3520
717	10267	2123
718	10296	1446
719	10324	3105
720	10353	3023
721	10382	2802
722	10411	2850
723	10440	2598
724	10469	3247
725	10498	3453
726	10527	2370
727	10556	3064
728	10585	4215
729	10614	4138
730	10643	3605
731	10672	3533
732	10701	4286
733	10731	2749
734	10760	4131
735	10789	3495
736	10819	2435
737	10848	3303
738	10878	2966
739	10907	3757
740	10937	2198
741	10966	3280
742	10996	2773
743	11026	1952
744	11055	3992
745	11085	2831
746	11115	2355
747	11145	3397
748	11175	2808
749	11205	3917
750	11235	3078
751	11265	3177
752	11295	2722
753	11325	2837
754	11355	2776
755	11385	2545
756	11415	4798
757	11445	2861
758	11476	1752
759	11506	2501
760	11536	3742
761	11567	2420
762	11597	3845
763	11628	2681
764	11658	2667
765	11689	4167
766	11719	2519
767	11750	2603
768	11781	4530
769	11811	3630
770	11842	2851
771	11873	2404
772	11904	3229
773	11935	3935
774	11966	2840
775	11997	3112
776	12028	4000
777	12059	3949
778	12090	3623
779	12121	4325
780	12152	3110
781	12183	2894
782	12214	2607
783	12246	3306
784	12277	2814
785	12308	2637
786	12340	2498
787	12371	2464
788	12403	2091
789	12434	3320
790	12466	5434
791	12497	3480
792	12529	2316
793	12561	2951
794	12592	2428
795	12624	2665
796	12656	2739
797	12688	2484
798	12720	4020
799	12752	4470
800	12784	3737
801	12816	6809
802	12848	4113
803	12880	3520
804	12912	4637
805	12944	3456
806	12976	4042
807	13008	2731
808	13041	3783
809	13073	4431
810	13105	3380
811	13138	3906
812	13170	2495
813	13203	2959
814	13235	1828
815	13268	4092
816	13300	4237
817	13333	4473
818	13366	4088
819	13398	2663
820	13431	3125
821	13464	3856
822	13497	1951
823	13530	1745
824	13563	3772
825	13596	1562
826	13629	2586
827	13662	2802
828	13695	2981
829	13728	3133
830	13761	4289
831	13794	4663
832	13827	4346
833	13861	4555
834	13894	3694
835	13927	3332
836	13961	2527
837	13994	4052
838	14028	2921
839	14061	2755
840	14095	2398
841	14128	3438
842	14162	4730
843	14196	3049
844	14229	3275
845	14263	3522
846	14297	2714
847	14331	3273
848	14365	4751
849	14399	3159
850	14433	3984
851	14467	4697
852	14501	3625
853	14535	4359
854	14569	5069
855	14603	4702
856	14637	4458
857	14671	4042
858	14706	3287
859	14740	3820
860	14774	4123
861	14809	3004
862	14843	2542
863	14878	2991
864	14912	3499
865	14947	3501
866	14981	6574
867	15016	6865
868	15051	3546
869	15085	4284
870	15120	6530
871	15155	4191
872	15190	3458
873	15225	3925
874	15260	6129
875	15295	5258
876	15330	3012
877	15365	2604
878	15400	5498
879	15435	5609
880	15470	3564
881	15505	4765
882	15540	5800
883	15576	6770
884	15611	4639
885	15646	4267
886	15682	4383
887	15717	7616
888	15753	6363
889	15788	4069
890	15824	6388
891	15859	5283
892	15895	4066
893	15931	5408
894	15966	5830
895	16002	3757
896	16038	5669
897	16074	6253
898	16110	6211
899	16146	3133
900	16182	6097
901	16218	6040
902	16254	3916
903	16290	6699
904	16326	3472
905	16362	4320
906	16398	6621
907	16434	4093
908	16471	2695
909	16507	6689
910	16543	3840
911	16580	6556
912	16616	6230
913	16653	4463
914	16689	4016
915	16726	6919
916	16762	6327
917	16799	6698
918	16836	8884
919	16872	3702
920	16909	5555
921	16946	7411
922	16983	4518
923	17020	3744
924	17057	4835
925	17094	7113
926	17131	6064
927	17168	6666
928	17205	5349
929	17242	4256
930	17279	6491
931	17316	6917
932	17353	4322
933	17391	6975
934	17428	5019
935	17465	3195
936	17503	3289
937	17540	6496
938	17578	5435
939	17615	7336
940	17653	6591
941	17690	4459
942	17728	6693
943	17766	7671
944	17803	7474
945	17841	4799
946	17879	6811
947	17917	5505
948	17955	6706
949	17993	3513
950	18031	7576
951	18069	3027
952	18107	6831
953	18145	6796
954	18183	3812
955	18221	7272
956	18259	3978
957	18297	6689
958	18336	6903
959	18374	4376
960	18412	6909
961	18451	7056
962	18489	4700
963	18528	7291
964	18566	6640
965	18605	7910
966	18643	6272
967	18682	5517
968	18721	6730
969	18759	4214
970	18798	7445
971	18837	7549
972	18876	8925
973	18915	5533
974	18954	4706
975	18993	4293
976	19032	4444
977	19071	5050
978	19110	8179
979	19149	4591
980	19188	3633
981	19227	2754
982	19266	2957
983	19306	6507
984	19345	5954
985	19384	5004
986	19424	4942
987	19463	4439
988	19503	8272
989	19542	4755
990	19582	8991
991	19621	11844
992	19661	5545
993	19701	9759
994	19740	9740
995	19780	5242
996	19820	5909
997	19860	5562
998	19900	5320
999	19940	4720
1000	19980	4389
