100	2475	154
101	2525	116
102	2575	126
103	2626	117
104	2678	243
105	2730	131
106	2782	130
107	2835	136
108	2889	88
109	2943	93
110	2997	379
111	3052	140
112	3108	142
113	3164	153
114	3220	156
115	3277	150
116	3335	149
117	3393	162
118	3451	110
119	3510	156
120	3570	150
121	3630	166
122	3690	158
123	3751	171
124	3813	1048
125	3875	172
126	3937	938
127	4000	701
128	4064	299
129	4128	469
130	4192	198
131	4257	335
132	4323	188
133	4389	188
134	4455	360
135	4522	1330
136	4590	566
137	4658	798
138	4726	271
139	4795	205
140	4865	203
141	4935	437
142	5005	454
143	5076	209
144	5148	546
145	5220	374
146	5292	503
147	5365	1377
148	5439	234
149	5513	246
150	5587	829
151	5662	643
152	5738	415
153	5814	1125
154	5890	1836
155	5967	1660
156	6045	1981
157	6123	868
158	6201	661
159	6280	1212
160	6360	1063
161	6440	1526
162	6520	1639
163	6601	221
164	6683	1453
165	6765	1131
166	6847	1642
167	6930	956
168	7014	769
169	7098	2876
170	7182	1619
171	7267	1869
172	7353	423
173	7439	323
174	7525	373
175	7612	1232
176	7700	346
177	7788	1020
178	7876	738
179	7965	340
180	8055	247
181	8145	2014
182	8235	1261
183	8326	1555
184	8418	1635
185	8510	1383
186	8602	1520
187	8695	962
188	8789	1283
189	8883	1781
190	8977	944
191	9072	400
192	9168	1286
193	9264	311
194	9360	1567
195	9457	1397
196	9555	404
197	9653	809
198	9751	708
199	9850	1850
200	9950	341
201	10050	2107
202	10150	1685
203	10251	432
204	10353	411
205	10455	1388
206	10557	419
207	10660	2294
208	10764	1943
209	10868	307
210	10972	836
211	11077	303
212	11183	2878
213	11289	2339
214	11395	660
215	11502	325
216	11610	305
217	11718	437
218	11826	314
219	11935	937
220	12045	476
221	12155	1292
222	12265	942
223	12376	465
224	12488	1925
225	12600	1312
226	12712	1673
227	12825	1030
228	12939	562
229	13053	2687
230	13167	1799
231	13282	897
232	13398	2805
233	13514	369
234	13630	2227
235	13747	2653
236	13865	3013
237	13983	914
238	14101	2177
239	14220	557
240	14340	2302
241	14460	407
242	14580	515
243	14701	620
244	14823	565
245	14945	3220
246	15067	2435
247	15190	411
248	15314	846
249	15438	433
250	15562	2734
251	15687	629
252	15813	550
253	15939	504
254	16065	444
255	16192	652
256	16320	657
257	16448	2838
258	16576	462
259	16705	3100
260	16835	484
261	16965	1147
262	17095	4192
263	17226	1576
264	17358	474
265	17490	1833
266	17622	1964
267	17755	641
268	17889	2004
269	18023	1364
270	18157	4404
271	18292	562
272	18428	2801
273	18564	1923
274	18700	825
275	18837	759
276	18975	674
277	19113	659
278	19251	738
279	19390	2745
280	19530	573
281	19670	3194
282	19810	3353
283	19951	809
284	20093	735
285	20235	4017
286	20377	1671
287	20520	2525
288	20664	3474
289	20808	3135
290	20952	673
291	21097	867
292	21243	906
293	21389	2229
294	21535	3146
295	21682	630
296	21830	1560
297	21978	3304
298	22126	2206
299	22275	776
300	22425	623
301	22575	4152
302	22725	1535
303	22876	2644
304	23028	2020
305	23180	814
306	23332	825
307	23485	798
308	23639	4509
309	23793	2778
310	23947	4012
311	24102	4963
312	24258	5066
313	24414	1931
314	24570	3058
315	24727	1153
316	24885	891
317	25043	795
318	25201	811
319	25360	1024
320	25520	1030
321	25680	2788
322	25840	1408
323	26001	1919
324	26163	1595
325	26325	835
326	26487	1268
327	26650	3366
328	26814	4091
329	26978	4499
330	27142	5119
331	27307	4996
332	27473	795
333	27639	3589
334	27805	883
335	27972	805
336	28140	760
337	28308	1278
338	28476	1520
339	28645	4052
340	28815	765
341	28985	997
342	29155	918
343	29326	2775
344	29498	2042
345	29670	2009
346	29842	1017
347	30015	1599
348	30189	4455
349	30363	1492
350	30537	5073
351	30712	1182
352	30888	830
353	31064	2517
354	31240	990
355	31417	6395
356	31595	979
357	31773	4031
358	31951	933
359	32130	4940
360	32310	6022
361	32490	5072
362	32670	901
363	32851	4463
364	33033	3741
365	33215	2432
366	33397	1160
367	33580	5338
368	33764	1372
369	33948	5095
370	34132	3578
371	34317	6309
372	34503	1098
373	34689	3728
374	34875	1574
375	35062	1371
376	35250	5989
377	35438	924
378	35626	5389
379	35815	3086
380	36005	3774
381	36195	1115
382	36385	4196
383	36576	1120
384	36768	991
385	36960	1451
386	37152	5163
387	37345	3619
388	37539	6618
389	37733	5552
390	37927	1447
391	38122	5644
392	38318	2231
393	38514	1489
394	38710	1447
395	38907	2072
396	39105	2640
397	39303	1582
398	39501	3672
399	39700	5079
400	39900	1503
401	40100	2230
402	40300	1549
403	40501	8112
404	40703	1117
405	40905	6689
406	41107	1347
407	41310	1088
408	41514	1215
409	41718	1281
410	41922	3947
411	42127	8440
412	42333	10586
413	42539	2076
414	42745	5864
415	42952	10544
416	43160	7365
417	43368	6425
418	43576	1646
419	43785	4808
420	43995	3222
421	44205	7293
422	44415	3956
423	44626	1256
424	44838	5852
425	45050	1342
426	45262	3569
427	45475	4592
428	45689	2211
429	45903	1794
430	46117	5480
431	46332	2493
432	46548	1471
433	46764	9327
434	46980	3210
435	47197	1774
436	47415	10235
437	47633	6126
438	47851	2812
439	48070	3206
440	48290	6352
441	48510	6033
442	48730	2174
443	48951	2373
444	49173	4557
445	49395	3921
446	49617	7224
447	49840	3814
448	50064	5920
449	50288	1965
450	50512	1598
451	50737	8373
452	50963	1923
453	51189	7793
454	51415	7944
455	51642	1449
456	51870	1912
457	52098	8152
458	52326	1543
459	52555	7548
460	52785	9811
461	53015	2751
462	53245	1815
463	53476	3284
464	53708	9117
465	53940	3481
466	54172	1634
467	54405	1537
468	54639	8511
469	54873	2199
470	55107	10057
471	55342	7365
472	55578	2706
473	55814	10862
474	56050	12792
475	56287	3819
476	56525	2387
477	56763	2366
478	57001	4683
479	57240	21065
480	57480	5394
481	57720	6846
482	57960	9271
483	58201	7865
484	58443	3537
485	58685	9686
486	58927	9674
487	59170	12514
488	59414	5814
489	59658	4990
490	59902	11507
491	60147	10887
492	60393	1883
493	60639	5875
494	60885	11059
495	61132	8230
496	61380	8289
497	61628	10423
498	61876	1839
499	62125	4251
500	62375	2339
501	62625	2435
502	62875	15506
503	63126	4269
504	63378	11166
505	63630	7927
506	63882	1828
507	64135	11184
508	64389	10367
509	64643	2045
510	64897	3667
511	65152	8081
512	65408	2349
513	65664	9833
514	65920	8301
515	66177	8762
516	66435	10362
517	66693	2335
518	66951	2329
519	67210	4962
520	67470	11402
521	67730	9959
522	67990	2428
523	68251	2206
524	68513	3356
525	68775	7249
526	69037	2183
527	69300	11707
528	69564	11297
529	69828	8857
530	70092	2455
531	70357	2287
532	70623	9642
533	70889	2165
534	71155	8643
535	71422	2524
536	71690	2623
537	71958	13297
538	72226	10385
539	72495	10665
540	72765	6916
541	73035	2119
542	73305	2149
543	73576	2032
544	73848	2100
545	74120	13899
546	74392	2173
547	74665	10217
548	74939	6875
549	75213	3816
550	75487	6454
551	75762	3370
552	76038	6433
553	76314	4996
554	76590	7579
555	76867	9221
556	77145	12967
557	77423	4062
558	77701	2679
559	77980	3060
560	78260	9834
561	78540	13721
562	78820	2138
563	79101	2758
564	79383	10713
565	79665	6419
566	79947	14689
567	80230	7265
568	80514	11287
569	80798	12470
570	81082	13304
571	81367	2581
572	81653	4940
573	81939	10289
574	82225	4130
575	82512	14747
576	82800	3023
577	83088	3040
578	83376	2796
579	83665	2439
580	83955	4557
581	84245	9726
582	84535	10910
583	84826	12465
584	85118	2904
585	85410	7322
586	85702	9205
587	85995	13471
588	86289	13889
589	86583	9904
590	86877	12194
591	87172	10649
592	87468	4304
593	87764	4275
594	88060	8609
595	88357	2462
596	88655	5218
597	88953	3509
598	89251	10018
599	89550	10759
600	89850	5355
601	90150	14443
602	90450	3856
603	90751	14693
604	91053	10832
605	91355	16673
606	91657	14081
607	91960	6378
608	92264	13774
609	92568	9837
610	92872	8224
611	93177	17785
612	93483	10835
613	93789	10207
614	94095	6126
615	94402	2966
616	94710	12589
617	95018	2649
618	95326	4093
619	95635	11392
620	95945	2903
621	96255	2909
622	96565	2805
623	96876	14332
624	97188	10776
625	97500	10348
626	97812	3176
627	98125	2923
628	98439	3542
629	98753	12139
630	99067	13915
631	99382	3876
632	99698	14198
633	100014	5849
634	100330	8704
635	100647	2962
636	100965	3241
637	101283	4004
638	101601	12921
639	101920	12849
640	102240	15777
641	102560	11338
642	102880	5258
643	103201	21406
644	103523	14842
645	103845	7498
646	104167	8973
647	104490	10066
648	104814	3219
649	105138	3859
650	105462	12278
651	105787	2927
652	106113	13969
653	106439	3723
654	106765	8775
655	107092	3559
656	107420	17737
657	107748	3105
658	108076	12396
659	108405	18969
660	108735	16773
661	109065	19155
662	109395	3281
663	109726	4407
664	110058	8707
665	110390	5269
666	110722	19372
667	111055	5858
668	111389	6055
669	111723	3615
670	112057	15697
671	112392	8078
672	112728	11896
673	113064	6918
674	113400	3466
675	113737	3814
676	114075	3298
677	114413	20421
678	114751	11785
679	115090	4908
680	115430	3425
681	115770	3441
682	116110	14565
683	116451	14573
684	116793	20706
685	117135	3762
686	117477	9459
687	117820	7279
688	118164	15560
689	118508	3392
690	118852	3647
691	119197	6288
692	119543	6193
693	119889	3780
694	120235	4577
695	120582	4922
696	120930	20434
697	121278	19653
698	121626	13486
699	121975	3465
700	122325	3563
701	122675	17427
702	123025	7771
703	123376	5270
704	123728	11925
705	124080	13729
706	124432	6384
707	124785	4101
708	125139	7441
709	125493	19252
710	125847	5129
711	126202	20892
712	126558	19405
713	126914	24402
714	127270	9379
715	127627	9290
716	127985	3861
717	128343	6804
718	128701	15169
719	129060	17689
720	129420	17612
721	129780	10014
722	130140	13391
723	130501	11984
724	130863	26752
725	131225	4048
726	131587	10280
727	131950	25018
728	132314	17492
729	132678	7699
730	133042	7255
731	133407	11724
732	133773	4499
733	134139	14861
734	134505	11453
735	134872	26836
736	135240	4394
737	135608	10085
738	135976	24393
739	136345	8097
740	136715	15611
741	137085	4937
742	137455	4732
743	137826	4269
744	138198	4198
745	138570	20217
746	138942	13639
747	139315	11032
748	139689	9536
749	140063	5321
750	140437	6684
751	140812	22044
752	141188	4801
753	141564	22755
754	141940	24579
755	142317	4149
756	142695	11316
757	143073	14525
758	143451	5968
759	143830	27033
760	144210	23679
761	144590	9431
762	144970	9065
763	145351	7357
764	145733	11988
765	146115	18776
766	146497	6953
767	146880	18035
768	147264	13042
769	147648	5094
770	148032	29450
771	148417	9404
772	148803	16910
773	149189	4302
774	149575	15359
775	149962	4188
776	150350	7584
777	150738	4331
778	151126	14146
779	151515	6487
780	151905	5929
781	152295	5421
782	152685	10116
783	153076	22162
784	153468	10950
785	153860	20573
786	154252	23256
787	154645	25625
788	155039	28209
789	155433	11765
790	155827	14454
791	156222	29141
792	156618	8522
793	157014	7559
794	157410	4683
795	157807	17021
796	158205	14394
797	158603	4952
798	159001	5721
799	159400	22514
800	159800	5032
801	160200	27892
802	160600	24152
803	161001	14097
804	161403	20016
805	161805	26845
806	162207	16946
807	162610	19632
808	163014	14261
809	163418	21440
810	163822	5172
811	164227	16396
812	164633	8365
813	165039	17759
814	165445	9523
815	165852	8343
816	166260	15911
817	166668	6468
818	167076	26219
819	167485	22436
820	167895	11962
821	168305	25468
822	168715	22523
823	169126	28677
824	169538	21834
825	169950	29576
826	170362	29044
827	170775	14876
828	171189	7975
829	171603	4754
830	172017	4936
831	172432	30312
832	172848	32367
833	173264	14879
834	173680	29243
835	174097	5205
836	174515	23457
837	174933	12331
838	175351	9164
839	175770	16281
840	176190	5914
841	176610	30979
842	177030	21131
843	177451	4808
844	177873	18139
845	178295	11043
846	178717	17436
847	179140	27978
848	179564	6393
849	179988	4977
850	180412	30612
851	180837	23517
852	181263	33131
853	181689	8494
854	182115	29442
855	182542	15436
856	182970	6123
857	183398	6576
858	183826	6924
859	184255	5689
860	184685	6248
861	185115	9004
862	185545	6168
863	185976	38562
864	186408	12713
865	186840	7591
866	187272	18641
867	187705	29223
868	188139	21886
869	188573	30950
870	189007	27309
871	189442	6146
872	189878	14221
873	190314	9553
874	190750	16650
875	191187	6984
876	191625	7194
877	192063	5815
878	192501	19763
879	192940	26177
880	193380	33514
881	193820	24390
882	194260	22598
883	194701	18182
884	195143	32718
885	195585	5825
886	196027	24009
887	196470	6263
888	196914	14790
889	197358	11705
890	197802	34588
891	198247	6484
892	198693	5742
893	199139	7011
894	199585	19451
895	200032	10526
896	200480	11613
897	200928	8119
898	201376	24168
899	201825	16791
900	202275	10172
901	202725	30782
902	203175	7791
903	203626	7249
904	204078	29759
905	204530	14819
906	204982	20807
907	205435	10100
908	205889	34451
909	206343	35913
910	206797	29357
911	207252	7278
912	207708	8250
913	208164	11706
914	208620	7136
915	209077	36406
916	209535	32369
917	209993	25489
918	210451	21253
919	210910	7602
920	211370	13655
921	211830	32189
922	212290	18873
923	212751	26478
924	213213	30325
925	213675	25784
926	214137	19306
927	214600	17208
928	215064	7702
929	215528	32818
930	215992	20692
931	216457	24000
932	216923	29051
933	217389	7227
934	217855	26832
935	218322	23059
936	218790	19510
937	219258	20680
938	219726	10623
939	220195	13224
940	220665	29458
941	221135	7624
942	221605	19684
943	222076	9323
944	222548	6398
945	223020	7234
946	223492	12141
947	223965	34814
948	224439	13819
949	224913	8080
950	225387	20163
951	225862	15617
952	226338	31397
953	226814	34813
954	227290	19151
955	227767	26727
956	228245	7746
957	228723	37389
958	229201	9150
959	229680	8377
960	230160	35809
961	230640	9206
962	231120	12532
963	231601	7919
964	232083	19272
965	232565	8567
966	233047	9741
967	233530	10062
968	234014	10173
969	234498	12068
970	234982	20278
971	235467	18903
972	235953	30639
973	236439	43482
974	236925	19645
975	237412	7295
976	237900	8659
977	238388	17368
978	238876	7932
979	239365	22487
980	239855	7385
981	240345	25504
982	240835	38342
983	241326	27902
984	241818	23153
985	242310	22436
986	242802	9836
987	243295	12472
988	243789	43048
989	244283	37763
990	244777	9991
991	245272	9101
992	245768	23895
993	246264	15625
994	246760	43231
995	247257	33080
996	247755	13771
997	248253	34267
998	248751	7482
999	249250	26003
1000	249750	8386
