100	99	0
101	101	0
102	103	0
103	105	0
104	107	0
105	109	0
106	111	0
107	113	0
108	115	0
109	117	0
110	119	0
111	122	0
112	124	0
113	126	0
114	128	0
115	131	0
116	133	0
117	135	0
118	138	0
119	140	0
120	142	1
121	145	0
122	147	6
123	150	0
124	152	0
125	155	1
126	157	0
127	160	0
128	162	6
129	165	0
130	167	0
131	170	0
132	172	0
133	175	7
134	178	93
135	180	8
136	183	23
137	186	183
138	189	0
139	191	0
140	194	2
141	197	1
142	200	0
143	203	1
144	205	0
145	208	0
146	211	0
147	214	0
148	217	0
149	220	0
150	223	0
151	226	1
152	229	0
153	232	0
154	235	1
155	238	0
156	241	8
157	244	1
158	248	0
159	251	0
160	254	7
161	257	0
162	260	9
163	264	0
164	267	0
165	270	18
166	273	0
167	277	0
168	280	0
169	283	0
170	287	27
171	290	0
172	294	1
173	297	0
174	301	0
175	304	0
176	308	0
177	311	0
178	315	2
179	318	0
180	322	2
181	325	2
182	329	2
183	333	1
184	336	3
185	340	1
186	344	1
187	347	1
188	351	2
189	355	1
190	359	3
191	362	0
192	366	1
193	370	0
194	374	1
195	378	1
196	382	1
197	386	1
198	390	2
199	394	1
200	398	1
201	402	1
202	406	1
203	410	1
204	414	1
205	418	1
206	422	9
207	426	2
208	430	0
209	434	0
210	438	2
211	443	0
212	447	0
213	451	0
214	455	1
215	460	1
216	464	2
217	468	1
218	473	1
219	477	2
220	481	1
221	486	1
222	490	1
223	495	0
224	499	2
225	504	2
226	508	1
227	513	2
228	517	1
229	522	1
230	526	1
231	531	1
232	535	10
233	540	1
234	545	2
235	549	1
236	554	4
237	559	2
238	564	1
239	568	1
240	573	1
241	578	1
242	583	1
243	588	2
244	592	2
245	597	1
246	602	0
247	607	1
248	612	1
249	617	1
250	622	1
251	627	1
252	632	1
253	637	0
254	642	1
255	647	10
256	652	2
257	657	1
258	663	7
259	668	2
260	673	1
261	678	1
262	683	1
263	689	2
264	694	1
265	699	22
266	704	128
267	710	1
268	715	6
269	720	2
270	726	1
271	731	4
272	737	1
273	742	1
274	748	4
275	753	15
276	759	36
277	764	1
278	770	1
279	775	8
280	781	1
281	786	1
282	792	3
283	798	2
284	803	1
285	809	41
286	815	2
287	820	3
288	826	5
289	832	1
290	838	2
291	843	8
292	849	1
293	855	3
294	861	2
295	867	1
296	873	2
297	879	3
298	885	2
299	891	2
300	897	20
301	903	21
302	909	2
303	915	6
304	921	1
305	927	1
306	933	28
307	939	3
308	945	189
309	951	2
310	957	2
311	964	3
312	970	14
313	976	2
314	982	4
315	989	15
316	995	5
317	1001	2
318	1008	2
319	1014	1
320	1020	2
321	1027	2
322	1033	1
323	1040	4
324	1046	1
325	1053	2
326	1059	24
327	1066	1
328	1072	1
329	1079	2
330	1085	2
331	1092	1
332	1098	2
333	1105	6
334	1112	4
335	1118	1
336	1125	2
337	1132	20
338	1139	27
339	1145	1
340	1152	3
341	1159	2
342	1166	1
343	1173	2
344	1179	4
345	1186	1
346	1193	2
347	1200	4
348	1207	3
349	1214	4
350	1221	1
351	1228	3
352	1235	2
353	1242	5
354	1249	1
355	1256	11
356	1263	1
357	1270	2
358	1278	2
359	1285	1
360	1292	17
361	1299	1
362	1306	38
363	1314	2
364	1321	1
365	1328	1
366	1335	5
367	1343	2
368	1350	4
369	1357	4
370	1365	4
371	1372	3
372	1380	13
373	1387	5
374	1395	4
375	1402	2
376	1410	4
377	1417	2
378	1425	2
379	1432	2
380	1440	4
381	1447	2
382	1455	2
383	1463	5
384	1470	4
385	1478	2
386	1486	2
387	1493	3
388	1501	2
389	1509	1
390	1517	2
391	1524	4
392	1532	4
393	1540	2
394	1548	1
395	1556	3
396	1564	2
397	1572	2
398	1580	2
399	1588	2
400	1596	4
401	1604	639
402	1612	29
403	1620	1
404	1628	5
405	1636	1
406	1644	4
407	1652	2
408	1660	4
409	1668	2
410	1676	3
411	1685	1
412	1693	1
413	1701	3
414	1709	3
415	1718	2
416	1726	2
417	1734	4
418	1743	2
419	1751	2
420	1759	5
421	1768	2
422	1776	1
423	1785	2
424	1793	2
425	1802	4
426	1810	2
427	1819	5
428	1827	2
429	1836	3
430	1844	2
431	1853	2
432	1861	5
433	1870	3
434	1879	2
435	1887	1
436	1896	2
437	1905	2
438	1914	38
439	1922	49
440	1931	1
441	1940	3
442	1949	3
443	1958	38
444	1966	51
445	1975	25
446	1984	3
447	1993	2
448	2002	2
449	2011	2
450	2020	2
451	2029	42
452	2038	2
453	2047	2
454	2056	44
455	2065	34
456	2074	38
457	2083	3
458	2093	2
459	2102	3
460	2111	3
461	2120	2
462	2129	33
463	2139	3
464	2148	39
465	2157	4
466	2166	2
467	2176	2
468	2185	2
469	2194	3
470	2204	3
471	2213	29
472	2223	2
473	2232	31
474	2242	2
475	2251	36
476	2261	2
477	2270	3
478	2280	4
479	2289	2
480	2299	37
481	2308	40
482	2318	1
483	2328	4
484	2337	3
485	2347	8
486	2357	4
487	2366	38
488	2376	41
489	2386	4
490	2396	1
491	2405	3
492	2415	2
493	2425	4
494	2435	39
495	2445	4
496	2455	4
497	2465	3
498	2475	3
499	2485	3
500	2495	4
501	2505	7
502	2515	3
503	2525	2
504	2535	4
505	2545	3
506	2555	4
507	2565	3
508	2575	2
509	2585	4
510	2595	3
511	2606	2
512	2616	38
513	2626	3
514	2636	4
515	2647	6
516	2657	5
517	2667	3
518	2678	3
519	2688	2
520	2698	4
521	2709	3
522	2719	2
523	2730	3
524	2740	3
525	2751	5
526	2761	2
527	2772	9
528	2782	7
529	2793	5
530	2803	3
531	2814	4
532	2824	33
533	2835	2
534	2846	4
535	2856	3
536	2867	3
537	2878	2
538	2889	3
539	2899	2
540	2910	3
541	2921	4
542	2932	4
543	2943	5
544	2953	3
545	2964	4
546	2975	3
547	2986	4
548	2997	3
549	3008	4
550	3019	5
551	3030	10
552	3041	5
553	3052	7
554	3063	3
555	3074	3
556	3085	44
557	3096	2
558	3108	3
559	3119	3
560	3130	6
561	3141	2
562	3152	6
563	3164	5
564	3175	5
565	3186	3
566	3197	3
567	3209	6
568	3220	3
569	3231	3
570	3243	3
571	3254	3
572	3266	3
573	3277	5
574	3289	3
575	3300	2
576	3312	3
577	3323	3
578	3335	8
579	3346	2
580	3358	4
581	3369	3
582	3381	2
583	3393	5
584	3404	5
585	3416	4
586	3428	3
587	3439	3
588	3451	3
589	3463	3
590	3475	5
591	3486	2
592	3498	2
593	3510	2
594	3522	10
595	3534	4
596	3546	4
597	3558	4
598	3570	3
599	3582	2
600	3594	2
601	3606	2
602	3618	3
603	3630	3
604	3642	3
605	3654	6
606	3666	6
607	3678	3
608	3690	4
609	3702	2
610	3714	3
611	3727	5
612	3739	5
613	3751	5
614	3763	3
615	3776	6
616	3788	4
617	3800	5
618	3813	2
619	3825	3
620	3837	3
621	3850	6
622	3862	4
623	3875	5
624	3887	2
625	3900	5
626	3912	2
627	3925	4
628	3937	5
629	3950	5
630	3962	4
631	3975	3
632	3987	168
633	4000	5
634	4013	2
635	4025	3
636	4038	5
637	4051	5
638	4064	5
639	4076	2
640	4089	5
641	4102	3
642	4115	3
643	4128	4
644	4140	2
645	4153	2
646	4166	6
647	4179	3
648	4192	7
649	4205	4
650	4218	3
651	4231	7
652	4244	2
653	4257	2
654	4270	4
655	4283	4
656	4296	4
657	4309	6
658	4323	3
659	4336	7
660	4349	4
661	4362	3
662	4375	2
663	4389	4
664	4402	4
665	4415	4
666	4428	4
667	4442	3
668	4455	4
669	4468	4
670	4482	5
671	4495	6
672	4509	4
673	4522	3
674	4536	6
675	4549	4
676	4563	5
677	4576	5
678	4590	3
679	4603	6
680	4617	4
681	4630	4
682	4644	3
683	4658	4
684	4671	4
685	4685	4
686	4699	6
687	4712	5
688	4726	4
689	4740	5
690	4754	4
691	4767	5
692	4781	4
693	4795	4
694	4809	4
695	4823	6
696	4837	6
697	4851	4
698	4865	5
699	4879	3
700	4893	4
701	4907	4
702	4921	6
703	4935	6
704	4949	3
705	4963	4
706	4977	4
707	4991	7
708	5005	3
709	5019	3
710	5033	6
711	5048	4
712	5062	4
713	5076	4
714	5090	8
715	5105	8
716	5119	4
717	5133	3
718	5148	5
719	5162	3
720	5176	4
721	5191	7
722	5205	3
723	5220	3
724	5234	6
725	5249	3
726	5263	7
727	5278	3
728	5292	7
729	5307	4
730	5321	6
731	5336	3
732	5350	5
733	5365	5
734	5380	4
735	5394	4
736	5409	6
737	5424	8
738	5439	4
739	5453	6
740	5468	4
741	5483	3
742	5498	124
743	5513	6
744	5527	3
745	5542	7
746	5557	3
747	5572	3
748	5587	4
749	5602	3
750	5617	4
751	5632	8
752	5647	6
753	5662	5
754	5677	136
755	5692	7
756	5707	4
757	5722	4
758	5738	4
759	5753	4
760	5768	6
761	5783	7
762	5798	3
763	5814	7
764	5829	6
765	5844	3
766	5859	4
767	5875	3
768	5890	4
769	5905	3
770	5921	5
771	5936	4
772	5952	5
773	5967	5
774	5983	5
775	5998	4
776	6014	3
777	6029	4
778	6045	5
779	6060	4
780	6076	3
781	6091	4
782	6107	8
783	6123	3
784	6138	4
785	6154	7
786	6170	5
787	6185	9
788	6201	4
789	6217	4
790	6233	9
791	6248	11
792	6264	9
793	6280	3
794	6296	8
795	6312	10
796	6328	9
797	6344	5
798	6360	3
799	6376	4
800	6392	3
801	6408	5
802	6424	9
803	6440	6
804	6456	7
805	6472	5
806	6488	5
807	6504	3
808	6520	3
809	6536	5
810	6552	7
811	6569	4
812	6585	3
813	6601	5
814	6617	8
815	6634	8
816	6650	4
817	6666	9
818	6683	5
819	6699	5
820	6715	12
821	6732	10
822	6748	4
823	6765	3
824	6781	5
825	6798	17
826	6814	5
827	6831	9
828	6847	8
829	6864	13
830	6880	5
831	6897	10
832	6913	6
833	6930	9
834	6947	5
835	6963	4
836	6980	7
837	6997	4
838	7014	7
839	7030	5
840	7047	12
841	7064	10
842	7081	5
843	7098	9
844	7114	9
845	7131	3
846	7148	5
847	7165	4
848	7182	3
849	7199	4
850	7216	11
851	7233	12
852	7250	6
853	7267	9
854	7284	10
855	7301	8
856	7318	10
857	7335	4
858	7353	5
859	7370	10
860	7387	4
861	7404	10
862	7421	5
863	7439	10
864	7456	4
865	7473	5
866	7490	7
867	7508	7
868	7525	6
869	7542	8
870	7560	46
871	7577	5
872	7595	27
873	7612	5
874	7630	5
875	7647	5
876	7665	11
877	7682	28
878	7700	29
879	7717	6
880	7735	7
881	7752	6
882	7770	30
883	7788	7
884	7805	6
885	7823	35
886	7841	48
887	7858	29
888	7876	55
889	7894	7
890	7912	45
891	7929	49
892	7947	8
893	7965	35
894	7983	28
895	8001	5
896	8019	6
897	8037	38
898	8055	7
899	8073	5
900	8091	5
901	8109	5
902	8127	38
903	8145	7
904	8163	49
905	8181	30
906	8199	6
907	8217	5
908	8235	5
909	8253	9
910	8271	56
911	8290	6
912	8308	59
913	8326	36
914	8344	6
915	8363	24
916	8381	5
917	8399	49
918	8418	7
919	8436	8
920	8454	5
921	8473	38
922	8491	50
923	8510	47
924	8528	13
925	8547	11
926	8565	7
927	8584	5
928	8602	47
929	8621	46
930	8639	42
931	8658	7
932	8676	46
933	8695	7
934	8714	8
935	8732	38
936	8751	6
937	8770	7
938	8789	8
939	8807	58
940	8826	7
941	8845	8
942	8864	48
943	8883	36
944	8901	10
945	8920	57
946	8939	8
947	8958	37
948	8977	5
949	8996	7
950	9015	7
951	9034	5
952	9053	39
953	9072	8
954	9091	48
955	9110	25
956	9129	9
957	9148	41
958	9168	7
959	9187	59
960	9206	6
961	9225	7
962	9244	8
963	9264	7
964	9283	43
965	9302	40
966	9321	7
967	9341	5
968	9360	6
969	9379	29
970	9399	51
971	9418	28
972	9438	7
973	9457	39
974	9477	8
975	9496	25
976	9516	8
977	9535	51
978	9555	6
979	9574	39
980	9594	5
981	9613	51
982	9633	46
983	9653	8
984	9672	8
985	9692	53
986	9712	7
987	9731	8
988	9751	8
989	9771	6
990	9791	6
991	9810	44
992	9830	9
993	9850	7
994	9870	5
995	9890	7
996	9910	29
997	9930	5
998	9950	8
999	9970	8
1000	9990	8
