100	99	0
101	101	0
102	103	0
103	105	0
104	107	0
105	109	0
106	111	0
107	113	0
108	115	0
109	117	0
110	119	1
111	122	0
112	124	0
113	126	0
114	128	0
115	131	0
116	133	0
117	135	1
118	138	0
119	140	0
120	142	8
121	145	0
122	147	0
123	150	0
124	152	0
125	155	1
126	157	0
127	160	0
128	162	6
129	165	0
130	167	1
131	170	1
132	172	1
133	175	0
134	178	1
135	180	1
136	183	0
137	186	1
138	189	1
139	191	1
140	194	0
141	197	1
142	200	79
143	203	0
144	205	0
145	208	7
146	211	0
147	214	0
148	217	1
149	220	0
150	223	8
151	226	0
152	229	0
153	232	0
154	235	1
155	238	0
156	241	1
157	244	1
158	248	0
159	251	0
160	254	2
161	257	0
162	260	0
163	264	0
164	267	1
165	270	1
166	273	1
167	277	0
168	280	0
169	283	0
170	287	1
171	290	0
172	294	0
173	297	0
174	301	1
175	304	1
176	308	2
177	311	1
178	315	0
179	318	1
180	322	1
181	325	1
182	329	1
183	333	1
184	336	2
185	340	1
186	344	29
187	347	1
188	351	0
189	355	0
190	359	0
191	362	1
192	366	0
193	370	1
194	374	1
195	378	1
196	382	1
197	386	1
198	390	3
199	394	1
200	398	1
201	402	1
202	406	1
203	410	0
204	414	0
205	418	1
206	422	0
207	426	3
208	430	0
209	434	1
210	438	2
211	443	0
212	447	6
213	451	1
214	455	1
215	460	1
216	464	1
217	468	1
218	473	2
219	477	39
220	481	1
221	486	18
222	490	4
223	495	1
224	499	5
225	504	1
226	508	1
227	513	2
228	517	2
229	522	1
230	526	1
231	531	1
232	535	1
233	540	1
234	545	8
235	549	1
236	554	2
237	559	2
238	564	2
239	568	1
240	573	1
241	578	1
242	583	1
243	588	1
244	592	1
245	597	1
246	602	2
247	607	5
248	612	1
249	617	1
250	622	1
251	627	1
252	632	1
253	637	1
254	642	1
255	647	2
256	652	18
257	657	26
258	663	7
259	668	4
260	673	1
261	678	1
262	683	1
263	689	1
264	694	1
265	699	12
266	704	1
267	710	3
268	715	1
269	720	1
270	726	42
271	731	22
272	737	1
273	742	3
274	748	3
275	753	3
276	759	1
277	764	22
278	770	1
279	775	10
280	781	1
281	786	3
282	792	18
283	798	1
284	803	3
285	809	4
286	815	2
287	820	1
288	826	1
289	832	2
290	838	2
291	843	2
292	849	3
293	855	1
294	861	2
295	867	2
296	873	1
297	879	3
298	885	2
299	891	5
300	897	23
301	903	1
302	909	2
303	915	1
304	921	1
305	927	36
306	933	1
307	939	2
308	945	1
309	951	2
310	957	1
311	964	5
312	970	35
313	976	2
314	982	2
315	989	38
316	995	2
317	1001	2
318	1008	3
319	1014	2
320	1020	2
321	1027	3
322	1033	2
323	1040	2
324	1046	2
325	1053	2
326	1059	3
327	1066	2
328	1072	2
329	1079	8
330	1085	2
331	1092	2
332	1098	3
333	1105	2
334	1112	1
335	1118	2
336	1125	2
337	1132	4
338	1139	3
339	1145	2
340	1152	4
341	1159	2
342	1166	2
343	1173	3
344	1179	2
345	1186	5
346	1193	6
347	1200	3
348	1207	2
349	1214	3
350	1221	2
351	1228	2
352	1235	1
353	1242	2
354	1249	7
355	1256	4
356	1263	2
357	1270	50
358	1278	4
359	1285	2
360	1292	2
361	1299	2
362	1306	1
363	1314	2
364	1321	3
365	1328	6
366	1335	4
367	1343	4
368	1350	2
369	1357	2
370	1365	2
371	1372	2
372	1380	5
373	1387	3
374	1395	1
375	1402	4
376	1410	2
377	1417	2
378	1425	2
379	1432	4
380	1440	5
381	1447	2
382	1455	3
383	1463	2
384	1470	5
385	1478	1
386	1486	2
387	1493	4
388	1501	1
389	1509	4
390	1517	2
391	1524	3
392	1532	4
393	1540	4
394	1548	3
395	1556	1
396	1564	3
397	1572	4
398	1580	4
399	1588	4
400	1596	2
401	1604	5
402	1612	2
403	1620	2
404	1628	1
405	1636	2
406	1644	2
407	1652	6
408	1660	2
409	1668	4
410	1676	1
411	1685	4
412	1693	4
413	1701	2
414	1709	3
415	1718	2
416	1726	2
417	1734	4
418	1743	2
419	1751	5
420	1759	3
421	1768	1
422	1776	2
423	1785	5
424	1793	2
425	1802	2
426	1810	5
427	1819	2
428	1827	2
429	1836	13
430	1844	3
431	1853	2
432	1861	2
433	1870	4
434	1879	2
435	1887	2
436	1896	3
437	1905	2
438	1914	20
439	1922	3
440	1931	3
441	1940	4
442	1949	4
443	1958	3
444	1966	46
445	1975	3
446	1984	4
447	1993	3
448	2002	3
449	2011	2
450	2020	2
451	2029	3
452	2038	2
453	2047	3
454	2056	3
455	2065	3
456	2074	34
457	2083	2
458	2093	3
459	2102	4
460	2111	4
461	2120	4
462	2129	57
463	2139	3
464	2148	40
465	2157	3
466	2166	3
467	2176	3
468	2185	3
469	2194	3
470	2204	34
471	2213	3
472	2223	4
473	2232	29
474	2242	2
475	2251	4
476	2261	3
477	2270	4
478	2280	2
479	2289	3
480	2299	35
481	2308	4
482	2318	4
483	2328	2
484	2337	38
485	2347	4
486	2357	3
487	2366	34
488	2376	2
489	2386	3
490	2396	4
491	2405	3
492	2415	4
493	2425	4
494	2435	37
495	2445	3
496	2455	3
497	2465	19
498	2475	3
499	2485	3
500	2495	3
501	2505	28
502	2515	4
503	2525	3
504	2535	4
505	2545	33
506	2555	5
507	2565	3
508	2575	4
509	2585	3
510	2595	3
511	2606	52
512	2616	11
513	2626	3
514	2636	3
515	2647	3
516	2657	5
517	2667	3
518	2678	3
519	2688	4
520	2698	5
521	2709	3
522	2719	3
523	2730	3
524	2740	2
525	2751	4
526	2761	5
527	2772	3
528	2782	3
529	2793	5
530	2803	3
531	2814	5
532	2824	4
533	2835	5
534	2846	3
535	2856	2
536	2867	5
537	2878	4
538	2889	4
539	2899	2
540	2910	3
541	2921	5
542	2932	4
543	2943	2
544	2953	14
545	2964	3
546	2975	2
547	2986	5
548	2997	3
549	3008	2
550	3019	4
551	3030	4
552	3041	3
553	3052	6
554	3063	3
555	3074	3
556	3085	5
557	3096	6
558	3108	6
559	3119	3
560	3130	4
561	3141	3
562	3152	3
563	3164	5
564	3175	5
565	3186	5
566	3197	3
567	3209	3
568	3220	6
569	3231	3
570	3243	4
571	3254	3
572	3266	3
573	3277	3
574	3289	4
575	3300	6
576	3312	3
577	3323	4
578	3335	4
579	3346	5
580	3358	5
581	3369	4
582	3381	7
583	3393	2
584	3404	3
585	3416	3
586	3428	6
587	3439	4
588	3451	2
589	3463	3
590	3475	5
591	3486	4
592	3498	4
593	3510	4
594	3522	2
595	3534	5
596	3546	6
597	3558	3
598	3570	6
599	3582	5
600	3594	4
601	3606	4
602	3618	8
603	3630	3
604	3642	3
605	3654	3
606	3666	48
607	3678	5
608	3690	3
609	3702	5
610	3714	6
611	3727	8
612	3739	4
613	3751	4
614	3763	6
615	3776	3
616	3788	5
617	3800	4
618	3813	6
619	3825	4
620	3837	3
621	3850	4
622	3862	5
623	3875	5
624	3887	6
625	3900	5
626	3912	6
627	3925	3
628	3937	4
629	3950	6
630	3962	4
631	3975	4
632	3987	5
633	4000	3
634	4013	5
635	4025	6
636	4038	4
637	4051	3
638	4064	5
639	4076	4
640	4089	7
641	4102	4
642	4115	3
643	4128	6
644	4140	5
645	4153	4
646	4166	3
647	4179	4
648	4192	5
649	4205	4
650	4218	5
651	4231	7
652	4244	6
653	4257	7
654	4270	4
655	4283	4
656	4296	35
657	4309	5
658	4323	5
659	4336	4
660	4349	4
661	4362	4
662	4375	4
663	4389	4
664	4402	6
665	4415	4
666	4428	6
667	4442	15
668	4455	6
669	4468	4
670	4482	4
671	4495	4
672	4509	3
673	4522	3
674	4536	6
675	4549	4
676	4563	4
677	4576	6
678	4590	3
679	4603	3
680	4617	8
681	4630	5
682	4644	4
683	4658	4
684	4671	4
685	4685	4
686	4699	4
687	4712	4
688	4726	5
689	4740	5
690	4754	4
691	4767	5
692	4781	6
693	4795	4
694	4809	3
695	4823	6
696	4837	3
697	4851	9
698	4865	6
699	4879	8
700	4893	8
701	4907	3
702	4921	3
703	4935	4
704	4949	7
705	4963	4
706	4977	7
707	4991	4
708	5005	8
709	5019	5
710	5033	3
711	5048	4
712	5062	3
713	5076	6
714	5090	4
715	5105	40
716	5119	4
717	5133	3
718	5148	6
719	5162	4
720	5176	5
721	5191	5
722	5205	6
723	5220	5
724	5234	4
725	5249	3
726	5263	4
727	5278	3
728	5292	6
729	5307	4
730	5321	3
731	5336	5
732	5350	3
733	5365	11
734	5380	3
735	5394	3
736	5409	5
737	5424	7
738	5439	43
739	5453	5
740	5468	5
741	5483	4
742	5498	4
743	5513	8
744	5527	7
745	5542	7
746	5557	7
747	5572	4
748	5587	5
749	5602	6
750	5617	7
751	5632	5
752	5647	8
753	5662	5
754	5677	4
755	5692	3
756	5707	8
757	5722	5
758	5738	6
759	5753	8
760	5768	4
761	5783	8
762	5798	3
763	5814	4
764	5829	4
765	5844	5
766	5859	5
767	5875	8
768	5890	6
769	5905	10
770	5921	5
771	5936	4
772	5952	4
773	5967	4
774	5983	4
775	5998	9
776	6014	6
777	6029	4
778	6045	4
779	6060	19
780	6076	5
781	6091	3
782	6107	7
783	6123	5
784	6138	5
785	6154	5
786	6170	6
787	6185	5
788	6201	4
789	6217	7
790	6233	4
791	6248	8
792	6264	8
793	6280	9
794	6296	5
795	6312	8
796	6328	5
797	6344	4
798	6360	6
799	6376	7
800	6392	7
801	6408	4
802	6424	11
803	6440	5
804	6456	7
805	6472	3
806	6488	8
807	6504	4
808	6520	4
809	6536	5
810	6552	53
811	6569	9
812	6585	6
813	6601	6
814	6617	4
815	6634	4
816	6650	8
817	6666	11
818	6683	5
819	6699	10
820	6715	8
821	6732	9
822	6748	10
823	6765	9
824	6781	10
825	6798	10
826	6814	7
827	6831	5
828	6847	8
829	6864	9
830	6880	5
831	6897	9
832	6913	6
833	6930	4
834	6947	8
835	6963	10
836	6980	4
837	6997	6
838	7014	4
839	7030	11
840	7047	4
841	7064	4
842	7081	14
843	7098	8
844	7114	4
845	7131	10
846	7148	4
847	7165	13
848	7182	4
849	7199	11
850	7216	4
851	7233	4
852	7250	6
853	7267	8
854	7284	5
855	7301	5
856	7318	5
857	7335	6
858	7353	4
859	7370	4
860	7387	5
861	7404	8
862	7421	4
863	7439	5
864	7456	8
865	7473	6
866	7490	10
867	7508	8
868	7525	7
869	7542	11
870	7560	28
871	7577	5
872	7595	52
873	7612	7
874	7630	7
875	7647	5
876	7665	8
877	7682	40
878	7700	45
879	7717	7
880	7735	31
881	7752	5
882	7770	54
883	7788	9
884	7805	8
885	7823	39
886	7841	30
887	7858	55
888	7876	58
889	7894	7
890	7912	50
891	7929	29
892	7947	7
893	7965	46
894	7983	37
895	8001	5
896	8019	7
897	8037	50
898	8055	7
899	8073	8
900	8091	8
901	8109	9
902	8127	39
903	8145	5
904	8163	27
905	8181	50
906	8199	6
907	8217	7
908	8235	5
909	8253	5
910	8271	36
911	8290	8
912	8308	39
913	8326	36
914	8344	6
915	8363	71
916	8381	8
917	8399	53
918	8418	5
919	8436	5
920	8454	287
921	8473	38
922	8491	37
923	8510	8
924	8528	10
925	8547	8
926	8565	6
927	8584	7
928	8602	65
929	8621	27
930	8639	37
931	8658	8
932	8676	51
933	8695	10
934	8714	8
935	8732	25
936	8751	6
937	8770	39
938	8789	7
939	8807	47
940	8826	7
941	8845	6
942	8864	26
943	8883	56
944	8901	8
945	8920	50
946	8939	5
947	8958	51
948	8977	6
949	8996	7
950	9015	12
951	9034	6
952	9053	47
953	9072	9
954	9091	14
955	9110	44
956	9129	8
957	9148	41
958	9168	8
959	9187	60
960	9206	8
961	9225	8
962	9244	9
963	9264	6
964	9283	43
965	9302	38
966	9321	9
967	9341	6
968	9360	5
969	9379	51
970	9399	37
971	9418	41
972	9438	6
973	9457	50
974	9477	5
975	9496	44
976	9516	8
977	9535	46
978	9555	10
979	9574	39
980	9594	8
981	9613	49
982	9633	35
983	9653	7
984	9672	10
985	9692	42
986	9712	8
987	9731	10
988	9751	7
989	9771	6
990	9791	10
991	9810	28
992	9830	9
993	9850	6
994	9870	6
995	9890	6
996	9910	38
997	9930	8
998	9950	6
999	9970	9
1000	9990	9
