100	99	73
101	101	72
102	103	67
103	105	75
104	107	105
105	109	111
106	111	65
107	113	97
108	115	187
109	117	2441
110	119	76
111	122	80
112	124	62
113	126	87
114	128	86
115	131	82
116	133	100
117	135	600
118	138	247
119	140	92
120	142	94
121	145	90
122	147	70
123	150	85
124	152	76
125	155	332
126	157	689
127	160	365
128	162	550
129	165	471
130	167	390
131	170	314
132	172	464
133	175	107
134	178	171
135	180	111
136	183	118
137	186	169
138	189	154
139	191	144
140	194	367
141	197	119
142	200	170
143	203	151
144	205	284
145	208	135
146	211	136
147	214	302
148	217	321
149	220	137
150	223	325
151	226	466
152	229	115
153	232	696
154	235	202
155	238	147
156	241	749
157	244	133
158	248	95
159	251	745
160	254	161
161	257	324
162	260	221
163	264	766
164	267	133
165	270	442
166	273	682
167	277	217
168	280	1046
169	283	193
170	287	395
171	290	842
172	294	434
173	297	229
174	301	275
175	304	428
176	308	804
177	311	432
178	315	494
179	318	303
180	322	355
181	325	662
182	329	320
183	333	779
184	336	257
185	340	497
186	344	432
187	347	453
188	351	379
189	355	635
190	359	438
191	362	347
192	366	598
193	370	317
194	374	811
195	378	542
196	382	914
197	386	837
198	390	755
199	394	723
200	398	521
201	402	775
202	406	862
203	410	794
204	414	291
205	418	822
206	422	849
207	426	615
208	430	715
209	434	733
210	438	552
211	443	800
212	447	816
213	451	873
214	455	803
215	460	968
216	464	398
217	468	837
218	473	303
219	477	816
220	481	816
221	486	934
222	490	759
223	495	902
224	499	802
225	504	812
226	508	576
227	513	955
228	517	848
229	522	810
230	526	765
231	531	930
232	535	874
233	540	866
234	545	922
235	549	964
236	554	713
237	559	929
238	564	969
239	568	1131
240	573	919
241	578	288
242	583	1066
243	588	899
244	592	937
245	597	928
246	602	764
247	607	941
248	612	1042
249	617	549
250	622	711
251	627	1080
252	632	996
253	637	918
254	642	1010
255	647	1041
256	652	1023
257	657	1004
258	663	987
259	668	1061
260	673	1052
261	678	1032
262	683	928
263	689	1055
264	694	1121
265	699	1108
266	704	691
267	710	908
268	715	516
269	720	1152
270	726	1126
271	731	1056
272	737	1050
273	742	1177
274	748	1246
275	753	1082
276	759	1200
277	764	1055
278	770	1592
279	775	462
280	781	504
281	786	518
282	792	1399
283	798	1924
284	803	2025
285	809	1427
286	815	1147
287	820	935
288	826	1226
289	832	1270
290	838	1291
291	843	1288
292	849	1388
293	855	1225
294	861	1263
295	867	1126
296	873	1182
297	879	1366
298	885	1318
299	891	1353
300	897	1107
301	903	1494
302	909	811
303	915	1269
304	921	1241
305	927	1356
306	933	962
307	939	1201
308	945	1163
309	951	1242
310	957	1170
311	964	1128
312	970	1150
313	976	1393
314	982	1622
315	989	892
316	995	1248
317	1001	1186
318	1008	1386
319	1014	1301
320	1020	1238
321	1027	1350
322	1033	1278
323	1040	1357
324	1046	1231
325	1053	1284
326	1059	1243
327	1066	1258
328	1072	1335
329	1079	1195
330	1085	1228
331	1092	1454
332	1098	1189
333	1105	976
334	1112	1319
335	1118	1587
336	1125	867
337	1132	1500
338	1139	1317
339	1145	1322
340	1152	1357
341	1159	1457
342	1166	1416
343	1173	1348
344	1179	1469
345	1186	1472
346	1193	1200
347	1200	1508
348	1207	1423
349	1214	1394
350	1221	1455
351	1228	1465
352	1235	1547
353	1242	1367
354	1249	1536
355	1256	1497
356	1263	1505
357	1270	1659
358	1278	1574
359	1285	1666
360	1292	1656
361	1299	1546
362	1306	1662
363	1314	1669
364	1321	1545
365	1328	1457
366	1335	1182
367	1343	1362
368	1350	1679
369	1357	1348
370	1365	1481
371	1372	1571
372	1380	1586
373	1387	1604
374	1395	1593
375	1402	1445
376	1410	1389
377	1417	1404
378	1425	1469
379	1432	1473
380	1440	1543
381	1447	1583
382	1455	1506
383	1463	1516
384	1470	1497
385	1478	1499
386	1486	1562
387	1493	1769
388	1501	1689
389	1509	1709
390	1517	1567
391	1524	1507
392	1532	1716
393	1540	1610
394	1548	1688
395	1556	1704
396	1564	1721
397	1572	1817
398	1580	2045
399	1588	1808
400	1596	1827
401	1604	974
402	1612	1401
403	1620	1808
404	1628	1910
405	1636	1965
406	1644	1831
407	1652	2051
408	1660	1796
409	1668	1745
410	1676	2027
411	1685	1982
412	1693	1932
413	1701	1700
414	1709	1727
415	1718	1844
416	1726	1410
417	1734	1836
418	1743	1993
419	1751	2079
420	1759	2030
421	1768	2127
422	1776	2355
423	1785	2657
424	1793	1995
425	1802	1971
426	1810	2080
427	1819	2087
428	1827	2149
429	1836	2124
430	1844	2152
431	1853	1845
432	1861	2050
433	1870	2121
434	1879	2314
435	1887	1318
436	1896	1423
437	1905	1860
438	1914	2111
439	1922	2329
440	1931	2274
441	1940	2297
442	1949	2330
443	1958	2547
444	1966	2524
445	1975	2032
446	1984	2109
447	1993	2216
448	2002	2626
449	2011	2622
450	2020	2524
451	2029	2720
452	2038	2334
453	2047	2801
454	2056	2559
455	2065	2472
456	2074	2392
457	2083	2281
458	2093	2509
459	2102	2177
460	2111	2454
461	2120	2747
462	2129	1286
463	2139	2317
464	2148	2342
465	2157	2332
466	2166	2408
467	2176	2954
468	2185	2470
469	2194	2411
470	2204	2833
471	2213	2445
472	2223	2463
473	2232	2652
474	2242	2635
475	2251	2259
476	2261	2708
477	2270	2089
478	2280	2144
479	2289	2202
480	2299	2458
481	2308	2582
482	2318	2080
483	2328	2373
484	2337	2728
485	2347	2031
486	2357	2190
487	2366	2296
488	2376	2241
489	2386	2397
490	2396	2951
491	2405	2774
492	2415	2367
493	2425	2650
494	2435	2937
495	2445	3261
496	2455	3055
497	2465	2993
498	2475	2939
499	2485	2864
500	2495	2915
501	2505	2763
502	2515	2694
503	2525	2085
504	2535	2580
505	2545	2636
506	2555	2807
507	2565	2787
508	2575	2736
509	2585	2646
510	2595	2748
511	2606	2739
512	2616	2584
513	2626	2431
514	2636	2738
515	2647	2739
516	2657	2595
517	2667	2650
518	2678	2498
519	2688	2933
520	2698	2456
521	2709	2386
522	2719	1589
523	2730	2350
524	2740	2565
525	2751	3127
526	2761	2507
527	2772	2626
528	2782	2939
529	2793	2705
530	2803	2439
531	2814	3009
532	2824	2979
533	2835	2834
534	2846	2932
535	2856	3206
536	2867	3789
537	2878	3337
538	2889	2994
539	2899	3135
540	2910	3121
541	2921	3327
542	2932	2841
543	2943	2947
544	2953	3016
545	2964	2927
546	2975	2995
547	2986	2888
548	2997	2673
549	3008	2965
550	3019	2957
551	3030	2949
552	3041	3242
553	3052	3119
554	3063	2969
555	3074	3060
556	3085	2744
557	3096	2727
558	3108	2783
559	3119	2762
560	3130	2672
561	3141	2757
562	3152	2921
563	3164	3116
564	3175	2955
565	3186	3169
566	3197	2748
567	3209	3326
568	3220	2806
569	3231	2964
570	3243	2855
571	3254	3023
572	3266	3503
573	3277	3443
574	3289	3351
575	3300	3881
576	3312	3474
577	3323	3519
578	3335	3622
579	3346	3336
580	3358	3278
581	3369	3089
582	3381	2550
583	3393	2943
584	3404	2888
585	3416	3025
586	3428	2513
587	3439	2729
588	3451	3570
589	3463	3313
590	3475	3106
591	3486	3090
592	3498	3767
593	3510	2775
594	3522	2857
595	3534	2887
596	3546	3694
597	3558	3142
598	3570	3024
599	3582	2931
600	3594	3641
601	3606	3150
602	3618	3186
603	3630	2533
604	3642	2966
605	3654	2899
606	3666	3434
607	3678	2513
608	3690	3263
609	3702	3371
610	3714	3876
611	3727	3452
612	3739	3503
613	3751	3498
614	3763	3270
615	3776	3440
616	3788	3898
617	3800	3810
618	3813	3508
619	3825	3696
620	3837	3440
621	3850	3547
622	3862	3081
623	3875	3447
624	3887	3558
625	3900	3428
626	3912	3418
627	3925	3541
628	3937	3168
629	3950	3228
630	3962	3532
631	3975	3103
632	3987	3656
633	4000	3141
634	4013	3340
635	4025	3428
636	4038	3662
637	4051	3053
638	4064	2969
639	4076	3941
640	4089	3876
641	4102	3335
642	4115	3472
643	4128	3347
644	4140	3640
645	4153	2971
646	4166	3604
647	4179	3615
648	4192	2977
649	4205	3461
650	4218	3408
651	4231	3496
652	4244	3039
653	4257	2787
654	4270	3688
655	4283	3707
656	4296	3887
657	4309	3611
658	4323	3602
659	4336	3962
660	4349	3848
661	4362	4288
662	4375	3931
663	4389	3756
664	4402	3930
665	4415	4439
666	4428	3291
667	4442	3719
668	4455	3094
669	4468	4171
670	4482	3419
671	4495	4056
672	4509	2062
673	4522	3851
674	4536	3877
675	4549	3676
676	4563	3719
677	4576	3546
678	4590	2994
679	4603	3673
680	4617	4342
681	4630	4010
682	4644	4088
683	4658	4088
684	4671	4202
685	4685	4123
686	4699	4449
687	4712	3397
688	4726	4455
689	4740	4400
690	4754	4374
691	4767	3799
692	4781	3009
693	4795	4273
694	4809	4154
695	4823	4295
696	4837	4288
697	4851	5334
698	4865	4250
699	4879	4238
700	4893	4091
701	4907	3997
702	4921	4098
703	4935	4181
704	4949	4277
705	4963	3754
706	4977	3823
707	4991	4511
708	5005	4132
709	5019	2342
710	5033	4557
711	5048	4020
712	5062	4231
713	5076	3793
714	5090	4937
715	5105	4213
716	5119	4117
717	5133	2734
718	5148	5870
719	5162	4224
720	5176	4715
721	5191	3308
722	5205	5714
723	5220	5188
724	5234	5015
725	5249	4658
726	5263	3490
727	5278	5065
728	5292	4698
729	5307	4645
730	5321	4474
731	5336	3804
732	5350	4967
733	5365	4618
734	5380	4254
735	5394	4644
736	5409	4056
737	5424	4928
738	5439	4257
739	5453	4776
740	5468	3440
741	5483	3786
742	5498	4039
743	5513	4775
744	5527	5058
745	5542	4014
746	5557	4828
747	5572	4853
748	5587	4830
749	5602	4557
750	5617	4736
751	5632	5106
752	5647	4741
753	5662	5081
754	5677	4452
755	5692	4392
756	5707	4492
757	5722	4186
758	5738	4386
759	5753	4869
760	5768	4189
761	5783	5523
762	5798	4509
763	5814	4436
764	5829	4858
765	5844	2769
766	5859	5037
767	5875	4596
768	5890	4563
769	5905	4520
770	5921	5234
771	5936	4563
772	5952	4472
773	5967	4739
774	5983	5394
775	5998	4854
776	6014	4148
777	6029	4461
778	6045	3815
779	6060	4206
780	6076	4678
781	6091	4849
782	6107	4111
783	6123	4822
784	6138	3702
785	6154	4586
786	6170	4447
787	6185	4805
788	6201	4012
789	6217	4614
790	6233	5109
791	6248	4584
792	6264	3539
793	6280	4667
794	6296	4512
795	6312	4661
796	6328	5114
797	6344	4136
798	6360	5062
799	6376	4671
800	6392	5304
801	6408	4464
802	6424	4963
803	6440	3622
804	6456	5532
805	6472	5446
806	6488	5298
807	6504	5267
808	6520	5001
809	6536	6195
810	6552	5215
811	6569	6347
812	6585	5285
813	6601	5395
814	6617	5132
815	6634	5961
816	6650	4762
817	6666	4491
818	6683	5203
819	6699	4983
820	6715	4836
821	6732	5147
822	6748	5096
823	6765	5118
824	6781	4968
825	6798	4482
826	6814	4814
827	6831	4689
828	6847	5220
829	6864	5148
830	6880	5325
831	6897	4241
832	6913	5027
833	6930	5022
834	6947	5134
835	6963	5895
836	6980	5453
837	6997	5168
838	7014	5284
839	7030	4975
840	7047	6336
841	7064	4718
842	7081	5470
843	7098	4878
844	7114	5520
845	7131	5813
846	7148	6840
847	7165	6125
848	7182	5951
849	7199	4912
850	7216	5695
851	7233	5881
852	7250	5169
853	7267	5155
854	7284	6059
855	7301	5974
856	7318	5080
857	7335	4834
858	7353	5146
859	7370	5245
860	7387	5224
861	7404	5414
862	7421	5435
863	7439	5481
864	7456	5679
865	7473	6227
866	7490	7027
867	7508	6536
868	7525	6025
869	7542	6195
870	7560	5392
871	7577	7549
872	7595	6178
873	7612	7407
874	7630	7454
875	7647	6933
876	7665	7226
877	7682	3510
878	7700	6409
879	7717	6839
880	7735	6477
881	7752	7757
882	7770	7348
883	7788	7760
884	7805	6872
885	7823	6841
886	7841	6008
887	7858	6689
888	7876	6076
889	7894	6025
890	7912	6180
891	7929	6556
892	7947	7302
893	7965	6802
894	7983	8061
895	8001	7624
896	8019	5617
897	8037	6612
898	8055	6212
899	8073	6300
900	8091	6416
901	8109	6459
902	8127	7057
903	8145	7283
904	8163	6609
905	8181	5859
906	8199	5187
907	8217	6876
908	8235	7379
909	8253	6079
910	8271	9079
911	8290	8152
912	8308	7158
913	8326	7555
914	8344	7818
915	8363	6885
916	8381	6287
917	8399	6415
918	8418	5472
919	8436	6297
920	8454	7218
921	8473	6459
922	8491	6795
923	8510	5758
924	8528	7592
925	8547	4841
926	8565	6570
927	8584	6682
928	8602	7362
929	8621	7079
930	8639	7618
931	8658	7323
932	8676	7063
933	8695	7620
934	8714	7227
935	8732	6259
936	8751	7322
937	8770	6527
938	8789	7387
939	8807	8096
940	8826	7878
941	8845	7193
942	8864	6313
943	8883	7288
944	8901	7963
945	8920	7129
946	8939	7349
947	8958	6930
948	8977	7716
949	8996	6854
950	9015	6528
951	9034	5704
952	9053	6249
953	9072	5638
954	9091	7278
955	9110	6783
956	9129	7607
957	9148	6955
958	9168	7495
959	9187	6937
960	9206	5978
961	9225	6694
962	9244	8210
963	9264	7409
964	9283	7712
965	9302	7977
966	9321	7121
967	9341	7878
968	9360	7845
969	9379	8087
970	9399	7790
971	9418	6981
972	9438	7791
973	9457	7086
974	9477	8040
975	9496	8496
976	9516	7453
977	9535	7128
978	9555	8311
979	9574	7888
980	9594	6034
981	9613	6923
982	9633	7110
983	9653	6900
984	9672	6298
985	9692	8180
986	9712	8141
987	9731	7466
988	9751	6234
989	9771	7206
990	9791	6302
991	9810	6719
992	9830	4797
993	9850	7175
994	9870	7938
995	9890	6437
996	9910	6001
997	9930	6973
998	9950	8706
999	9970	8098
1000	9990	7047
