100	2475	70
101	2525	73
102	2575	68
103	2626	51
104	2678	110
105	2730	66
106	2782	57
107	2835	62
108	2889	99
109	2943	73
110	2997	74
111	3052	78
112	3108	83
113	3164	91
114	3220	80
115	3277	88
116	3335	204
117	3393	92
118	3451	94
119	3510	191
120	3570	91
121	3630	221
122	3690	95
123	3751	157
124	3813	233
125	3875	96
126	3937	104
127	4000	83
128	4064	118
129	4128	141
130	4192	323
131	4257	326
132	4323	91
133	4389	125
134	4455	167
135	4522	625
136	4590	131
137	4658	395
138	4726	224
139	4795	420
140	4865	129
141	4935	203
142	5005	800
143	5076	354
144	5148	135
145	5220	375
146	5292	156
147	5365	443
148	5439	237
149	5513	161
150	5587	632
151	5662	721
152	5738	453
153	5814	731
154	5890	152
155	5967	564
156	6045	167
157	6123	163
158	6201	120
159	6280	209
160	6360	832
161	6440	156
162	6520	167
163	6601	165
164	6683	334
165	6765	421
166	6847	472
167	6930	147
168	7014	472
169	7098	596
170	7182	238
171	7267	230
172	7353	194
173	7439	199
174	7525	186
175	7612	150
176	7700	194
177	7788	944
178	7876	600
179	7965	216
180	8055	580
181	8145	221
182	8235	230
183	8326	217
184	8418	165
185	8510	223
186	8602	333
187	8695	493
188	8789	234
189	8883	182
190	8977	195
191	9072	225
192	9168	293
193	9264	501
194	9360	180
195	9457	180
196	9555	478
197	9653	813
198	9751	731
199	9850	218
200	9950	243
201	10050	1184
202	10150	446
203	10251	212
204	10353	208
205	10455	1436
206	10557	544
207	10660	1243
208	10764	265
209	10868	746
210	10972	369
211	11077	619
212	11183	1925
213	11289	1262
214	11395	650
215	11502	302
216	11610	808
217	11718	688
218	11826	511
219	11935	1532
220	12045	520
221	12155	647
222	12265	306
223	12376	287
224	12488	295
225	12600	332
226	12712	1568
227	12825	897
228	12939	335
229	13053	806
230	13167	1230
231	13282	1405
232	13398	1858
233	13514	1737
234	13630	1720
235	13747	958
236	13865	1404
237	13983	908
238	14101	400
239	14220	1199
240	14340	277
241	14460	731
242	14580	498
243	14701	344
244	14823	809
245	14945	1310
246	15067	1498
247	15190	663
248	15314	291
249	15438	660
250	15562	1527
251	15687	427
252	15813	408
253	15939	314
254	16065	357
255	16192	374
256	16320	699
257	16448	940
258	16576	885
259	16705	707
260	16835	669
261	16965	313
262	17095	1095
263	17226	867
264	17358	1074
265	17490	2427
266	17622	1118
267	17755	700
268	17889	980
269	18023	598
270	18157	445
271	18292	867
272	18428	1573
273	18564	459
274	18700	542
275	18837	498
276	18975	580
277	19113	397
278	19251	473
279	19390	2827
280	19530	398
281	19670	377
282	19810	663
283	19951	410
284	20093	3966
285	20235	482
286	20377	497
287	20520	2498
288	20664	478
289	20808	2263
290	20952	775
291	21097	1488
292	21243	560
293	21389	472
294	21535	913
295	21682	1674
296	21830	627
297	21978	619
298	22126	1138
299	22275	1003
300	22425	2791
301	22575	796
302	22725	1771
303	22876	599
304	23028	542
305	23180	477
306	23332	5109
307	23485	594
308	23639	1917
309	23793	1646
310	23947	2750
311	24102	1913
312	24258	912
313	24414	1433
314	24570	1635
315	24727	461
316	24885	1934
317	25043	1382
318	25201	592
319	25360	551
320	25520	821
321	25680	1391
322	25840	667
323	26001	549
324	26163	517
325	26325	1360
326	26487	586
327	26650	596
328	26814	517
329	26978	2460
330	27142	1282
331	27307	1193
332	27473	2106
333	27639	1119
334	27805	3659
335	27972	589
336	28140	540
337	28308	611
338	28476	1739
339	28645	3223
340	28815	607
341	28985	653
342	29155	662
343	29326	2884
344	29498	4609
345	29670	2578
346	29842	1212
347	30015	2517
348	30189	1583
349	30363	1700
350	30537	839
351	30712	1501
352	30888	3149
353	31064	788
354	31240	712
355	31417	584
356	31595	636
357	31773	734
358	31951	710
359	32130	1791
360	32310	890
361	32490	2509
362	32670	3813
363	32851	2540
364	33033	3288
365	33215	2613
366	33397	625
367	33580	2888
368	33764	798
369	33948	1820
370	34132	2219
371	34317	1498
372	34503	1015
373	34689	677
374	34875	1035
375	35062	919
376	35250	1129
377	35438	1486
378	35626	3718
379	35815	3255
380	36005	702
381	36195	2061
382	36385	1300
383	36576	2983
384	36768	3315
385	36960	1258
386	37152	2529
387	37345	955
388	37539	1144
389	37733	1376
390	37927	934
391	38122	1845
392	38318	1474
393	38514	1021
394	38710	1037
395	38907	4246
396	39105	1645
397	39303	1086
398	39501	1559
399	39700	1599
400	39900	1940
401	40100	909
402	40300	835
403	40501	4998
404	40703	774
405	40905	2230
406	41107	1157
407	41310	3673
408	41514	5386
409	41718	3546
410	41922	1809
411	42127	1290
412	42333	2604
413	42539	2511
414	42745	1724
415	42952	2458
416	43160	1384
417	43368	1583
418	43576	1582
419	43785	1099
420	43995	1388
421	44205	1700
422	44415	5184
423	44626	3927
424	44838	4948
425	45050	2461
426	45262	5616
427	45475	1093
428	45689	1019
429	45903	5799
430	46117	1128
431	46332	3418
432	46548	4720
433	46764	1210
434	46980	1229
435	47197	1134
436	47415	1417
437	47633	1208
438	47851	3615
439	48070	1551
440	48290	1686
441	48510	1148
442	48730	3408
443	48951	3043
444	49173	2762
445	49395	1006
446	49617	1871
447	49840	1217
448	50064	1410
449	50288	1985
450	50512	1162
451	50737	1131
452	50963	1666
453	51189	2547
454	51415	3417
455	51642	1055
456	51870	2035
457	52098	6405
458	52326	4794
459	52555	1786
460	52785	1154
461	53015	1599
462	53245	1389
463	53476	1617
464	53708	3526
465	53940	1202
466	54172	6441
467	54405	1106
468	54639	1816
469	54873	3286
470	55107	6051
471	55342	2010
472	55578	5272
473	55814	5029
474	56050	5045
475	56287	3189
476	56525	3812
477	56763	1573
478	57001	4438
479	57240	4022
480	57480	1515
481	57720	1477
482	57960	7441
483	58201	3582
484	58443	2063
485	58685	6455
486	58927	3343
487	59170	3401
488	59414	2137
489	59658	2904
490	59902	6741
491	60147	1368
492	60393	1517
493	60639	1488
494	60885	3347
495	61132	3725
496	61380	2164
497	61628	6547
498	61876	1377
499	62125	1258
500	62375	3674
501	62625	1354
502	62875	4596
503	63126	1594
504	63378	5000
505	63630	3503
506	63882	6132
507	64135	1632
508	64389	3153
509	64643	6437
510	64897	1376
511	65152	2212
512	65408	1316
513	65664	10601
514	65920	1641
515	66177	4626
516	66435	1735
517	66693	1658
518	66951	1569
519	67210	1344
520	67470	8009
521	67730	2855
522	67990	8529
523	68251	2446
524	68513	1790
525	68775	5876
526	69037	4129
527	69300	1713
528	69564	4193
529	69828	3148
530	70092	1646
531	70357	1660
532	70623	1644
533	70889	2050
534	71155	3581
535	71422	6859
536	71690	1789
537	71958	6321
538	72226	5825
539	72495	2483
540	72765	2073
541	73035	2985
542	73305	1953
543	73576	10468
544	73848	1460
545	74120	5758
546	74392	1965
547	74665	1481
548	74939	6775
549	75213	2099
550	75487	1457
551	75762	2025
552	76038	7278
553	76314	4285
554	76590	4671
555	76867	6865
556	77145	2809
557	77423	2569
558	77701	2876
559	77980	1780
560	78260	5501
561	78540	3671
562	78820	2125
563	79101	8720
564	79383	2889
565	79665	7230
566	79947	4814
567	80230	4075
568	80514	8116
569	80798	5258
570	81082	3782
571	81367	2268
572	81653	1518
573	81939	1910
574	82225	2669
575	82512	4909
576	82800	4817
577	83088	1707
578	83376	1658
579	83665	2054
580	83955	2952
581	84245	5427
582	84535	2232
583	84826	3012
584	85118	4701
585	85410	3983
586	85702	7106
587	85995	3703
588	86289	1731
589	86583	6825
590	86877	4292
591	87172	4427
592	87468	2448
593	87764	3035
594	88060	6305
595	88357	1759
596	88655	2340
597	88953	4865
598	89251	2242
599	89550	2735
600	89850	2533
601	90150	8023
602	90450	2219
603	90751	3562
604	91053	2642
605	91355	2374
606	91657	5122
607	91960	6735
608	92264	5659
609	92568	2695
610	92872	2067
611	93177	7601
612	93483	2106
613	93789	2392
614	94095	6897
615	94402	2094
616	94710	4001
617	95018	1861
618	95326	2605
619	95635	2240
620	95945	4177
621	96255	2258
622	96565	2590
623	96876	3186
624	97188	5072
625	97500	4288
626	97812	3259
627	98125	2854
628	98439	2449
629	98753	4671
630	99067	3568
631	99382	2529
632	99698	3649
633	100014	2665
634	100330	2027
635	100647	2125
636	100965	4889
637	101283	2527
638	101601	2917
639	101920	10346
640	102240	8670
641	102560	7550
642	102880	2689
643	103201	8686
644	103523	7291
645	103845	3115
646	104167	2463
647	104490	4714
648	104814	2185
649	105138	2886
650	105462	4689
651	105787	3220
652	106113	4316
653	106439	2247
654	106765	6994
655	107092	2869
656	107420	6287
657	107748	2292
658	108076	8244
659	108405	9760
660	108735	6912
661	109065	3881
662	109395	2192
663	109726	3222
664	110058	4371
665	110390	6849
666	110722	6171
667	111055	3483
668	111389	9297
669	111723	2313
670	112057	2940
671	112392	2793
672	112728	3966
673	113064	3262
674	113400	5911
675	113737	2582
676	114075	2584
677	114413	3203
678	114751	3471
679	115090	4285
680	115430	2437
681	115770	8887
682	116110	5782
683	116451	4462
684	116793	5533
685	117135	14129
686	117477	6442
687	117820	5784
688	118164	3005
689	118508	8243
690	118852	4382
691	119197	6980
692	119543	3180
693	119889	6203
694	120235	2725
695	120582	3754
696	120930	3952
697	121278	7736
698	121626	3008
699	121975	2499
700	122325	3750
701	122675	3778
702	123025	11306
703	123376	3551
704	123728	3405
705	124080	12286
706	124432	2930
707	124785	3041
708	125139	3767
709	125493	3085
710	125847	3674
711	126202	14010
712	126558	4475
713	126914	8641
714	127270	4144
715	127627	10175
716	127985	6168
717	128343	3391
718	128701	5043
719	129060	10547
720	129420	6814
721	129780	8252
722	130140	3065
723	130501	5477
724	130863	9296
725	131225	2721
726	131587	5520
727	131950	14580
728	132314	10944
729	132678	18088
730	133042	11583
731	133407	8197
732	133773	3720
733	134139	7654
734	134505	11225
735	134872	5492
736	135240	3498
737	135608	3635
738	135976	8411
739	136345	3523
740	136715	3597
741	137085	12171
742	137455	3283
743	137826	3391
744	138198	4239
745	138570	8901
746	138942	10178
747	139315	3284
748	139689	3859
749	140063	3887
750	140437	3385
751	140812	13566
752	141188	3861
753	141564	10164
754	141940	19311
755	142317	11085
756	142695	13976
757	143073	4952
758	143451	3967
759	143830	2985
760	144210	5631
761	144590	7425
762	144970	4041
763	145351	4712
764	145733	4089
765	146115	11065
766	146497	5796
767	146880	5419
768	147264	4135
769	147648	3400
770	148032	12487
771	148417	4677
772	148803	10446
773	149189	3031
774	149575	11168
775	149962	9612
776	150350	9682
777	150738	3818
778	151126	6022
779	151515	4116
780	151905	4177
781	152295	4236
782	152685	3192
783	153076	5746
784	153468	3929
785	153860	13774
786	154252	4974
787	154645	3938
788	155039	17018
789	155433	3626
790	155827	12566
791	156222	5065
792	156618	10634
793	157014	3733
794	157410	6064
795	157807	4961
796	158205	4456
797	158603	3222
798	159001	4571
799	159400	4194
800	159800	3049
801	160200	13988
802	160600	5254
803	161001	4947
804	161403	4354
805	161805	6620
806	162207	7217
807	162610	7715
808	163014	19788
809	163418	4092
810	163822	9143
811	164227	6926
812	164633	8196
813	165039	8420
814	165445	7262
815	165852	14591
816	166260	4319
817	166668	3671
818	167076	4946
819	167485	14922
820	167895	5004
821	168305	13529
822	168715	13196
823	169126	6085
824	169538	7066
825	169950	13523
826	170362	9161
827	170775	14791
828	171189	4327
829	171603	3363
830	172017	3560
831	172432	11793
832	172848	17565
833	173264	5166
834	173680	18708
835	174097	10246
836	174515	14515
837	174933	5727
838	175351	3488
839	175770	7027
840	176190	3885
841	176610	21351
842	177030	10050
843	177451	17016
844	177873	18212
845	178295	5900
846	178717	7930
847	179140	4695
848	179564	12320
849	179988	10447
850	180412	6073
851	180837	5862
852	181263	10937
853	181689	5368
854	182115	9351
855	182542	12366
856	182970	3942
857	183398	4742
858	183826	17169
859	184255	15314
860	184685	9714
861	185115	6672
862	185545	4217
863	185976	9292
864	186408	11341
865	186840	5003
866	187272	5782
867	187705	6521
868	188139	19825
869	188573	16014
870	189007	15179
871	189442	4526
872	189878	4607
873	190314	4790
874	190750	9913
875	191187	4445
876	191625	22421
877	192063	6880
878	192501	11130
879	192940	3954
880	193380	23106
881	193820	6350
882	194260	9933
883	194701	9777
884	195143	13296
885	195585	24514
886	196027	10007
887	196470	8062
888	196914	21468
889	197358	11381
890	197802	13850
891	198247	4668
892	198693	6651
893	199139	5416
894	199585	13571
895	200032	5995
896	200480	7920
897	200928	4564
898	201376	11941
899	201825	6080
900	202275	19733
901	202725	15266
902	203175	21504
903	203626	13103
904	204078	7739
905	204530	6446
906	204982	16228
907	205435	6021
908	205889	27961
909	206343	12086
910	206797	16124
911	207252	5389
912	207708	5474
913	208164	8990
914	208620	6237
915	209077	17978
916	209535	25591
917	209993	19538
918	210451	5432
919	210910	20645
920	211370	7377
921	211830	6184
922	212290	15273
923	212751	6560
924	213213	8879
925	213675	15512
926	214137	18758
927	214600	7028
928	215064	5446
929	215528	5783
930	215992	7919
931	216457	6482
932	216923	7786
933	217389	5688
934	217855	7118
935	218322	15227
936	218790	6129
937	219258	5924
938	219726	7308
939	220195	21616
940	220665	6230
941	221135	27957
942	221605	6336
943	222076	6135
944	222548	7667
945	223020	5260
946	223492	8466
947	223965	10128
948	224439	5879
949	224913	6430
950	225387	9371
951	225862	8406
952	226338	12218
953	226814	14216
954	227290	28549
955	227767	6173
956	228245	13923
957	228723	18304
958	229201	5309
959	229680	6646
960	230160	7139
961	230640	5277
962	231120	14020
963	231601	7173
964	232083	20883
965	232565	5541
966	233047	6626
967	233530	7893
968	234014	7870
969	234498	14547
970	234982	8906
971	235467	7165
972	235953	16679
973	236439	10295
974	236925	19585
975	237412	21109
976	237900	7483
977	238388	6538
978	238876	7356
979	239365	9147
980	239855	12819
981	240345	10619
982	240835	29369
983	241326	8538
984	241818	7918
985	242310	22684
986	242802	6603
987	243295	21215
988	243789	16757
989	244283	11459
990	244777	7944
991	245272	6710
992	245768	7779
993	246264	7852
994	246760	17310
995	247257	10843
996	247755	8819
997	248253	8128
998	248751	5329
999	249250	7425
1000	249750	7405
