100	99	32
101	101	29
102	103	35
103	105	30
104	107	34
105	109	39
106	111	30
107	113	31
108	115	22
109	117	623
110	119	62
111	122	40
112	124	28
113	126	111
114	128	29
115	131	28
116	133	23
117	135	63
118	138	175
119	140	255
120	142	166
121	145	233
122	147	308
123	150	38
124	152	44
125	155	41
126	157	46
127	160	125
128	162	33
129	165	54
130	167	64
131	170	122
132	172	37
133	175	61
134	178	46
135	180	47
136	183	48
137	186	39
138	189	39
139	191	42
140	194	52
141	197	50
142	200	51
143	203	66
144	205	53
145	208	44
146	211	218
147	214	69
148	217	56
149	220	237
150	223	72
151	226	42
152	229	210
153	232	120
154	235	70
155	238	247
156	241	53
157	244	72
158	248	126
159	251	88
160	254	74
161	257	196
162	260	141
163	264	51
164	267	253
165	270	170
166	273	79
167	277	75
168	280	62
169	283	324
170	287	240
171	290	211
172	294	55
173	297	112
174	301	368
175	304	96
176	308	68
177	311	135
178	315	207
179	318	75
180	322	212
181	325	91
182	329	428
183	333	352
184	336	132
185	340	112
186	344	110
187	347	183
188	351	95
189	355	237
190	359	94
191	362	553
192	366	100
193	370	346
194	374	107
195	378	109
196	382	71
197	386	96
198	390	84
199	394	81
200	398	121
201	402	253
202	406	292
203	410	85
204	414	97
205	418	407
206	422	116
207	426	199
208	430	486
209	434	85
210	438	93
211	443	426
212	447	87
213	451	86
214	455	97
215	460	306
216	464	117
217	468	92
218	473	273
219	477	93
220	481	138
221	486	125
222	490	104
223	495	192
224	499	384
225	504	143
226	508	327
227	513	106
228	517	144
229	522	149
230	526	398
231	531	166
232	535	152
233	540	297
234	545	170
235	549	415
236	554	101
237	559	137
238	564	151
239	568	150
240	573	147
241	578	143
242	583	458
243	588	116
244	592	126
245	597	233
246	602	116
247	607	476
248	612	142
249	617	174
250	622	120
251	627	172
252	632	118
253	637	123
254	642	136
255	647	149
256	652	458
257	657	142
258	663	150
259	668	500
260	673	143
261	678	136
262	683	138
263	689	196
264	694	349
265	699	149
266	704	133
267	710	140
268	715	152
269	720	150
270	726	128
271	731	149
272	737	373
273	742	319
274	748	148
275	753	161
276	759	169
277	764	145
278	770	165
279	775	179
280	781	188
281	786	153
282	792	146
283	798	149
284	803	346
285	809	601
286	815	165
287	820	155
288	826	173
289	832	530
290	838	395
291	843	176
292	849	426
293	855	171
294	861	728
295	867	372
296	873	230
297	879	176
298	885	190
299	891	188
300	897	196
301	903	192
302	909	327
303	915	645
304	921	180
305	927	216
306	933	206
307	939	790
308	945	625
309	951	225
310	957	193
311	964	194
312	970	211
313	976	223
314	982	206
315	989	220
316	995	196
317	1001	232
318	1008	207
319	1014	211
320	1020	804
321	1027	759
322	1033	267
323	1040	215
324	1046	211
325	1053	225
326	1059	214
327	1066	225
328	1072	214
329	1079	203
330	1085	222
331	1092	222
332	1098	541
333	1105	203
334	1112	215
335	1118	280
336	1125	693
337	1132	242
338	1139	234
339	1145	229
340	1152	196
341	1159	218
342	1166	218
343	1173	229
344	1179	227
345	1186	309
346	1193	234
347	1200	240
348	1207	258
349	1214	233
350	1221	218
351	1228	244
352	1235	230
353	1242	869
354	1249	346
355	1256	239
356	1263	697
357	1270	239
358	1278	235
359	1285	245
360	1292	240
361	1299	266
362	1306	236
363	1314	260
364	1321	247
365	1328	282
366	1335	236
367	1343	241
368	1350	266
369	1357	249
370	1365	325
371	1372	252
372	1380	244
373	1387	256
374	1395	263
375	1402	263
376	1410	253
377	1417	266
378	1425	265
379	1432	256
380	1440	248
381	1447	356
382	1455	682
383	1463	299
384	1470	262
385	1478	373
386	1486	347
387	1493	343
388	1501	308
389	1509	280
390	1517	324
391	1524	318
392	1532	325
393	1540	309
394	1548	339
395	1556	297
396	1564	292
397	1572	344
398	1580	308
399	1588	376
400	1596	306
401	1604	656
402	1612	303
403	1620	307
404	1628	294
405	1636	320
406	1644	294
407	1652	311
408	1660	292
409	1668	321
410	1676	342
411	1685	316
412	1693	325
413	1701	348
414	1709	309
415	1718	324
416	1726	422
417	1734	317
418	1743	350
419	1751	404
420	1759	330
421	1768	682
422	1776	430
423	1785	341
424	1793	371
425	1802	373
426	1810	391
427	1819	325
428	1827	434
429	1836	338
430	1844	541
431	1853	328
432	1861	354
433	1870	410
434	1879	431
435	1887	406
436	1896	456
437	1905	383
438	1914	531
439	1922	450
440	1931	494
441	1940	366
442	1949	398
443	1958	503
444	1966	445
445	1975	394
446	1984	419
447	1993	449
448	2002	424
449	2011	497
450	2020	437
451	2029	547
452	2038	448
453	2047	429
454	2056	430
455	2065	423
456	2074	471
457	2083	410
458	2093	399
459	2102	740
460	2111	427
461	2120	442
462	2129	673
463	2139	420
464	2148	476
465	2157	488
466	2166	468
467	2176	472
468	2185	428
469	2194	453
470	2204	526
471	2213	528
472	2223	494
473	2232	554
474	2242	428
475	2251	417
476	2261	435
477	2270	486
478	2280	473
479	2289	488
480	2299	500
481	2308	534
482	2318	482
483	2328	455
484	2337	458
485	2347	501
486	2357	495
487	2366	492
488	2376	562
489	2386	507
490	2396	494
491	2405	471
492	2415	526
493	2425	542
494	2435	503
495	2445	528
496	2455	468
497	2465	469
498	2475	601
499	2485	599
500	2495	1339
501	2505	454
502	2515	480
503	2525	774
504	2535	552
505	2545	484
506	2555	493
507	2565	1115
508	2575	488
509	2585	537
510	2595	688
511	2606	1181
512	2616	568
513	2626	1193
514	2636	538
515	2647	532
516	2657	583
517	2667	516
518	2678	524
519	2688	532
520	2698	499
521	2709	644
522	2719	562
523	2730	572
524	2740	513
525	2751	536
526	2761	541
527	2772	537
528	2782	696
529	2793	540
530	2803	530
531	2814	575
532	2824	960
533	2835	717
534	2846	820
535	2856	772
536	2867	551
537	2878	560
538	2889	596
539	2899	642
540	2910	608
541	2921	561
542	2932	590
543	2943	769
544	2953	671
545	2964	615
546	2975	597
547	2986	558
548	2997	577
549	3008	614
550	3019	544
551	3030	585
552	3041	629
553	3052	860
554	3063	570
555	3074	1152
556	3085	566
557	3096	620
558	3108	595
559	3119	636
560	3130	640
561	3141	609
562	3152	645
563	3164	628
564	3175	598
565	3186	806
566	3197	1260
567	3209	705
568	3220	606
569	3231	682
570	3243	655
571	3254	580
572	3266	1275
573	3277	739
574	3289	672
575	3300	634
576	3312	655
577	3323	614
578	3335	704
579	3346	631
580	3358	687
581	3369	613
582	3381	773
583	3393	699
584	3404	1116
585	3416	630
586	3428	1224
587	3439	795
588	3451	809
589	3463	655
590	3475	639
591	3486	610
592	3498	686
593	3510	618
594	3522	701
595	3534	745
596	3546	657
597	3558	816
598	3570	662
599	3582	717
600	3594	670
601	3606	729
602	3618	1339
603	3630	709
604	3642	689
605	3654	662
606	3666	680
607	3678	786
608	3690	655
609	3702	762
610	3714	1402
611	3727	797
612	3739	824
613	3751	868
614	3763	828
615	3776	1029
616	3788	1546
617	3800	839
618	3813	712
619	3825	822
620	3837	838
621	3850	793
622	3862	851
623	3875	776
624	3887	806
625	3900	1159
626	3912	746
627	3925	998
628	3937	779
629	3950	1249
630	3962	889
631	3975	838
632	3987	877
633	4000	710
634	4013	845
635	4025	846
636	4038	1055
637	4051	815
638	4064	911
639	4076	699
640	4089	1139
641	4102	775
642	4115	788
643	4128	835
644	4140	1513
645	4153	1434
646	4166	1013
647	4179	920
648	4192	903
649	4205	851
650	4218	935
651	4231	1035
652	4244	964
653	4257	958
654	4270	943
655	4283	965
656	4296	861
657	4309	1396
658	4323	864
659	4336	1825
660	4349	939
661	4362	1530
662	4375	958
663	4389	874
664	4402	1060
665	4415	893
666	4428	861
667	4442	934
668	4455	965
669	4468	934
670	4482	906
671	4495	1116
672	4509	915
673	4522	1025
674	4536	1779
675	4549	1023
676	4563	970
677	4576	918
678	4590	900
679	4603	1475
680	4617	2000
681	4630	1030
682	4644	910
683	4658	1498
684	4671	1644
685	4685	958
686	4699	1214
687	4712	924
688	4726	958
689	4740	912
690	4754	961
691	4767	951
692	4781	1124
693	4795	1017
694	4809	1135
695	4823	996
696	4837	1011
697	4851	1394
698	4865	1037
699	4879	1088
700	4893	1383
701	4907	1713
702	4921	1040
703	4935	988
704	4949	1601
705	4963	954
706	4977	1852
707	4991	908
708	5005	1796
709	5019	988
710	5033	1819
711	5048	988
712	5062	1072
713	5076	1093
714	5090	1084
715	5105	1744
716	5119	1025
717	5133	1059
718	5148	1048
719	5162	1241
720	5176	1157
721	5191	973
722	5205	1112
723	5220	1120
724	5234	961
725	5249	1137
726	5263	1012
727	5278	1015
728	5292	968
729	5307	1846
730	5321	1003
731	5336	999
732	5350	1083
733	5365	1083
734	5380	1085
735	5394	1178
736	5409	1000
737	5424	1108
738	5439	987
739	5453	1010
740	5468	1867
741	5483	1188
742	5498	1485
743	5513	1054
744	5527	1006
745	5542	1170
746	5557	1092
747	5572	1064
748	5587	1073
749	5602	1053
750	5617	1847
751	5632	1053
752	5647	1707
753	5662	1709
754	5677	1152
755	5692	1061
756	5707	1120
757	5722	1105
758	5738	1437
759	5753	1249
760	5768	1052
761	5783	1247
762	5798	1112
763	5814	1061
764	5829	1067
765	5844	1393
766	5859	1305
767	5875	1064
768	5890	1192
769	5905	1086
770	5921	1121
771	5936	1796
772	5952	1985
773	5967	1161
774	5983	1292
775	5998	1118
776	6014	1775
777	6029	1125
778	6045	1617
779	6060	1112
780	6076	1773
781	6091	1919
782	6107	1082
783	6123	1174
784	6138	1442
785	6154	1168
786	6170	1165
787	6185	1142
788	6201	1205
789	6217	1155
790	6233	1471
791	6248	1262
792	6264	1235
793	6280	1142
794	6296	1254
795	6312	1135
796	6328	1962
797	6344	1146
798	6360	1892
799	6376	1233
800	6392	1134
801	6408	1180
802	6424	1090
803	6440	1328
804	6456	1194
805	6472	1633
806	6488	1576
807	6504	1215
808	6520	1275
809	6536	1246
810	6552	2135
811	6569	1186
812	6585	1648
813	6601	1185
814	6617	1196
815	6634	1241
816	6650	2285
817	6666	1403
818	6683	2100
819	6699	1172
820	6715	2026
821	6732	1349
822	6748	1307
823	6765	1606
824	6781	1389
825	6798	1473
826	6814	1426
827	6831	1470
828	6847	1424
829	6864	1373
830	6880	1548
831	6897	1333
832	6913	1380
833	6930	1434
834	6947	1445
835	6963	1277
836	6980	1329
837	6997	1627
838	7014	1283
839	7030	1267
840	7047	1361
841	7064	1267
842	7081	2198
843	7098	1231
844	7114	1552
845	7131	1407
846	7148	1854
847	7165	1285
848	7182	1591
849	7199	2027
850	7216	1239
851	7233	2495
852	7250	1549
853	7267	1306
854	7284	1238
855	7301	1334
856	7318	1547
857	7335	1282
858	7353	1333
859	7370	1411
860	7387	1311
861	7404	2143
862	7421	1989
863	7439	2100
864	7456	1355
865	7473	3275
866	7490	3345
867	7508	2807
868	7525	1645
869	7542	3974
870	7560	1628
871	7577	2940
872	7595	1779
873	7612	2199
874	7630	3810
875	7647	2199
876	7665	2189
877	7682	1770
878	7700	1584
879	7717	4184
880	7735	1616
881	7752	2917
882	7770	1832
883	7788	1792
884	7805	2427
885	7823	1803
886	7841	1990
887	7858	1787
888	7876	1832
889	7894	4548
890	7912	1731
891	7929	1745
892	7947	4102
893	7965	2229
894	7983	2058
895	8001	3939
896	8019	1677
897	8037	2040
898	8055	2957
899	8073	3372
900	8091	1768
901	8109	3508
902	8127	1714
903	8145	2942
904	8163	2008
905	8181	1864
906	8199	2105
907	8217	2557
908	8235	2752
909	8253	2036
910	8271	1921
911	8290	2140
912	8308	1800
913	8326	1947
914	8344	1846
915	8363	1830
916	8381	2402
917	8399	1834
918	8418	2203
919	8436	3147
920	8454	3609
921	8473	1980
922	8491	1919
923	8510	2122
924	8528	1947
925	8547	4752
926	8565	1895
927	8584	2199
928	8602	1939
929	8621	1873
930	8639	1966
931	8658	2941
932	8676	1965
933	8695	2040
934	8714	3459
935	8732	2128
936	8751	3310
937	8770	5028
938	8789	4603
939	8807	1896
940	8826	2468
941	8845	2363
942	8864	2088
943	8883	2003
944	8901	4370
945	8920	2066
946	8939	3565
947	8958	1987
948	8977	2198
949	8996	1852
950	9015	4066
951	9034	2465
952	9053	2476
953	9072	2494
954	9091	5752
955	9110	2059
956	9129	3282
957	9148	2063
958	9168	1897
959	9187	2084
960	9206	1917
961	9225	4401
962	9244	2282
963	9264	2232
964	9283	2042
965	9302	2206
966	9321	3011
967	9341	2064
968	9360	3658
969	9379	2074
970	9399	2556
971	9418	1946
972	9438	3690
973	9457	2095
974	9477	2351
975	9496	2428
976	9516	3220
977	9535	2377
978	9555	2782
979	9574	2145
980	9594	4046
981	9613	2376
982	9633	2251
983	9653	3065
984	9672	3661
985	9692	2424
986	9712	3524
987	9731	2928
988	9751	3535
989	9771	3896
990	9791	3332
991	9810	3159
992	9830	2678
993	9850	3410
994	9870	3835
995	9890	2993
996	9910	2248
997	9930	3247
998	9950	3649
999	9970	3209
1000	9990	2670
