100	99	58
101	101	593
102	103	470
103	105	532
104	107	107
105	109	66
106	111	1997
107	113	66
108	115	70
109	117	871
110	119	102
111	122	107
112	124	758
113	126	83
114	128	74
115	131	600
116	133	77
117	135	78
118	138	115
119	140	729
120	142	75
121	145	76
122	147	87
123	150	83
124	152	648
125	155	93
126	157	88
127	160	990
128	162	177
129	165	88
130	167	547
131	170	637
132	172	862
133	175	616
134	178	735
135	180	656
136	183	720
137	186	735
138	189	758
139	191	698
140	194	855
141	197	670
142	200	798
143	203	687
144	205	553
145	208	786
146	211	427
147	214	118
148	217	111
149	220	770
150	223	496
151	226	126
152	229	120
153	232	1001
154	235	179
155	238	137
156	241	826
157	244	546
158	248	133
159	251	138
160	254	817
161	257	233
162	260	1045
163	264	540
164	267	291
165	270	729
166	273	854
167	277	152
168	280	484
169	283	996
170	287	879
171	290	414
172	294	841
173	297	867
174	301	902
175	304	614
176	308	875
177	311	1051
178	315	594
179	318	523
180	322	542
181	325	990
182	329	1008
183	333	899
184	336	1772
185	340	951
186	344	1123
187	347	663
188	351	1365
189	355	485
190	359	770
191	362	921
192	366	829
193	370	1178
194	374	1403
195	378	1025
196	382	1181
197	386	992
198	390	1330
199	394	968
200	398	782
201	402	799
202	406	980
203	410	934
204	414	1105
205	418	1114
206	422	651
207	426	644
208	430	895
209	434	1014
210	438	1355
211	443	1072
212	447	542
213	451	1025
214	455	1129
215	460	984
216	464	1005
217	468	1547
218	473	1161
219	477	1058
220	481	813
221	486	972
222	490	935
223	495	1383
224	499	1007
225	504	1369
226	508	773
227	513	1043
228	517	979
229	522	1035
230	526	1280
231	531	966
232	535	594
233	540	790
234	545	1049
235	549	1210
236	554	1170
237	559	396
238	564	1532
239	568	1140
240	573	1018
241	578	1043
242	583	1425
243	588	1341
244	592	1771
245	597	1335
246	602	1218
247	607	1334
248	612	1286
249	617	1925
250	622	1517
251	627	1129
252	632	1366
253	637	1377
254	642	1836
255	647	893
256	652	1535
257	657	1623
258	663	1032
259	668	1333
260	673	1291
261	678	1289
262	683	1287
263	689	1518
264	694	1510
265	699	1574
266	704	1483
267	710	1326
268	715	1883
269	720	1311
270	726	1485
271	731	2027
272	737	1750
273	742	1397
274	748	1663
275	753	1150
276	759	2681
277	764	1419
278	770	1855
279	775	1350
280	781	1747
281	786	1398
282	792	1148
283	798	1376
284	803	1513
285	809	1426
286	815	1383
287	820	1502
288	826	1352
289	832	1594
290	838	1203
291	843	1613
292	849	1570
293	855	1496
294	861	1469
295	867	1581
296	873	2186
297	879	2630
298	885	1475
299	891	2155
300	897	898
301	903	1433
302	909	1456
303	915	2380
304	921	1678
305	927	1505
306	933	1647
307	939	1794
308	945	2358
309	951	1659
310	957	1600
311	964	1566
312	970	1697
313	976	2288
314	982	2397
315	989	2114
316	995	1749
317	1001	1748
318	1008	2094
319	1014	1996
320	1020	1756
321	1027	2137
322	1033	1862
323	1040	1825
324	1046	1765
325	1053	2559
326	1059	1479
327	1066	2197
328	1072	1850
329	1079	1761
330	1085	1585
331	1092	2231
332	1098	1809
333	1105	1926
334	1112	2020
335	1118	2012
336	1125	1995
337	1132	2061
338	1139	2173
339	1145	2369
340	1152	2007
341	1159	1679
342	1166	2087
343	1173	981
344	1179	1974
345	1186	1641
346	1193	1902
347	1200	1790
348	1207	1723
349	1214	2096
350	1221	1968
351	1228	1846
352	1235	2100
353	1242	1846
354	1249	2564
355	1256	1959
356	1263	1880
357	1270	3406
358	1278	1782
359	1285	1775
360	1292	2042
361	1299	1871
362	1306	2185
363	1314	2374
364	1321	2378
365	1328	2409
366	1335	2450
367	1343	2157
368	1350	2259
369	1357	2269
370	1365	2524
371	1372	2456
372	1380	2026
373	1387	1942
374	1395	1836
375	1402	2006
376	1410	2970
377	1417	1913
378	1425	1850
379	1432	2007
380	1440	1904
381	1447	2380
382	1455	2036
383	1463	2199
384	1470	1943
385	1478	1974
386	1486	2889
387	1493	2011
388	1501	2365
389	1509	2961
390	1517	2323
391	1524	2106
392	1532	1931
393	1540	2292
394	1548	2105
395	1556	3353
396	1564	2322
397	1572	2146
398	1580	1954
399	1588	2712
400	1596	2356
401	1604	3380
402	1612	2548
403	1620	2169
404	1628	2073
405	1636	2274
406	1644	1901
407	1652	2380
408	1660	1764
409	1668	2638
410	1676	2514
411	1685	2280
412	1693	2296
413	1701	2692
414	1709	2543
415	1718	2451
416	1726	2355
417	1734	2741
418	1743	2504
419	1751	2553
420	1759	2580
421	1768	1419
422	1776	1947
423	1785	2875
424	1793	3347
425	1802	3190
426	1810	2172
427	1819	2619
428	1827	3048
429	1836	3666
430	1844	1974
431	1853	2499
432	1861	2171
433	1870	2681
434	1879	2936
435	1887	2764
436	1896	2835
437	1905	2589
438	1914	2500
439	1922	2947
440	1931	2743
441	1940	2151
442	1949	3080
443	1958	2748
444	1966	3003
445	1975	2234
446	1984	2228
447	1993	1596
448	2002	3012
449	2011	2169
450	2020	2695
451	2029	2913
452	2038	3030
453	2047	4212
454	2056	3155
455	2065	2259
456	2074	3180
457	2083	3285
458	2093	3265
459	2102	2721
460	2111	2815
461	2120	4122
462	2129	3125
463	2139	2887
464	2148	2888
465	2157	3183
466	2166	2993
467	2176	3030
468	2185	2590
469	2194	3297
470	2204	2866
471	2213	2771
472	2223	2687
473	2232	3266
474	2242	2708
475	2251	2947
476	2261	2977
477	2270	2845
478	2280	2640
479	2289	2582
480	2299	2421
481	2308	3067
482	2318	2133
483	2328	2931
484	2337	2757
485	2347	3081
486	2357	3191
487	2366	2916
488	2376	3291
489	2386	2874
490	2396	3010
491	2405	3653
492	2415	3265
493	2425	3096
494	2435	3412
495	2445	3348
496	2455	3096
497	2465	2548
498	2475	4089
499	2485	3303
500	2495	3398
501	2505	3013
502	2515	2283
503	2525	2747
504	2535	3115
505	2545	2911
506	2555	2908
507	2565	2963
508	2575	3400
509	2585	3267
510	2595	3359
511	2606	3401
512	2616	3026
513	2626	3482
514	2636	2863
515	2647	3347
516	2657	2807
517	2667	2993
518	2678	3003
519	2688	3087
520	2698	2900
521	2709	3136
522	2719	3187
523	2730	3135
524	2740	3682
525	2751	3124
526	2761	3344
527	2772	3159
528	2782	2932
529	2793	3520
530	2803	3427
531	2814	3428
532	2824	3118
533	2835	3171
534	2846	3331
535	2856	3512
536	2867	3824
537	2878	4754
538	2889	4125
539	2899	3689
540	2910	3198
541	2921	3310
542	2932	3858
543	2943	4523
544	2953	3940
545	2964	3435
546	2975	3639
547	2986	3668
548	2997	3697
549	3008	3358
550	3019	3405
551	3030	3609
552	3041	3364
553	3052	3286
554	3063	3619
555	3074	3610
556	3085	3628
557	3096	3688
558	3108	3083
559	3119	3790
560	3130	3236
561	3141	3094
562	3152	3375
563	3164	3245
564	3175	3168
565	3186	3319
566	3197	3249
567	3209	3460
568	3220	3093
569	3231	3467
570	3243	3532
571	3254	3341
572	3266	3624
573	3277	3442
574	3289	3543
575	3300	3656
576	3312	3245
577	3323	3876
578	3335	3625
579	3346	3541
580	3358	3431
581	3369	3509
582	3381	3407
583	3393	3634
584	3404	3575
585	3416	4480
586	3428	3836
587	3439	3647
588	3451	3676
589	3463	3604
590	3475	2953
591	3486	3491
592	3498	3588
593	3510	3387
594	3522	4268
595	3534	3426
596	3546	3585
597	3558	3860
598	3570	3525
599	3582	3728
600	3594	4018
601	3606	3030
602	3618	2307
603	3630	3670
604	3642	3856
605	3654	4588
606	3666	4011
607	3678	3713
608	3690	3719
609	3702	4046
610	3714	3880
611	3727	3909
612	3739	3095
613	3751	3982
614	3763	3872
615	3776	3911
616	3788	3665
617	3800	4075
618	3813	4060
619	3825	3769
620	3837	3545
621	3850	3769
622	3862	4034
623	3875	4477
624	3887	6283
625	3900	4013
626	3912	4317
627	3925	4081
628	3937	4098
629	3950	3934
630	3962	3987
631	3975	4154
632	3987	5271
633	4000	3659
634	4013	4416
635	4025	3961
636	4038	4048
637	4051	4574
638	4064	4041
639	4076	4344
640	4089	4669
641	4102	3910
642	4115	4657
643	4128	3876
644	4140	4345
645	4153	4076
646	4166	3645
647	4179	4280
648	4192	5419
649	4205	4978
650	4218	5034
651	4231	4748
652	4244	4348
653	4257	4696
654	4270	5243
655	4283	4523
656	4296	4351
657	4309	4551
658	4323	4422
659	4336	4205
660	4349	4274
661	4362	4021
662	4375	4297
663	4389	4338
664	4402	5066
665	4415	4354
666	4428	4468
667	4442	3726
668	4455	5132
669	4468	3279
670	4482	4907
671	4495	4412
672	4509	5037
673	4522	5747
674	4536	5008
675	4549	4192
676	4563	4694
677	4576	5099
678	4590	4960
679	4603	4611
680	4617	4631
681	4630	4668
682	4644	4464
683	4658	4981
684	4671	4671
685	4685	3573
686	4699	4795
687	4712	4207
688	4726	4699
689	4740	4838
690	4754	4787
691	4767	4785
692	4781	5070
693	4795	5056
694	4809	4561
695	4823	4633
696	4837	4761
697	4851	4425
698	4865	4898
699	4879	5144
700	4893	5187
701	4907	4677
702	4921	4760
703	4935	4678
704	4949	6357
705	4963	4562
706	4977	4885
707	4991	4194
708	5005	4921
709	5019	4356
710	5033	4682
711	5048	5398
712	5062	5422
713	5076	5255
714	5090	4838
715	5105	5017
716	5119	4777
717	5133	4861
718	5148	5227
719	5162	4719
720	5176	4488
721	5191	5030
722	5205	4949
723	5220	5031
724	5234	4881
725	5249	5739
726	5263	4836
727	5278	5454
728	5292	5032
729	5307	5090
730	5321	5195
731	5336	4352
732	5350	5013
733	5365	5503
734	5380	4353
735	5394	5060
736	5409	4588
737	5424	4920
738	5439	5229
739	5453	4728
740	5468	5529
741	5483	4732
742	5498	4754
743	5513	4982
744	5527	4839
745	5542	5184
746	5557	4571
747	5572	5120
748	5587	5077
749	5602	3861
750	5617	5365
751	5632	5313
752	5647	5890
753	5662	5311
754	5677	5537
755	5692	5449
756	5707	5091
757	5722	4747
758	5738	5540
759	5753	5154
760	5768	5161
761	5783	5243
762	5798	5278
763	5814	5233
764	5829	5289
765	5844	4937
766	5859	5437
767	5875	5565
768	5890	5298
769	5905	5122
770	5921	5730
771	5936	5282
772	5952	5554
773	5967	4541
774	5983	5796
775	5998	6605
776	6014	5278
777	6029	3441
778	6045	5991
779	6060	4900
780	6076	5452
781	6091	5268
782	6107	4687
783	6123	5440
784	6138	5636
785	6154	5417
786	6170	5583
787	6185	4727
788	6201	5385
789	6217	5523
790	6233	5491
791	6248	6173
792	6264	5789
793	6280	5337
794	6296	5105
795	6312	4694
796	6328	5929
797	6344	5387
798	6360	5584
799	6376	5953
800	6392	5707
801	6408	4376
802	6424	6006
803	6440	5859
804	6456	6069
805	6472	5230
806	6488	4973
807	6504	5426
808	6520	5110
809	6536	4744
810	6552	5747
811	6569	5065
812	6585	5062
813	6601	5527
814	6617	5870
815	6634	5567
816	6650	5535
817	6666	5724
818	6683	5866
819	6699	5524
820	6715	5850
821	6732	5674
822	6748	5426
823	6765	5294
824	6781	5371
825	6798	5655
826	6814	6543
827	6831	5835
828	6847	7785
829	6864	5937
830	6880	5820
831	6897	5955
832	6913	6272
833	6930	5785
834	6947	5961
835	6963	6094
836	6980	4852
837	6997	5951
838	7014	5769
839	7030	5901
840	7047	5217
841	7064	6436
842	7081	5917
843	7098	5828
844	7114	5928
845	7131	6156
846	7148	5619
847	7165	5148
848	7182	5796
849	7199	6258
850	7216	5831
851	7233	5994
852	7250	5520
853	7267	6727
854	7284	6298
855	7301	7225
856	7318	8961
857	7335	6759
858	7353	6831
859	7370	6685
860	7387	6651
861	7404	5376
862	7421	6674
863	7439	6385
864	7456	6130
865	7473	7244
866	7490	7092
867	7508	7562
868	7525	7055
869	7542	7725
870	7560	7218
871	7577	7420
872	7595	7371
873	7612	8108
874	7630	7449
875	7647	7312
876	7665	6780
877	7682	7400
878	7700	7851
879	7717	7196
880	7735	5277
881	7752	7076
882	7770	7562
883	7788	7804
884	7805	7240
885	7823	6257
886	7841	6789
887	7858	7586
888	7876	8058
889	7894	7290
890	7912	7743
891	7929	7960
892	7947	7780
893	7965	7301
894	7983	7304
895	8001	6277
896	8019	7497
897	8037	7661
898	8055	6928
899	8073	7648
900	8091	7227
901	8109	8188
902	8127	6772
903	8145	6972
904	8163	8595
905	8181	7205
906	8199	7919
907	8217	7601
908	8235	8220
909	8253	7302
910	8271	7777
911	8290	7295
912	8308	8150
913	8326	7755
914	8344	8135
915	8363	8737
916	8381	8471
917	8399	8068
918	8418	8729
919	8436	6449
920	8454	6894
921	8473	7325
922	8491	6247
923	8510	7301
924	8528	7670
925	8547	7894
926	8565	7228
927	8584	8046
928	8602	8584
929	8621	7893
930	8639	8536
931	8658	7223
932	8676	7892
933	8695	7582
934	8714	7254
935	8732	7857
936	8751	8000
937	8770	8333
938	8789	7945
939	8807	8057
940	8826	7660
941	8845	6600
942	8864	8327
943	8883	8057
944	8901	7067
945	8920	7450
946	8939	7943
947	8958	7650
948	8977	8830
949	8996	7812
950	9015	6942
951	9034	7261
952	9053	7406
953	9072	7248
954	9091	6652
955	9110	8301
956	9129	7448
957	9148	7209
958	9168	7661
959	9187	8403
960	9206	8797
961	9225	7360
962	9244	8573
963	9264	7837
964	9283	7414
965	9302	7801
966	9321	10416
967	9341	7744
968	9360	7279
969	9379	7841
970	9399	7549
971	9418	8495
972	9438	8195
973	9457	10278
974	9477	8294
975	9496	8457
976	9516	7739
977	9535	8873
978	9555	9300
979	9574	9673
980	9594	7716
981	9613	9022
982	9633	8233
983	9653	8441
984	9672	8082
985	9692	9041
986	9712	8288
987	9731	8524
988	9751	7432
989	9771	8376
990	9791	8279
991	9810	8443
992	9830	7776
993	9850	8789
994	9870	7282
995	9890	8762
996	9910	8141
997	9930	7779
998	9950	7412
999	9970	9036
1000	9990	8339
