100	2475	71
101	2525	81
102	2575	268
103	2626	226
104	2678	177
105	2730	79
106	2782	99
107	2835	98
108	2889	105
109	2943	80
110	2997	277
111	3052	96
112	3108	385
113	3164	96
114	3220	208
115	3277	100
116	3335	243
117	3393	92
118	3451	131
119	3510	124
120	3570	119
121	3630	76
122	3690	94
123	3751	82
124	3813	100
125	3875	114
126	3937	99
127	4000	222
128	4064	190
129	4128	374
130	4192	129
131	4257	177
132	4323	96
133	4389	130
134	4455	127
135	4522	273
136	4590	287
137	4658	277
138	4726	178
139	4795	552
140	4865	102
141	4935	268
142	5005	187
143	5076	111
144	5148	135
145	5220	516
146	5292	290
147	5365	283
148	5439	965
149	5513	154
150	5587	143
151	5662	257
152	5738	202
153	5814	825
154	5890	610
155	5967	242
156	6045	141
157	6123	171
158	6201	173
159	6280	129
160	6360	161
161	6440	141
162	6520	387
163	6601	1055
164	6683	181
165	6765	182
166	6847	609
167	6930	149
168	7014	195
169	7098	199
170	7182	180
171	7267	200
172	7353	671
173	7439	167
174	7525	197
175	7612	171
176	7700	192
177	7788	230
178	7876	233
179	7965	183
180	8055	252
181	8145	428
182	8235	220
183	8326	191
184	8418	220
185	8510	205
186	8602	466
187	8695	206
188	8789	215
189	8883	196
190	8977	210
191	9072	248
192	9168	298
193	9264	520
194	9360	249
195	9457	211
196	9555	214
197	9653	503
198	9751	1239
199	9850	600
200	9950	295
201	10050	287
202	10150	800
203	10251	579
204	10353	606
205	10455	564
206	10557	718
207	10660	287
208	10764	583
209	10868	237
210	10972	769
211	11077	304
212	11183	719
213	11289	247
214	11395	251
215	11502	328
216	11610	229
217	11718	2519
218	11826	480
219	11935	316
220	12045	766
221	12155	1352
222	12265	271
223	12376	281
224	12488	1003
225	12600	1334
226	12712	973
227	12825	1837
228	12939	303
229	13053	2262
230	13167	318
231	13282	313
232	13398	307
233	13514	332
234	13630	346
235	13747	582
236	13865	288
237	13983	330
238	14101	299
239	14220	341
240	14340	1512
241	14460	346
242	14580	420
243	14701	795
244	14823	371
245	14945	480
246	15067	404
247	15190	345
248	15314	341
249	15438	382
250	15562	370
251	15687	355
252	15813	365
253	15939	363
254	16065	386
255	16192	997
256	16320	2338
257	16448	343
258	16576	536
259	16705	362
260	16835	462
261	16965	368
262	17095	380
263	17226	1215
264	17358	639
265	17490	377
266	17622	1335
267	17755	821
268	17889	1240
269	18023	481
270	18157	382
271	18292	397
272	18428	542
273	18564	468
274	18700	456
275	18837	420
276	18975	558
277	19113	1540
278	19251	1049
279	19390	530
280	19530	437
281	19670	857
282	19810	463
283	19951	522
284	20093	470
285	20235	1931
286	20377	464
287	20520	455
288	20664	433
289	20808	501
290	20952	468
291	21097	549
292	21243	2591
293	21389	1703
294	21535	753
295	21682	626
296	21830	514
297	21978	1568
298	22126	889
299	22275	565
300	22425	630
301	22575	538
302	22725	545
303	22876	522
304	23028	529
305	23180	527
306	23332	511
307	23485	512
308	23639	1952
309	23793	523
310	23947	1190
311	24102	3569
312	24258	543
313	24414	530
314	24570	551
315	24727	2267
316	24885	624
317	25043	558
318	25201	577
319	25360	1083
320	25520	543
321	25680	765
322	25840	646
323	26001	653
324	26163	2593
325	26325	3315
326	26487	711
327	26650	731
328	26814	604
329	26978	1077
330	27142	570
331	27307	665
332	27473	4234
333	27639	599
334	27805	779
335	27972	612
336	28140	1115
337	28308	605
338	28476	4042
339	28645	637
340	28815	629
341	28985	689
342	29155	664
343	29326	1532
344	29498	781
345	29670	1336
346	29842	919
347	30015	631
348	30189	926
349	30363	675
350	30537	1690
351	30712	858
352	30888	681
353	31064	832
354	31240	3456
355	31417	662
356	31595	850
357	31773	907
358	31951	681
359	32130	1155
360	32310	1766
361	32490	997
362	32670	691
363	32851	841
364	33033	4140
365	33215	2005
366	33397	944
367	33580	1352
368	33764	817
369	33948	734
370	34132	924
371	34317	1060
372	34503	699
373	34689	743
374	34875	731
375	35062	748
376	35250	963
377	35438	2285
378	35626	734
379	35815	5844
380	36005	731
381	36195	728
382	36385	740
383	36576	1245
384	36768	1824
385	36960	1559
386	37152	842
387	37345	781
388	37539	797
389	37733	1707
390	37927	945
391	38122	1294
392	38318	1393
393	38514	1450
394	38710	2644
395	38907	838
396	39105	811
397	39303	1265
398	39501	874
399	39700	852
400	39900	1123
401	40100	1495
402	40300	1135
403	40501	917
404	40703	911
405	40905	850
406	41107	836
407	41310	861
408	41514	1105
409	41718	854
410	41922	916
411	42127	1169
412	42333	878
413	42539	879
414	42745	911
415	42952	934
416	43160	898
417	43368	1048
418	43576	948
419	43785	1426
420	43995	946
421	44205	880
422	44415	908
423	44626	1129
424	44838	982
425	45050	970
426	45262	1442
427	45475	972
428	45689	1067
429	45903	961
430	46117	1087
431	46332	1343
432	46548	999
433	46764	6915
434	46980	1353
435	47197	1375
436	47415	1100
437	47633	1004
438	47851	1244
439	48070	2169
440	48290	1452
441	48510	6832
442	48730	1141
443	48951	1151
444	49173	1172
445	49395	1377
446	49617	1614
447	49840	1165
448	50064	1245
449	50288	3043
450	50512	1094
451	50737	1561
452	50963	1169
453	51189	1206
454	51415	1294
455	51642	1839
456	51870	1553
457	52098	1225
458	52326	1128
459	52555	1183
460	52785	1142
461	53015	1561
462	53245	1724
463	53476	3201
464	53708	1474
465	53940	1193
466	54172	1418
467	54405	1415
468	54639	1317
469	54873	2224
470	55107	1293
471	55342	1666
472	55578	1683
473	55814	2008
474	56050	1392
475	56287	1629
476	56525	1595
477	56763	1189
478	57001	1813
479	57240	1226
480	57480	1587
481	57720	1290
482	57960	1405
483	58201	2955
484	58443	1329
485	58685	1722
486	58927	1261
487	59170	8172
488	59414	1613
489	59658	1862
490	59902	1408
491	60147	1851
492	60393	3511
493	60639	1283
494	60885	1474
495	61132	1404
496	61380	1777
497	61628	1462
498	61876	1787
499	62125	1462
500	62375	1333
501	62625	1568
502	62875	1616
503	63126	2009
504	63378	1369
505	63630	1701
506	63882	4756
507	64135	1713
508	64389	1558
509	64643	1825
510	64897	1607
511	65152	1439
512	65408	1523
513	65664	3814
514	65920	4311
515	66177	2141
516	66435	1531
517	66693	2583
518	66951	1504
519	67210	4711
520	67470	1529
521	67730	1615
522	67990	1956
523	68251	1544
524	68513	2111
525	68775	2679
526	69037	1557
527	69300	1575
528	69564	1559
529	69828	2188
530	70092	1561
531	70357	1564
532	70623	1797
533	70889	4038
534	71155	2129
535	71422	1615
536	71690	3096
537	71958	2168
538	72226	1692
539	72495	1639
540	72765	1643
541	73035	1613
542	73305	1570
543	73576	1645
544	73848	1624
545	74120	1623
546	74392	1761
547	74665	2532
548	74939	1725
549	75213	4333
550	75487	2463
551	75762	1801
552	76038	1660
553	76314	1609
554	76590	1671
555	76867	1645
556	77145	2730
557	77423	3374
558	77701	1710
559	77980	1727
560	78260	1661
561	78540	1740
562	78820	1873
563	79101	1710
564	79383	2527
565	79665	1896
566	79947	4237
567	80230	7538
568	80514	1779
569	80798	2868
570	81082	1960
571	81367	1746
572	81653	2262
573	81939	2533
574	82225	2222
575	82512	1822
576	82800	2049
577	83088	1853
578	83376	1838
579	83665	1905
580	83955	9926
581	84245	1873
582	84535	4485
583	84826	1826
584	85118	1873
585	85410	1941
586	85702	1908
587	85995	1943
588	86289	1887
589	86583	3051
590	86877	1917
591	87172	2508
592	87468	2079
593	87764	2795
594	88060	2759
595	88357	1868
596	88655	1863
597	88953	2759
598	89251	2620
599	89550	2232
600	89850	1944
601	90150	1990
602	90450	1969
603	90751	3450
604	91053	1981
605	91355	2445
606	91657	2881
607	91960	2382
608	92264	2777
609	92568	2224
610	92872	1982
611	93177	3388
612	93483	2045
613	93789	2152
614	94095	2096
615	94402	2237
616	94710	2924
617	95018	2157
618	95326	2175
619	95635	2267
620	95945	2328
621	96255	1982
622	96565	2265
623	96876	3030
624	97188	2528
625	97500	3077
626	97812	2285
627	98125	2597
628	98439	2333
629	98753	6567
630	99067	3042
631	99382	4369
632	99698	2406
633	100014	3013
634	100330	3195
635	100647	2329
636	100965	2285
637	101283	3003
638	101601	2185
639	101920	2365
640	102240	2199
641	102560	2417
642	102880	2405
643	103201	2855
644	103523	3214
645	103845	2372
646	104167	3595
647	104490	2374
648	104814	3282
649	105138	2513
650	105462	2439
651	105787	4500
652	106113	2546
653	106439	3209
654	106765	3010
655	107092	5808
656	107420	2727
657	107748	3840
658	108076	2487
659	108405	2693
660	108735	2887
661	109065	2586
662	109395	3725
663	109726	4530
664	110058	2483
665	110390	3498
666	110722	6599
667	111055	2710
668	111389	2643
669	111723	13224
670	112057	2835
671	112392	4094
672	112728	2694
673	113064	2410
674	113400	2531
675	113737	2731
676	114075	2582
677	114413	2654
678	114751	2556
679	115090	2982
680	115430	2660
681	115770	2498
682	116110	2642
683	116451	2855
684	116793	3384
685	117135	2653
686	117477	2648
687	117820	2618
688	118164	2738
689	118508	3605
690	118852	2698
691	119197	3585
692	119543	2903
693	119889	2737
694	120235	4872
695	120582	2872
696	120930	3031
697	121278	3252
698	121626	2766
699	121975	2808
700	122325	2734
701	122675	3672
702	123025	4012
703	123376	2688
704	123728	2895
705	124080	7238
706	124432	2852
707	124785	4108
708	125139	7029
709	125493	2852
710	125847	2776
711	126202	2741
712	126558	2894
713	126914	2745
714	127270	4044
715	127627	2881
716	127985	3808
717	128343	3005
718	128701	8453
719	129060	2709
720	129420	2649
721	129780	2787
722	130140	3788
723	130501	3009
724	130863	2975
725	131225	3042
726	131587	3005
727	131950	11334
728	132314	7658
729	132678	3075
730	133042	3089
731	133407	3034
732	133773	3417
733	134139	4184
734	134505	3118
735	134872	3100
736	135240	3010
737	135608	3129
738	135976	3062
739	136345	4404
740	136715	4078
741	137085	4409
742	137455	3143
743	137826	3160
744	138198	2911
745	138570	4068
746	138942	4394
747	139315	3201
748	139689	4161
749	140063	4402
750	140437	3105
751	140812	12699
752	141188	3017
753	141564	3217
754	141940	9866
755	142317	3611
756	142695	3232
757	143073	3635
758	143451	3041
759	143830	3282
760	144210	3142
761	144590	3178
762	144970	3263
763	145351	8273
764	145733	5032
765	146115	3195
766	146497	5826
767	146880	4186
768	147264	3398
769	147648	3681
770	148032	3278
771	148417	5769
772	148803	4455
773	149189	5662
774	149575	3055
775	149962	3285
776	150350	3357
777	150738	3353
778	151126	3572
779	151515	3865
780	151905	3533
781	152295	3548
782	152685	3774
783	153076	3455
784	153468	3350
785	153860	4060
786	154252	3457
787	154645	4555
788	155039	3480
789	155433	3391
790	155827	3484
791	156222	4737
792	156618	3580
793	157014	3258
794	157410	3232
795	157807	3524
796	158205	3666
797	158603	3457
798	159001	3555
799	159400	4777
800	159800	3867
801	160200	5123
802	160600	5665
803	161001	5027
804	161403	14248
805	161805	3523
806	162207	6923
807	162610	3613
808	163014	3604
809	163418	3761
810	163822	3570
811	164227	3715
812	164633	3574
813	165039	3614
814	165445	3509
815	165852	3751
816	166260	3590
817	166668	3852
818	167076	3848
819	167485	3767
820	167895	6921
821	168305	3775
822	168715	3635
823	169126	4466
824	169538	3627
825	169950	6684
826	170362	5941
827	170775	3536
828	171189	3783
829	171603	5261
830	172017	3840
831	172432	6043
832	172848	4269
833	173264	5194
834	173680	7805
835	174097	3850
836	174515	6311
837	174933	3927
838	175351	3628
839	175770	4068
840	176190	4360
841	176610	3579
842	177030	3897
843	177451	3909
844	177873	3781
845	178295	6827
846	178717	3926
847	179140	4291
848	179564	4099
849	179988	3952
850	180412	3977
851	180837	3994
852	181263	4084
853	181689	3863
854	182115	5414
855	182542	4112
856	182970	5370
857	183398	3979
858	183826	3987
859	184255	3735
860	184685	3818
861	185115	4523
862	185545	4044
863	185976	5613
864	186408	4114
865	186840	8302
866	187272	4872
867	187705	5440
868	188139	7040
869	188573	6722
870	189007	4407
871	189442	9645
872	189878	6395
873	190314	5733
874	190750	6134
875	191187	6163
876	191625	4512
877	192063	4561
878	192501	4403
879	192940	4401
880	193380	5165
881	193820	4677
882	194260	4569
883	194701	10590
884	195143	5126
885	195585	4574
886	196027	11239
887	196470	4302
888	196914	6277
889	197358	12581
890	197802	4634
891	198247	4710
892	198693	4449
893	199139	6428
894	199585	5473
895	200032	5763
896	200480	8727
897	200928	4514
898	201376	4622
899	201825	6430
900	202275	4597
901	202725	4397
902	203175	7029
903	203626	4979
904	204078	4735
905	204530	6860
906	204982	5171
907	205435	6712
908	205889	8081
909	206343	6200
910	206797	5307
911	207252	4811
912	207708	4656
913	208164	4831
914	208620	4616
915	209077	4817
916	209535	12752
917	209993	4704
918	210451	6343
919	210910	5093
920	211370	9615
921	211830	4674
922	212290	6708
923	212751	7560
924	213213	6473
925	213675	4927
926	214137	4738
927	214600	4859
928	215064	4757
929	215528	4705
930	215992	5139
931	216457	4711
932	216923	6774
933	217389	5991
934	217855	5073
935	218322	5257
936	218790	7859
937	219258	5869
938	219726	5200
939	220195	5116
940	220665	5385
941	221135	6946
942	221605	8538
943	222076	4804
944	222548	5542
945	223020	5073
946	223492	7020
947	223965	6932
948	224439	19622
949	224913	6171
950	225387	7390
951	225862	6494
952	226338	4991
953	226814	4971
954	227290	7059
955	227767	5077
956	228245	7380
957	228723	4951
958	229201	10275
959	229680	7546
960	230160	5093
961	230640	6871
962	231120	5568
963	231601	6358
964	232083	6515
965	232565	7019
966	233047	5213
967	233530	5146
968	234014	5518
969	234498	5399
970	234982	5441
971	235467	5626
972	235953	7929
973	236439	8743
974	236925	5962
975	237412	5441
976	237900	7135
977	238388	7230
978	238876	11311
979	239365	5678
980	239855	8151
981	240345	7447
982	240835	8604
983	241326	7416
984	241818	6483
985	242310	5443
986	242802	7384
987	243295	5462
988	243789	7183
989	244283	14604
990	244777	10924
991	245272	5397
992	245768	5758
993	246264	9897
994	246760	5836
995	247257	7485
996	247755	10070
997	248253	6306
998	248751	5644
999	249250	5561
1000	249750	7224
