100	198	39
101	202	30
102	206	30
103	210	32
104	214	23
105	218	31
106	222	36
107	226	1081
108	231	35
109	235	48
110	239	47
111	244	60
112	248	38
113	253	44
114	257	63
115	262	65
116	266	168
117	271	181
118	276	190
119	280	149
120	285	118
121	290	374
122	295	121
123	300	109
124	305	198
125	310	41
126	315	56
127	320	48
128	325	45
129	330	56
130	335	57
131	340	122
132	345	57
133	351	59
134	356	43
135	361	54
136	367	52
137	372	75
138	378	63
139	383	59
140	389	72
141	394	54
142	400	53
143	406	56
144	411	50
145	417	66
146	423	254
147	429	257
148	435	51
149	441	253
150	447	67
151	453	252
152	459	65
153	465	4116
154	471	1866
155	477	2449
156	483	857
157	489	80
158	496	81
159	502	80
160	508	5974
161	515	193
162	521	124
163	528	77
164	534	130
165	541	440
166	547	89
167	554	223
168	561	193
169	567	152
170	574	431
171	581	130
172	588	96
173	595	82
174	602	129
175	609	81
176	616	228
177	623	346
178	630	167
179	637	95
180	644	305
181	651	241
182	658	262
183	666	245
184	673	559
185	680	277
186	688	320
187	695	466
188	703	114
189	710	113
190	718	274
191	725	139
192	733	115
193	741	122
194	748	349
195	756	231
196	764	346
197	772	422
198	780	371
199	788	390
200	796	199
201	804	409
202	812	405
203	820	301
204	828	150
205	836	516
206	844	371
207	852	616
208	861	154
209	869	191
210	877	217
211	886	799
212	894	144
213	903	387
214	911	280
215	920	164
216	928	870
217	937	673
218	946	739
219	954	210
220	963	160
221	972	158
222	981	200
223	990	136
224	999	360
225	1008	212
226	1017	312
227	1026	786
228	1035	358
229	1044	353
230	1053	458
231	1062	248
232	1071	277
233	1081	804
234	1090	559
235	1099	362
236	1109	150
237	1118	429
238	1128	187
239	1137	143
240	1147	291
241	1156	232
242	1166	363
243	1176	178
244	1185	438
245	1195	606
246	1205	371
247	1215	496
248	1225	199
249	1235	535
250	1245	646
251	1255	476
252	1265	511
253	1275	182
254	1285	419
255	1295	170
256	1305	147
257	1315	575
258	1326	570
259	1336	602
260	1346	158
261	1357	597
262	1367	616
263	1378	183
264	1388	383
265	1399	668
266	1409	329
267	1420	417
268	1431	206
269	1441	582
270	1452	537
271	1463	199
272	1474	573
273	1485	387
274	1496	212
275	1507	167
276	1518	454
277	1529	397
278	1540	209
279	1551	347
280	1562	164
281	1573	369
282	1584	472
283	1596	506
284	1607	205
285	1618	479
286	1630	195
287	1641	383
288	1653	391
289	1664	489
290	1676	493
291	1687	421
292	1699	243
293	1711	525
294	1722	354
295	1734	591
296	1746	575
297	1758	472
298	1770	1411
299	1782	508
300	1794	429
301	1806	646
302	1818	590
303	1830	596
304	1842	673
305	1854	1106
306	1866	633
307	1878	621
308	1891	533
309	1903	1304
310	1915	563
311	1928	314
312	1940	546
313	1953	497
314	1965	789
315	1978	353
316	1990	638
317	2003	468
318	2016	582
319	2028	305
320	2041	585
321	2054	675
322	2067	473
323	2080	439
324	2093	690
325	2106	589
326	2119	544
327	2132	597
328	2145	712
329	2158	684
330	2171	611
331	2184	750
332	2197	1523
333	2211	688
334	2224	665
335	2237	1201
336	2251	707
337	2264	663
338	2278	673
339	2291	648
340	2305	564
341	2318	637
342	2332	650
343	2346	708
344	2359	419
345	2373	564
346	2387	864
347	2401	1213
348	2415	478
349	2429	669
350	2443	641
351	2457	316
352	2471	615
353	2485	720
354	2499	865
355	2513	957
356	2527	1088
357	2541	339
358	2556	1144
359	2570	637
360	2584	663
361	2599	733
362	2613	1326
363	2628	422
364	2642	634
365	2657	716
366	2671	1198
367	2686	374
368	2701	748
369	2715	381
370	2730	383
371	2745	375
372	2760	738
373	2775	383
374	2790	754
375	2805	778
376	2820	645
377	2835	373
378	2850	618
379	2865	706
380	2880	604
381	2895	595
382	2910	735
383	2926	727
384	2941	548
385	2956	351
386	2972	948
387	2987	381
388	3003	630
389	3018	1295
390	3034	826
391	3049	435
392	3065	537
393	3081	396
394	3096	745
395	3112	1312
396	3128	834
397	3144	1926
398	3160	764
399	3176	497
400	3192	933
401	3208	482
402	3224	464
403	3240	776
404	3256	815
405	3272	891
406	3288	470
407	3304	358
408	3321	822
409	3337	736
410	3353	889
411	3370	715
412	3386	973
413	3403	775
414	3419	1540
415	3436	730
416	3452	961
417	3469	738
418	3486	1332
419	3502	1069
420	3519	462
421	3536	1699
422	3553	1075
423	3570	1653
424	3587	1101
425	3604	853
426	3621	877
427	3638	503
428	3655	1687
429	3672	906
430	3689	1016
431	3706	1175
432	3723	1043
433	3741	716
434	3758	1077
435	3775	553
436	3793	1148
437	3810	1061
438	3828	1367
439	3845	1077
440	3863	1316
441	3880	1008
442	3898	968
443	3916	1478
444	3933	945
445	3951	1055
446	3969	908
447	3987	894
448	4005	951
449	4023	1143
450	4041	1217
451	4059	961
452	4077	879
453	4095	1037
454	4113	1082
455	4131	1210
456	4149	998
457	4167	692
458	4186	817
459	4204	1104
460	4222	2452
461	4241	657
462	4259	725
463	4278	2441
464	4296	1091
465	4315	919
466	4333	1905
467	4352	2053
468	4371	1185
469	4389	1376
470	4408	2004
471	4427	1844
472	4446	1201
473	4465	1027
474	4484	1381
475	4503	1082
476	4522	502
477	4541	1613
478	4560	1101
479	4579	506
480	4598	1031
481	4617	680
482	4636	602
483	4656	1492
484	4675	1238
485	4694	990
486	4714	1636
487	4733	733
488	4753	1134
489	4772	1045
490	4792	2049
491	4811	1270
492	4831	1442
493	4851	1332
494	4870	715
495	4890	1144
496	4910	2034
497	4930	973
498	4950	741
499	4970	746
500	4990	1137
501	5010	1039
502	5030	1071
503	5050	1508
504	5070	1211
505	5090	2137
506	5110	1275
507	5130	860
508	5151	2326
509	5171	946
510	5191	1103
511	5212	1257
512	5232	1266
513	5253	622
514	5273	1025
515	5294	2017
516	5314	1936
517	5335	672
518	5356	1669
519	5376	1482
520	5397	1150
521	5418	1404
522	5439	1048
523	5460	1169
524	5481	1180
525	5502	2402
526	5523	1702
527	5544	1382
528	5565	1898
529	5586	641
530	5607	1179
531	5628	1244
532	5649	1224
533	5671	1198
534	5692	1460
535	5713	1434
536	5735	1292
537	5756	1587
538	5778	1177
539	5799	1371
540	5821	1770
541	5842	1433
542	5864	1289
543	5886	2148
544	5907	1164
545	5929	1434
546	5951	1567
547	5973	1984
548	5995	1383
549	6017	2676
550	6039	1272
551	6061	600
552	6083	858
553	6105	1649
554	6127	1328
555	6149	2651
556	6171	1371
557	6193	1295
558	6216	2323
559	6238	1227
560	6260	1400
561	6283	1056
562	6305	2509
563	6328	1218
564	6350	2347
565	6373	1840
566	6395	1214
567	6418	2083
568	6441	1525
569	6463	1403
570	6486	1545
571	6509	1509
572	6532	1113
573	6555	2306
574	6578	941
575	6601	2483
576	6624	1368
577	6647	1561
578	6670	1641
579	6693	2619
580	6716	913
581	6739	923
582	6762	985
583	6786	915
584	6809	1126
585	6832	1330
586	6856	1301
587	6879	1476
588	6903	1552
589	6926	918
590	6950	1934
591	6973	1010
592	6997	992
593	7021	1420
594	7044	1712
595	7068	1326
596	7092	1689
597	7116	2607
598	7140	1574
599	7164	2891
600	7188	1883
601	7212	709
602	7236	2127
603	7260	1653
604	7284	1612
605	7308	1366
606	7332	984
607	7356	2558
608	7381	1486
609	7405	1531
610	7429	3351
611	7454	1601
612	7478	1475
613	7503	1668
614	7527	1310
615	7552	1753
616	7576	1787
617	7601	1615
618	7626	1773
619	7650	1793
620	7675	1912
621	7700	3375
622	7725	1162
623	7750	1095
624	7775	2873
625	7800	3100
626	7825	2843
627	7850	1491
628	7875	1883
629	7900	3836
630	7925	1883
631	7950	3107
632	7975	1934
633	8001	1484
634	8026	1843
635	8051	2633
636	8077	1563
637	8102	2424
638	8128	2043
639	8153	2597
640	8179	2350
641	8204	1119
642	8230	929
643	8256	1373
644	8281	1400
645	8307	2213
646	8333	2213
647	8359	3910
648	8385	1348
649	8411	3646
650	8437	1679
651	8463	2464
652	8489	1933
653	8515	3179
654	8541	1913
655	8567	2414
656	8593	2951
657	8619	1449
658	8646	3126
659	8672	1892
660	8698	1870
661	8725	1913
662	8751	3030
663	8778	1875
664	8804	2106
665	8831	3156
666	8857	1962
667	8884	2853
668	8911	1483
669	8937	1160
670	8964	1311
671	8991	1656
672	9018	1900
673	9045	2190
674	9072	2301
675	9099	2373
676	9126	979
677	9153	2655
678	9180	3231
679	9207	1843
680	9234	3646
681	9261	2005
682	9288	1985
683	9316	3431
684	9343	1651
685	9370	1661
686	9398	2054
687	9425	2009
688	9453	3213
689	9480	1147
690	9508	1433
691	9535	1494
692	9563	3303
693	9591	1293
694	9618	2983
695	9646	3324
696	9674	1752
697	9702	3371
698	9730	3590
699	9758	3429
700	9786	2309
701	9814	3496
702	9842	1874
703	9870	3257
704	9898	1067
705	9926	2110
706	9954	3716
707	9982	2731
708	10011	1774
709	10039	3355
710	10067	2447
711	10096	3067
712	10124	2887
713	10153	2795
714	10181	3383
715	10210	2127
716	10238	2027
717	10267	2141
718	10296	1576
719	10324	2605
720	10353	2457
721	10382	2616
722	10411	1844
723	10440	2324
724	10469	3686
725	10498	2917
726	10527	1849
727	10556	1923
728	10585	2229
729	10614	3580
730	10643	2508
731	10672	2111
732	10701	4012
733	10731	1816
734	10760	2242
735	10789	2675
736	10819	2723
737	10848	2511
738	10878	3809
739	10907	3567
740	10937	2158
741	10966	3617
742	10996	2321
743	11026	1956
744	11055	3564
745	11085	2100
746	11115	2903
747	11145	1162
748	11175	2705
749	11205	2535
750	11235	4549
751	11265	3442
752	11295	1793
753	11325	2578
754	11355	2932
755	11385	2166
756	11415	3379
757	11445	2693
758	11476	2111
759	11506	1600
760	11536	3779
761	11567	1292
762	11597	2923
763	11628	1183
764	11658	2154
765	11689	3587
766	11719	1288
767	11750	1899
768	11781	4383
769	11811	3557
770	11842	2191
771	11873	2094
772	11904	4039
773	11935	3624
774	11966	1882
775	11997	2202
776	12028	4104
777	12059	2723
778	12090	4154
779	12121	2524
780	12152	2370
781	12183	2896
782	12214	1905
783	12246	2006
784	12277	1664
785	12308	2059
786	12340	1999
787	12371	1978
788	12403	1487
789	12434	2577
790	12466	3301
791	12497	2846
792	12529	2357
793	12561	2324
794	12592	2483
795	12624	4131
796	12656	1817
797	12688	2563
798	12720	2753
799	12752	3628
800	12784	4458
801	12816	4362
802	12848	3258
803	12880	4694
804	12912	3293
805	12944	1989
806	12976	2553
807	13008	2903
808	13041	2751
809	13073	4079
810	13105	1677
811	13138	4448
812	13170	2231
813	13203	1287
814	13235	1392
815	13268	2001
816	13300	1935
817	13333	4160
818	13366	3206
819	13398	1670
820	13431	1339
821	13464	2055
822	13497	1514
823	13530	1357
824	13563	2926
825	13596	2815
826	13629	2448
827	13662	2476
828	13695	1974
829	13728	2279
830	13761	2638
831	13794	2083
832	13827	2785
833	13861	4321
834	13894	1376
835	13927	2771
836	13961	2059
837	13994	2599
838	14028	2692
839	14061	2187
840	14095	1786
841	14128	3058
842	14162	4400
843	14196	2269
844	14229	5820
845	14263	2724
846	14297	4122
847	14331	4315
848	14365	3001
849	14399	2872
850	14433	2031
851	14467	3818
852	14501	3123
853	14535	5313
854	14569	4798
855	14603	3253
856	14637	4006
857	14671	4467
858	14706	2770
859	14740	3205
860	14774	3346
861	14809	1894
862	14843	4173
863	14878	2626
864	14912	3111
865	14947	3900
866	14981	5663
867	15016	5193
868	15051	7331
869	15085	3420
870	15120	6217
871	15155	3585
872	15190	3262
873	15225	3153
874	15260	6633
875	15295	1640
876	15330	4298
877	15365	2385
878	15400	6063
879	15435	3911
880	15470	3065
881	15505	4340
882	15540	2649
883	15576	6089
884	15611	6045
885	15646	3958
886	15682	5133
887	15717	3049
888	15753	5647
889	15788	3313
890	15824	6117
891	15859	1650
892	15895	3328
893	15931	5262
894	15966	5362
895	16002	3229
896	16038	3838
897	16074	3225
898	16110	5601
899	16146	3167
900	16182	3130
901	16218	4238
902	16254	3361
903	16290	4410
904	16326	3475
905	16362	2673
906	16398	5944
907	16434	1791
908	16471	2421
909	16507	5994
910	16543	3174
911	16580	3783
912	16616	3543
913	16653	3516
914	16689	4213
915	16726	6263
916	16762	5924
917	16799	6163
918	16836	7421
919	16872	2687
920	16909	4188
921	16946	5752
922	16983	1795
923	17020	3388
924	17057	4178
925	17094	6058
926	17131	5810
927	17168	6194
928	17205	2578
929	17242	2864
930	17279	5814
931	17316	6241
932	17353	4616
933	17391	4718
934	17428	6851
935	17465	3271
936	17503	4118
937	17540	2475
938	17578	5286
939	17615	6252
940	17653	6184
941	17690	3999
942	17728	6347
943	17766	4440
944	17803	4755
945	17841	4873
946	17879	3730
947	17917	5054
948	17955	3607
949	17993	3457
950	18031	6387
951	18069	1985
952	18107	5042
953	18145	5604
954	18183	3100
955	18221	6172
956	18259	3487
957	18297	4077
958	18336	6468
959	18374	3747
960	18412	6561
961	18451	6069
962	18489	3708
963	18528	6478
964	18566	6166
965	18605	7084
966	18643	7689
967	18682	4236
968	18721	6691
969	18759	3819
970	18798	9214
971	18837	4751
972	18876	2891
973	18915	4412
974	18954	3873
975	18993	2400
976	19032	3174
977	19071	4149
978	19110	5677
979	19149	2269
980	19188	3561
981	19227	3844
982	19266	2923
983	19306	1935
984	19345	3824
985	19384	7764
986	19424	2861
987	19463	3087
988	19503	7136
989	19542	4383
990	19582	3939
991	19621	10202
992	19661	5736
993	19701	3456
994	19740	4583
995	19780	4024
996	19820	7707
997	19860	6818
998	19900	4622
999	19940	3934
1000	19980	4413
