100	2475	50
101	2525	50
102	2575	73
103	2626	67
104	2678	63
105	2730	75
106	2782	78
107	2835	67
108	2889	488
109	2943	58
110	2997	44
111	3052	251
112	3108	81
113	3164	60
114	3220	154
115	3277	70
116	3335	66
117	3393	296
118	3451	79
119	3510	51
120	3570	70
121	3630	77
122	3690	67
123	3751	76
124	3813	76
125	3875	92
126	3937	83
127	4000	113
128	4064	96
129	4128	95
130	4192	93
131	4257	318
132	4323	314
133	4389	249
134	4455	363
135	4522	435
136	4590	322
137	4658	401
138	4726	89
139	4795	102
140	4865	651
141	4935	144
142	5005	142
143	5076	122
144	5148	102
145	5220	181
146	5292	561
147	5365	298
148	5439	347
149	5513	112
150	5587	374
151	5662	339
152	5738	112
153	5814	548
154	5890	127
155	5967	519
156	6045	129
157	6123	252
158	6201	137
159	6280	266
160	6360	175
161	6440	104
162	6520	129
163	6601	930
164	6683	100
165	6765	204
166	6847	197
167	6930	153
168	7014	605
169	7098	162
170	7182	1044
171	7267	166
172	7353	995
173	7439	650
174	7525	919
175	7612	122
176	7700	878
177	7788	167
178	7876	203
179	7965	951
180	8055	156
181	8145	162
182	8235	158
183	8326	1270
184	8418	169
185	8510	205
186	8602	581
187	8695	159
188	8789	181
189	8883	341
190	8977	126
191	9072	225
192	9168	183
193	9264	353
194	9360	139
195	9457	138
196	9555	135
197	9653	265
198	9751	208
199	9850	304
200	9950	177
201	10050	182
202	10150	149
203	10251	759
204	10353	1330
205	10455	1110
206	10557	1580
207	10660	513
208	10764	555
209	10868	677
210	10972	156
211	11077	945
212	11183	202
213	11289	415
214	11395	235
215	11502	942
216	11610	1067
217	11718	460
218	11826	444
219	11935	1614
220	12045	229
221	12155	634
222	12265	227
223	12376	1566
224	12488	202
225	12600	1356
226	12712	736
227	12825	1007
228	12939	495
229	13053	537
230	13167	255
231	13282	1878
232	13398	1439
233	13514	272
234	13630	930
235	13747	607
236	13865	244
237	13983	304
238	14101	1005
239	14220	277
240	14340	646
241	14460	246
242	14580	256
243	14701	1281
244	14823	608
245	14945	290
246	15067	604
247	15190	283
248	15314	271
249	15438	843
250	15562	933
251	15687	537
252	15813	295
253	15939	427
254	16065	426
255	16192	290
256	16320	228
257	16448	359
258	16576	257
259	16705	235
260	16835	1073
261	16965	2361
262	17095	321
263	17226	1143
264	17358	245
265	17490	330
266	17622	338
267	17755	805
268	17889	326
269	18023	253
270	18157	325
271	18292	344
272	18428	252
273	18564	1561
274	18700	359
275	18837	751
276	18975	1855
277	19113	1873
278	19251	342
279	19390	295
280	19530	613
281	19670	1220
282	19810	1062
283	19951	1314
284	20093	1792
285	20235	545
286	20377	327
287	20520	817
288	20664	529
289	20808	833
290	20952	1324
291	21097	1494
292	21243	380
293	21389	415
294	21535	865
295	21682	384
296	21830	1463
297	21978	3255
298	22126	1158
299	22275	661
300	22425	3230
301	22575	886
302	22725	452
303	22876	2077
304	23028	2486
305	23180	1788
306	23332	473
307	23485	352
308	23639	3423
309	23793	2331
310	23947	1751
311	24102	462
312	24258	760
313	24414	2105
314	24570	1448
315	24727	1139
316	24885	2038
317	25043	2275
318	25201	1125
319	25360	429
320	25520	525
321	25680	1263
322	25840	767
323	26001	1187
324	26163	1611
325	26325	516
326	26487	508
327	26650	1483
328	26814	2237
329	26978	2379
330	27142	418
331	27307	1158
332	27473	515
333	27639	1944
334	27805	414
335	27972	583
336	28140	486
337	28308	512
338	28476	381
339	28645	2497
340	28815	505
341	28985	548
342	29155	429
343	29326	898
344	29498	601
345	29670	536
346	29842	450
347	30015	431
348	30189	561
349	30363	515
350	30537	602
351	30712	2578
352	30888	596
353	31064	910
354	31240	1147
355	31417	412
356	31595	553
357	31773	560
358	31951	584
359	32130	2131
360	32310	579
361	32490	494
362	32670	638
363	32851	452
364	33033	1086
365	33215	828
366	33397	929
367	33580	598
368	33764	3644
369	33948	453
370	34132	1716
371	34317	1428
372	34503	595
373	34689	450
374	34875	608
375	35062	872
376	35250	1619
377	35438	3624
378	35626	644
379	35815	1930
380	36005	1784
381	36195	1683
382	36385	2279
383	36576	4396
384	36768	1657
385	36960	5328
386	37152	3025
387	37345	4053
388	37539	699
389	37733	646
390	37927	1448
391	38122	4697
392	38318	704
393	38514	1925
394	38710	1968
395	38907	1220
396	39105	3724
397	39303	543
398	39501	2475
399	39700	629
400	39900	783
401	40100	880
402	40300	2331
403	40501	705
404	40703	654
405	40905	3321
406	41107	5680
407	41310	1078
408	41514	2120
409	41718	3105
410	41922	2328
411	42127	799
412	42333	842
413	42539	825
414	42745	1191
415	42952	2891
416	43160	857
417	43368	4797
418	43576	1521
419	43785	2878
420	43995	4652
421	44205	740
422	44415	765
423	44626	681
424	44838	638
425	45050	788
426	45262	874
427	45475	830
428	45689	4634
429	45903	636
430	46117	1559
431	46332	2121
432	46548	958
433	46764	786
434	46980	985
435	47197	2789
436	47415	2834
437	47633	669
438	47851	6526
439	48070	2067
440	48290	950
441	48510	4876
442	48730	1167
443	48951	971
444	49173	3007
445	49395	868
446	49617	996
447	49840	5337
448	50064	7731
449	50288	4556
450	50512	2305
451	50737	3275
452	50963	1234
453	51189	877
454	51415	726
455	51642	4956
456	51870	1268
457	52098	739
458	52326	962
459	52555	755
460	52785	766
461	53015	1024
462	53245	4171
463	53476	2292
464	53708	799
465	53940	1878
466	54172	1084
467	54405	1761
468	54639	922
469	54873	772
470	55107	5050
471	55342	1431
472	55578	1907
473	55814	7287
474	56050	1878
475	56287	4947
476	56525	853
477	56763	3746
478	57001	1117
479	57240	1657
480	57480	1123
481	57720	1090
482	57960	4286
483	58201	1160
484	58443	898
485	58685	1950
486	58927	859
487	59170	1153
488	59414	1952
489	59658	2311
490	59902	2688
491	60147	1607
492	60393	889
493	60639	844
494	60885	924
495	61132	877
496	61380	2011
497	61628	4954
498	61876	4151
499	62125	855
500	62375	2530
501	62625	5820
502	62875	2681
503	63126	1971
504	63378	3510
505	63630	9144
506	63882	2754
507	64135	9059
508	64389	1091
509	64643	936
510	64897	3320
511	65152	1922
512	65408	1302
513	65664	1310
514	65920	2900
515	66177	1121
516	66435	2021
517	66693	1016
518	66951	5776
519	67210	2271
520	67470	1269
521	67730	1293
522	67990	3714
523	68251	5376
524	68513	2032
525	68775	1783
526	69037	5027
527	69300	1352
528	69564	1085
529	69828	7201
530	70092	4771
531	70357	1175
532	70623	3897
533	70889	3033
534	71155	1028
535	71422	1010
536	71690	7288
537	71958	1228
538	72226	6196
539	72495	1397
540	72765	1231
541	73035	2629
542	73305	6022
543	73576	2297
544	73848	1413
545	74120	1076
546	74392	1086
547	74665	1136
548	74939	1425
549	75213	1070
550	75487	2010
551	75762	1258
552	76038	8373
553	76314	1421
554	76590	3028
555	76867	6740
556	77145	3146
557	77423	6181
558	77701	4256
559	77980	1895
560	78260	1457
561	78540	1977
562	78820	1444
563	79101	5835
564	79383	1732
565	79665	2056
566	79947	1484
567	80230	1333
568	80514	1547
569	80798	2089
570	81082	1794
571	81367	6968
572	81653	2440
573	81939	1553
574	82225	1612
575	82512	6012
576	82800	1318
577	83088	1392
578	83376	1676
579	83665	1339
580	83955	1608
581	84245	10352
582	84535	3525
583	84826	4052
584	85118	1260
585	85410	2229
586	85702	5326
587	85995	7947
588	86289	3318
589	86583	1277
590	86877	2779
591	87172	6745
592	87468	3722
593	87764	7684
594	88060	13736
595	88357	10732
596	88655	5513
597	88953	1419
598	89251	1808
599	89550	3061
600	89850	3335
601	90150	6770
602	90450	1458
603	90751	6553
604	91053	7078
605	91355	3904
606	91657	4023
607	91960	1789
608	92264	9300
609	92568	2301
610	92872	1548
611	93177	1472
612	93483	2154
613	93789	8449
614	94095	2682
615	94402	1708
616	94710	2104
617	95018	6645
618	95326	3204
619	95635	2489
620	95945	2216
621	96255	5966
622	96565	3095
623	96876	1932
624	97188	2143
625	97500	2250
626	97812	1733
627	98125	2018
628	98439	2109
629	98753	3652
630	99067	1970
631	99382	6632
632	99698	5747
633	100014	15486
634	100330	1684
635	100647	7752
636	100965	8840
637	101283	10959
638	101601	2120
639	101920	3466
640	102240	11283
641	102560	2922
642	102880	2446
643	103201	2342
644	103523	2055
645	103845	7445
646	104167	6960
647	104490	18996
648	104814	2243
649	105138	7558
650	105462	5146
651	105787	2580
652	106113	9334
653	106439	11269
654	106765	12043
655	107092	14683
656	107420	2153
657	107748	2041
658	108076	1720
659	108405	2731
660	108735	5009
661	109065	1729
662	109395	3823
663	109726	8037
664	110058	13490
665	110390	3277
666	110722	3785
667	111055	7750
668	111389	6541
669	111723	3027
670	112057	2464
671	112392	2411
672	112728	2145
673	113064	3510
674	113400	2546
675	113737	4699
676	114075	3139
677	114413	1780
678	114751	1847
679	115090	2591
680	115430	2680
681	115770	13373
682	116110	13588
683	116451	8627
684	116793	10495
685	117135	4574
686	117477	2627
687	117820	20186
688	118164	2462
689	118508	2364
690	118852	2610
691	119197	11144
692	119543	6639
693	119889	2919
694	120235	2629
695	120582	2048
696	120930	1767
697	121278	5299
698	121626	3393
699	121975	2015
700	122325	2063
701	122675	9661
702	123025	6485
703	123376	17678
704	123728	2202
705	124080	2144
706	124432	5717
707	124785	3256
708	125139	3351
709	125493	6646
710	125847	8319
711	126202	5598
712	126558	3261
713	126914	2973
714	127270	13113
715	127627	2640
716	127985	8172
717	128343	3293
718	128701	13109
719	129060	13213
720	129420	5429
721	129780	18224
722	130140	2131
723	130501	13000
724	130863	2208
725	131225	14517
726	131587	8701
727	131950	7563
728	132314	13102
729	132678	4788
730	133042	18762
731	133407	2406
732	133773	2218
733	134139	5725
734	134505	3521
735	134872	15465
736	135240	2206
737	135608	6059
738	135976	13379
739	136345	2304
740	136715	2394
741	137085	11376
742	137455	20946
743	137826	16540
744	138198	8940
745	138570	5421
746	138942	3586
747	139315	14130
748	139689	12775
749	140063	7821
750	140437	2651
751	140812	2858
752	141188	2781
753	141564	18349
754	141940	3814
755	142317	19952
756	142695	5593
757	143073	4265
758	143451	13447
759	143830	3185
760	144210	11824
761	144590	11281
762	144970	10237
763	145351	3081
764	145733	15516
765	146115	2899
766	146497	19679
767	146880	8223
768	147264	3425
769	147648	15102
770	148032	8396
771	148417	5825
772	148803	6149
773	149189	21620
774	149575	3815
775	149962	3199
776	150350	2516
777	150738	8836
778	151126	3392
779	151515	3365
780	151905	2847
781	152295	4916
782	152685	2787
783	153076	12949
784	153468	4483
785	153860	9608
786	154252	2788
787	154645	3123
788	155039	2525
789	155433	4245
790	155827	9767
791	156222	7489
792	156618	2957
793	157014	3539
794	157410	8896
795	157807	15239
796	158205	9504
797	158603	11032
798	159001	8322
799	159400	2601
800	159800	14031
801	160200	13746
802	160600	3397
803	161001	4618
804	161403	4430
805	161805	25610
806	162207	7961
807	162610	3556
808	163014	3910
809	163418	3082
810	163822	5803
811	164227	6295
812	164633	4239
813	165039	3329
814	165445	3654
815	165852	10101
816	166260	4907
817	166668	25600
818	167076	3425
819	167485	3326
820	167895	4476
821	168305	3785
822	168715	4497
823	169126	25918
824	169538	13418
825	169950	3139
826	170362	10892
827	170775	10895
828	171189	3476
829	171603	21280
830	172017	2898
831	172432	3861
832	172848	3907
833	173264	4630
834	173680	2766
835	174097	3603
836	174515	21874
837	174933	3818
838	175351	8400
839	175770	3932
840	176190	19841
841	176610	15793
842	177030	13599
843	177451	21320
844	177873	2806
845	178295	7146
846	178717	3704
847	179140	13883
848	179564	9858
849	179988	3922
850	180412	2887
851	180837	3643
852	181263	2769
853	181689	4193
854	182115	19269
855	182542	12227
856	182970	12083
857	183398	4074
858	183826	3353
859	184255	2802
860	184685	2884
861	185115	11658
862	185545	12611
863	185976	2934
864	186408	15528
865	186840	13439
866	187272	3241
867	187705	8936
868	188139	20092
869	188573	3302
870	189007	10748
871	189442	4480
872	189878	4590
873	190314	16442
874	190750	4017
875	191187	4339
876	191625	22016
877	192063	19587
878	192501	14672
879	192940	21584
880	193380	4296
881	193820	6531
882	194260	4706
883	194701	4629
884	195143	7199
885	195585	5705
886	196027	8457
887	196470	9847
888	196914	9372
889	197358	3835
890	197802	25006
891	198247	7975
892	198693	17399
893	199139	4098
894	199585	20293
895	200032	15977
896	200480	9042
897	200928	13449
898	201376	16014
899	201825	17268
900	202275	13373
901	202725	5139
902	203175	4169
903	203626	4154
904	204078	19165
905	204530	6877
906	204982	14415
907	205435	20465
908	205889	15243
909	206343	5054
910	206797	35690
911	207252	20181
912	207708	3617
913	208164	20762
914	208620	30672
915	209077	13405
916	209535	4256
917	209993	13899
918	210451	6847
919	210910	4531
920	211370	4480
921	211830	5023
922	212290	8556
923	212751	4777
924	213213	6560
925	213675	3835
926	214137	8780
927	214600	4627
928	215064	13437
929	215528	4245
930	215992	4622
931	216457	4356
932	216923	4525
933	217389	4079
934	217855	24083
935	218322	22203
936	218790	4204
937	219258	20400
938	219726	10636
939	220195	4772
940	220665	19291
941	221135	30375
942	221605	28552
943	222076	14503
944	222548	16725
945	223020	14139
946	223492	4815
947	223965	17816
948	224439	5042
949	224913	4970
950	225387	14653
951	225862	35982
952	226338	4871
953	226814	6721
954	227290	19231
955	227767	4782
956	228245	26475
957	228723	4080
958	229201	5592
959	229680	4488
960	230160	5303
961	230640	3506
962	231120	5725
963	231601	5432
964	232083	7588
965	232565	4243
966	233047	26618
967	233530	37958
968	234014	15229
969	234498	25015
970	234982	28545
971	235467	9223
972	235953	21077
973	236439	18440
974	236925	20847
975	237412	23190
976	237900	9426
977	238388	14536
978	238876	25488
979	239365	12657
980	239855	18169
981	240345	5060
982	240835	4882
983	241326	5273
984	241818	5324
985	242310	5557
986	242802	4846
987	243295	5019
988	243789	9890
989	244283	21490
990	244777	4948
991	245272	23895
992	245768	4307
993	246264	29431
994	246760	22765
995	247257	5074
996	247755	26586
997	248253	4832
998	248751	29382
999	249250	5373
1000	249750	5800
