100	99	0
101	101	0
102	103	0
103	105	0
104	107	9
105	109	0
106	111	0
107	113	0
108	115	7
109	117	0
110	119	0
111	122	0
112	124	0
113	126	0
114	128	0
115	131	0
116	133	0
117	135	0
118	138	0
119	140	0
120	142	0
121	145	0
122	147	0
123	150	0
124	152	0
125	155	0
126	157	0
127	160	0
128	162	2
129	165	0
130	167	0
131	170	0
132	172	0
133	175	1
134	178	0
135	180	0
136	183	0
137	186	0
138	189	0
139	191	0
140	194	1
141	197	1
142	200	0
143	203	0
144	205	0
145	208	2
146	211	0
147	214	0
148	217	0
149	220	0
150	223	2
151	226	0
152	229	0
153	232	0
154	235	0
155	238	0
156	241	1
157	244	0
158	248	1
159	251	0
160	254	0
161	257	0
162	260	2
163	264	0
164	267	0
165	270	33
166	273	0
167	277	1
168	280	2
169	283	0
170	287	12
171	290	7
172	294	0
173	297	0
174	301	1
175	304	105
176	308	12
177	311	1
178	315	0
179	318	0
180	322	13
181	325	1
182	329	9
183	333	2
184	336	7
185	340	2
186	344	1
187	347	1
188	351	2
189	355	0
190	359	2
191	362	1
192	366	1
193	370	1
194	374	41
195	378	1
196	382	1
197	386	0
198	390	1
199	394	1
200	398	1
201	402	1
202	406	50
203	410	1
204	414	1
205	418	0
206	422	36
207	426	36
208	430	1
209	434	1
210	438	1
211	443	1
212	447	1
213	451	40
214	455	12
215	460	1
216	464	3
217	468	1
218	473	2
219	477	32
220	481	11
221	486	0
222	490	4
223	495	1
224	499	1
225	504	1
226	508	1
227	513	1
228	517	20
229	522	2
230	526	1
231	531	1
232	535	2
233	540	1
234	545	1
235	549	2
236	554	1
237	559	1
238	564	48
239	568	1
240	573	1
241	578	1
242	583	5
243	588	5
244	592	2
245	597	1
246	602	50
247	607	2
248	612	8
249	617	1
250	622	1
251	627	2
252	632	10
253	637	1
254	642	2
255	647	1
256	652	12
257	657	1
258	663	1
259	668	1
260	673	24
261	678	3
262	683	6
263	689	1
264	694	2
265	699	2
266	704	12
267	710	6
268	715	1
269	720	1
270	726	61
271	731	1
272	737	1
273	742	1
274	748	1
275	753	1
276	759	4
277	764	2
278	770	1
279	775	1
280	781	10
281	786	2
282	792	4
283	798	1
284	803	2
285	809	2
286	815	2
287	820	1
288	826	1
289	832	29
290	838	2
291	843	7
292	849	3
293	855	2
294	861	2
295	867	23
296	873	34
297	879	3
298	885	2
299	891	2
300	897	5
301	903	163
302	909	2
303	915	3
304	921	2
305	927	3
306	933	2
307	939	9
308	945	2
309	951	2
310	957	6
311	964	22
312	970	2
313	976	2
314	982	2
315	989	2
316	995	2
317	1001	2
318	1008	2
319	1014	2
320	1020	4
321	1027	2
322	1033	2
323	1040	2
324	1046	5
325	1053	3
326	1059	3
327	1066	2
328	1072	40
329	1079	2
330	1085	27
331	1092	5
332	1098	2
333	1105	4
334	1112	2
335	1118	53
336	1125	3
337	1132	2
338	1139	3
339	1145	4
340	1152	3
341	1159	5
342	1166	7
343	1173	3
344	1179	2
345	1186	2
346	1193	2
347	1200	5
348	1207	2
349	1214	2
350	1221	4
351	1228	4
352	1235	2
353	1242	20
354	1249	25
355	1256	6
356	1263	6
357	1270	2
358	1278	5
359	1285	5
360	1292	4
361	1299	2
362	1306	2
363	1314	2
364	1321	2
365	1328	5
366	1335	2
367	1343	2
368	1350	2
369	1357	2
370	1365	2
371	1372	5
372	1380	2
373	1387	152
374	1395	2
375	1402	4
376	1410	2
377	1417	2
378	1425	2
379	1432	5
380	1440	2
381	1447	1
382	1455	6
383	1463	4
384	1470	4
385	1478	2
386	1486	3
387	1493	3
388	1501	4
389	1509	2
390	1517	4
391	1524	4
392	1532	1
393	1540	1
394	1548	2
395	1556	2
396	1564	2
397	1572	2
398	1580	12
399	1588	2
400	1596	4
401	1604	9
402	1612	2
403	1620	3
404	1628	22
405	1636	3
406	1644	2
407	1652	2
408	1660	3
409	1668	2
410	1676	5
411	1685	3
412	1693	2
413	1701	3
414	1709	3
415	1718	2
416	1726	3
417	1734	2
418	1743	2
419	1751	3
420	1759	7
421	1768	3
422	1776	2
423	1785	2
424	1793	4
425	1802	2
426	1810	2
427	1819	2
428	1827	1
429	1836	2
430	1844	7
431	1853	2
432	1861	4
433	1870	4
434	1879	3
435	1887	4
436	1896	3
437	1905	2
438	1914	21
439	1922	5
440	1931	4
441	1940	4
442	1949	6
443	1958	3
444	1966	3
445	1975	3
446	1984	2
447	1993	4
448	2002	3
449	2011	62
450	2020	2
451	2029	35
452	2038	5
453	2047	4
454	2056	3
455	2065	4
456	2074	4
457	2083	4
458	2093	3
459	2102	4
460	2111	5
461	2120	3
462	2129	44
463	2139	3
464	2148	4
465	2157	3
466	2166	37
467	2176	42
468	2185	6
469	2194	4
470	2204	2
471	2213	3
472	2223	4
473	2232	3
474	2242	2
475	2251	5
476	2261	8
477	2270	3
478	2280	3
479	2289	3
480	2299	4
481	2308	2
482	2318	4
483	2328	4
484	2337	3
485	2347	5
486	2357	3
487	2366	3
488	2376	5
489	2386	3
490	2396	5
491	2405	4
492	2415	4
493	2425	3
494	2435	4
495	2445	3
496	2455	3
497	2465	5
498	2475	3
499	2485	3
500	2495	3
501	2505	41
502	2515	4
503	2525	3
504	2535	3
505	2545	25
506	2555	3
507	2565	4
508	2575	11
509	2585	2
510	2595	5
511	2606	3
512	2616	4
513	2626	7
514	2636	4
515	2647	40
516	2657	3
517	2667	2
518	2678	5
519	2688	3
520	2698	3
521	2709	3
522	2719	4
523	2730	4
524	2740	2
525	2751	3
526	2761	4
527	2772	3
528	2782	3
529	2793	3
530	2803	2
531	2814	5
532	2824	6
533	2835	3
534	2846	5
535	2856	5
536	2867	3
537	2878	5
538	2889	5
539	2899	3
540	2910	3
541	2921	3
542	2932	11
543	2943	2
544	2953	3
545	2964	2
546	2975	6
547	2986	3
548	2997	6
549	3008	6
550	3019	5
551	3030	4
552	3041	6
553	3052	42
554	3063	7
555	3074	4
556	3085	3
557	3096	5
558	3108	3
559	3119	3
560	3130	2
561	3141	5
562	3152	5
563	3164	4
564	3175	4
565	3186	4
566	3197	4
567	3209	4
568	3220	3
569	3231	5
570	3243	5
571	3254	2
572	3266	4
573	3277	6
574	3289	3
575	3300	4
576	3312	5
577	3323	7
578	3335	6
579	3346	5
580	3358	4
581	3369	5
582	3381	3
583	3393	7
584	3404	4
585	3416	6
586	3428	3
587	3439	5
588	3451	5
589	3463	5
590	3475	33
591	3486	4
592	3498	6
593	3510	4
594	3522	4
595	3534	4
596	3546	4
597	3558	3
598	3570	3
599	3582	5
600	3594	6
601	3606	4
602	3618	5
603	3630	3
604	3642	2
605	3654	3
606	3666	4
607	3678	6
608	3690	6
609	3702	38
610	3714	47
611	3727	4
612	3739	19
613	3751	5
614	3763	3
615	3776	6
616	3788	5
617	3800	6
618	3813	5
619	3825	4
620	3837	4
621	3850	4
622	3862	3
623	3875	3
624	3887	4
625	3900	4
626	3912	4
627	3925	3
628	3937	35
629	3950	4
630	3962	5
631	3975	4
632	3987	4
633	4000	3
634	4013	4
635	4025	4
636	4038	5
637	4051	4
638	4064	7
639	4076	4
640	4089	4
641	4102	4
642	4115	4
643	4128	3
644	4140	4
645	4153	4
646	4166	6
647	4179	6
648	4192	9
649	4205	4
650	4218	3
651	4231	6
652	4244	8
653	4257	4
654	4270	5
655	4283	5
656	4296	6
657	4309	4
658	4323	4
659	4336	5
660	4349	5
661	4362	3
662	4375	4
663	4389	4
664	4402	51
665	4415	6
666	4428	6
667	4442	8
668	4455	129
669	4468	32
670	4482	4
671	4495	34
672	4509	6
673	4522	4
674	4536	4
675	4549	7
676	4563	4
677	4576	8
678	4590	51
679	4603	4
680	4617	5
681	4630	7
682	4644	5
683	4658	7
684	4671	7
685	4685	3
686	4699	7
687	4712	3
688	4726	8
689	4740	5
690	4754	4
691	4767	6
692	4781	5
693	4795	4
694	4809	3
695	4823	5
696	4837	5
697	4851	7
698	4865	4
699	4879	3
700	4893	4
701	4907	4
702	4921	5
703	4935	6
704	4949	5
705	4963	6
706	4977	11
707	4991	13
708	5005	7
709	5019	3
710	5033	6
711	5048	4
712	5062	7
713	5076	7
714	5090	5
715	5105	4
716	5119	6
717	5133	7
718	5148	6
719	5162	7
720	5176	7
721	5191	7
722	5205	6
723	5220	6
724	5234	6
725	5249	4
726	5263	5
727	5278	4
728	5292	6
729	5307	4
730	5321	7
731	5336	6
732	5350	4
733	5365	5
734	5380	5
735	5394	5
736	5409	3
737	5424	7
738	5439	7
739	5453	12
740	5468	5
741	5483	4
742	5498	5
743	5513	5
744	5527	5
745	5542	5
746	5557	5
747	5572	5
748	5587	5
749	5602	44
750	5617	8
751	5632	13
752	5647	6
753	5662	6
754	5677	5
755	5692	7
756	5707	5
757	5722	4
758	5738	4
759	5753	5
760	5768	7
761	5783	8
762	5798	5
763	5814	6
764	5829	7
765	5844	6
766	5859	5
767	5875	5
768	5890	5
769	5905	6
770	5921	3
771	5936	4
772	5952	8
773	5967	8
774	5983	5
775	5998	9
776	6014	4
777	6029	4
778	6045	5
779	6060	4
780	6076	5
781	6091	5
782	6107	5
783	6123	4
784	6138	5
785	6154	5
786	6170	4
787	6185	7
788	6201	8
789	6217	6
790	6233	6
791	6248	5
792	6264	4
793	6280	8
794	6296	3
795	6312	7
796	6328	5
797	6344	5
798	6360	10
799	6376	8
800	6392	4
801	6408	8
802	6424	5
803	6440	9
804	6456	9
805	6472	5
806	6488	4
807	6504	5
808	6520	7
809	6536	6
810	6552	4
811	6569	5
812	6585	4
813	6601	6
814	6617	6
815	6634	8
816	6650	9
817	6666	4
818	6683	5
819	6699	6
820	6715	4
821	6732	7
822	6748	7
823	6765	4
824	6781	5
825	6798	8
826	6814	5
827	6831	5
828	6847	5
829	6864	4
830	6880	4
831	6897	10
832	6913	8
833	6930	9
834	6947	6
835	6963	5
836	6980	4
837	6997	18
838	7014	9
839	7030	8
840	7047	5
841	7064	21
842	7081	8
843	7098	8
844	7114	8
845	7131	6
846	7148	7
847	7165	4
848	7182	4
849	7199	8
850	7216	11
851	7233	6
852	7250	11
853	7267	4
854	7284	9
855	7301	6
856	7318	9
857	7335	11
858	7353	6
859	7370	11
860	7387	6
861	7404	17
862	7421	6
863	7439	11
864	7456	7
865	7473	5
866	7490	6
867	7508	6
868	7525	5
869	7542	5
870	7560	11
871	7577	5
872	7595	10
873	7612	40
874	7630	41
875	7647	5
876	7665	12
877	7682	6
878	7700	7
879	7717	30
880	7735	24
881	7752	53
882	7770	5
883	7788	42
884	7805	13
885	7823	54
886	7841	48
887	7858	5
888	7876	7
889	7894	7
890	7912	5
891	7929	40
892	7947	5
893	7965	7
894	7983	5
895	8001	5
896	8019	51
897	8037	6
898	8055	54
899	8073	43
900	8091	7
901	8109	7
902	8127	38
903	8145	43
904	8163	8
905	8181	7
906	8199	5
907	8217	6
908	8235	6
909	8253	8
910	8271	8
911	8290	5
912	8308	46
913	8326	7
914	8344	11
915	8363	46
916	8381	7
917	8399	6
918	8418	7
919	8436	6
920	8454	8
921	8473	45
922	8491	6
923	8510	8
924	8528	29
925	8547	8
926	8565	8
927	8584	6
928	8602	5
929	8621	5
930	8639	6
931	8658	7
932	8676	5
933	8695	7
934	8714	52
935	8732	6
936	8751	6
937	8770	7
938	8789	7
939	8807	6
940	8826	48
941	8845	33
942	8864	7
943	8883	5
944	8901	51
945	8920	43
946	8939	8
947	8958	55
948	8977	6
949	8996	7
950	9015	7
951	9034	9
952	9053	7
953	9072	9
954	9091	10
955	9110	8
956	9129	7
957	9148	5
958	9168	49
959	9187	5
960	9206	6
961	9225	24
962	9244	8
963	9264	39
964	9283	5
965	9302	41
966	9321	65
967	9341	8
968	9360	6
969	9379	6
970	9399	45
971	9418	9
972	9438	6
973	9457	10
974	9477	7
975	9496	6
976	9516	42
977	9535	5
978	9555	42
979	9574	10
980	9594	6
981	9613	10
982	9633	6
983	9653	7
984	9672	5
985	9692	6
986	9712	51
987	9731	33
988	9751	8
989	9771	5
990	9791	7
991	9810	7
992	9830	5
993	9850	7
994	9870	6
995	9890	8
996	9910	49
997	9930	40
998	9950	47
999	9970	50
1000	9990	49
