100	99	0
101	101	0
102	103	1
103	105	0
104	107	0
105	109	0
106	111	1
107	113	0
108	115	0
109	117	0
110	119	0
111	122	0
112	124	1
113	126	0
114	128	0
115	131	1
116	133	0
117	135	0
118	138	0
119	140	1
120	142	1
121	145	0
122	147	0
123	150	0
124	152	0
125	155	0
126	157	0
127	160	0
128	162	1
129	165	0
130	167	0
131	170	0
132	172	0
133	175	1
134	178	1
135	180	0
136	183	1
137	186	7
138	189	1
139	191	1
140	194	1
141	197	1
142	200	1
143	203	1
144	205	1
145	208	1
146	211	6
147	214	0
148	217	0
149	220	1
150	223	5
151	226	0
152	229	0
153	232	0
154	235	1
155	238	0
156	241	7
157	244	4
158	248	1
159	251	0
160	254	2
161	257	1
162	260	1
163	264	1
164	267	0
165	270	57
166	273	0
167	277	0
168	280	1
169	283	1
170	287	1
171	290	1
172	294	1
173	297	3
174	301	1
175	304	1
176	308	2
177	311	1
178	315	0
179	318	8
180	322	1
181	325	10
182	329	17
183	333	1
184	336	2
185	340	7
186	344	9
187	347	1
188	351	1
189	355	1
190	359	1
191	362	1
192	366	7
193	370	1
194	374	22
195	378	7
196	382	1
197	386	3
198	390	1
199	394	1
200	398	10
201	402	1
202	406	1
203	410	3
204	414	16
205	418	17
206	422	17
207	426	0
208	430	1
209	434	1
210	438	4
211	443	1
212	447	3
213	451	1
214	455	1
215	460	1
216	464	194
217	468	1
218	473	1
219	477	1
220	481	1
221	486	1
222	490	15
223	495	1
224	499	0
225	504	1
226	508	1
227	513	2
228	517	1
229	522	1
230	526	1
231	531	1
232	535	3
233	540	3
234	545	1
235	549	2
236	554	1
237	559	1
238	564	13
239	568	1
240	573	1
241	578	1
242	583	37
243	588	1
244	592	2
245	597	13
246	602	1
247	607	2
248	612	7
249	617	2
250	622	9
251	627	2
252	632	2
253	637	2
254	642	1
255	647	9
256	652	2
257	657	1
258	663	1
259	668	1
260	673	1
261	678	1
262	683	1
263	689	1
264	694	3
265	699	2
266	704	4
267	710	3
268	715	2
269	720	24
270	726	1
271	731	2
272	737	2
273	742	1
274	748	1
275	753	2
276	759	3
277	764	4
278	770	1
279	775	1
280	781	2
281	786	4
282	792	2
283	798	1
284	803	3
285	809	2
286	815	1
287	820	2
288	826	1
289	832	3
290	838	2
291	843	1
292	849	3
293	855	2
294	861	11
295	867	2
296	873	2
297	879	2
298	885	1
299	891	1
300	897	3
301	903	3
302	909	2
303	915	3
304	921	2
305	927	2
306	933	2
307	939	2
308	945	4
309	951	36
310	957	2
311	964	38
312	970	3
313	976	1
314	982	11
315	989	10
316	995	2
317	1001	2
318	1008	47
319	1014	2
320	1020	2
321	1027	5
322	1033	2
323	1040	2
324	1046	2
325	1053	2
326	1059	3
327	1066	2
328	1072	23
329	1079	2
330	1085	39
331	1092	2
332	1098	2
333	1105	3
334	1112	2
335	1118	26
336	1125	12
337	1132	2
338	1139	2
339	1145	4
340	1152	2
341	1159	2
342	1166	2
343	1173	5
344	1179	2
345	1186	2
346	1193	5
347	1200	2
348	1207	5
349	1214	2
350	1221	4
351	1228	2
352	1235	2
353	1242	3
354	1249	4
355	1256	5
356	1263	2
357	1270	3
358	1278	2
359	1285	6
360	1292	3
361	1299	2
362	1306	3
363	1314	2
364	1321	6
365	1328	5
366	1335	4
367	1343	3
368	1350	3
369	1357	5
370	1365	2
371	1372	2
372	1380	3
373	1387	2
374	1395	2
375	1402	2
376	1410	18
377	1417	2
378	1425	2
379	1432	4
380	1440	5
381	1447	35
382	1455	6
383	1463	4
384	1470	2
385	1478	2
386	1486	2
387	1493	2
388	1501	47
389	1509	3
390	1517	3
391	1524	2
392	1532	2
393	1540	4
394	1548	3
395	1556	4
396	1564	3
397	1572	3
398	1580	3
399	1588	2
400	1596	4
401	1604	3
402	1612	2
403	1620	2
404	1628	3
405	1636	2
406	1644	3
407	1652	3
408	1660	6
409	1668	3
410	1676	3
411	1685	3
412	1693	3
413	1701	3
414	1709	2
415	1718	2
416	1726	2
417	1734	3
418	1743	3
419	1751	4
420	1759	11
421	1768	5
422	1776	2
423	1785	3
424	1793	10
425	1802	3
426	1810	3
427	1819	2
428	1827	7
429	1836	3
430	1844	6
431	1853	6
432	1861	3
433	1870	4
434	1879	3
435	1887	3
436	1896	3
437	1905	41
438	1914	3
439	1922	4
440	1931	3
441	1940	5
442	1949	4
443	1958	3
444	1966	4
445	1975	3
446	1984	4
447	1993	3
448	2002	2
449	2011	4
450	2020	35
451	2029	41
452	2038	3
453	2047	4
454	2056	4
455	2065	4
456	2074	4
457	2083	4
458	2093	4
459	2102	5
460	2111	3
461	2120	4
462	2129	44
463	2139	5
464	2148	54
465	2157	5
466	2166	24
467	2176	4
468	2185	4
469	2194	23
470	2204	3
471	2213	3
472	2223	4
473	2232	4
474	2242	10
475	2251	4
476	2261	3
477	2270	5
478	2280	4
479	2289	4
480	2299	4
481	2308	3
482	2318	52
483	2328	4
484	2337	3
485	2347	3
486	2357	3
487	2366	4
488	2376	4
489	2386	3
490	2396	4
491	2405	4
492	2415	30
493	2425	2
494	2435	4
495	2445	40
496	2455	4
497	2465	39
498	2475	3
499	2485	6
500	2495	24
501	2505	4
502	2515	4
503	2525	2
504	2535	3
505	2545	35
506	2555	5
507	2565	7
508	2575	41
509	2585	4
510	2595	4
511	2606	41
512	2616	3
513	2626	3
514	2636	3
515	2647	4
516	2657	7
517	2667	3
518	2678	3
519	2688	4
520	2698	4
521	2709	12
522	2719	3
523	2730	2
524	2740	3
525	2751	3
526	2761	4
527	2772	3
528	2782	3
529	2793	3
530	2803	4
531	2814	4
532	2824	5
533	2835	4
534	2846	6
535	2856	10
536	2867	6
537	2878	4
538	2889	6
539	2899	4
540	2910	4
541	2921	7
542	2932	3
543	2943	6
544	2953	6
545	2964	3
546	2975	6
547	2986	4
548	2997	3
549	3008	5
550	3019	5
551	3030	3
552	3041	4
553	3052	45
554	3063	3
555	3074	4
556	3085	4
557	3096	6
558	3108	6
559	3119	4
560	3130	3
561	3141	3
562	3152	5
563	3164	5
564	3175	3
565	3186	3
566	3197	4
567	3209	3
568	3220	3
569	3231	3
570	3243	3
571	3254	4
572	3266	4
573	3277	4
574	3289	3
575	3300	5
576	3312	6
577	3323	7
578	3335	4
579	3346	3
580	3358	4
581	3369	3
582	3381	4
583	3393	4
584	3404	4
585	3416	70
586	3428	5
587	3439	4
588	3451	6
589	3463	3
590	3475	4
591	3486	3
592	3498	2
593	3510	4
594	3522	3
595	3534	2
596	3546	5
597	3558	5
598	3570	4
599	3582	45
600	3594	6
601	3606	22
602	3618	4
603	3630	9
604	3642	6
605	3654	4
606	3666	6
607	3678	5
608	3690	4
609	3702	4
610	3714	3
611	3727	6
612	3739	6
613	3751	5
614	3763	4
615	3776	5
616	3788	4
617	3800	3
618	3813	5
619	3825	4
620	3837	4
621	3850	5
622	3862	3
623	3875	6
624	3887	6
625	3900	4
626	3912	5
627	3925	33
628	3937	4
629	3950	5
630	3962	6
631	3975	23
632	3987	34
633	4000	54
634	4013	7
635	4025	3
636	4038	6
637	4051	5
638	4064	4
639	4076	44
640	4089	6
641	4102	20
642	4115	6
643	4128	3
644	4140	4
645	4153	3
646	4166	6
647	4179	5
648	4192	5
649	4205	6
650	4218	3
651	4231	5
652	4244	8
653	4257	7
654	4270	4
655	4283	4
656	4296	4
657	4309	15
658	4323	4
659	4336	5
660	4349	15
661	4362	4
662	4375	4
663	4389	47
664	4402	46
665	4415	27
666	4428	16
667	4442	10
668	4455	7
669	4468	4
670	4482	5
671	4495	4
672	4509	5
673	4522	5
674	4536	6
675	4549	7
676	4563	5
677	4576	4
678	4590	5
679	4603	10
680	4617	6
681	4630	4
682	4644	8
683	4658	7
684	4671	6
685	4685	5
686	4699	6
687	4712	7
688	4726	7
689	4740	6
690	4754	6
691	4767	5
692	4781	11
693	4795	5
694	4809	9
695	4823	6
696	4837	3
697	4851	6
698	4865	7
699	4879	7
700	4893	5
701	4907	7
702	4921	3
703	4935	5
704	4949	4
705	4963	5
706	4977	4
707	4991	5
708	5005	3
709	5019	5
710	5033	6
711	5048	4
712	5062	5
713	5076	5
714	5090	5
715	5105	5
716	5119	5
717	5133	7
718	5148	4
719	5162	4
720	5176	6
721	5191	7
722	5205	7
723	5220	5
724	5234	3
725	5249	5
726	5263	4
727	5278	5
728	5292	3
729	5307	4
730	5321	6
731	5336	43
732	5350	8
733	5365	48
734	5380	5
735	5394	5
736	5409	7
737	5424	7
738	5439	5
739	5453	7
740	5468	5
741	5483	5
742	5498	4
743	5513	5
744	5527	5
745	5542	5
746	5557	6
747	5572	5
748	5587	6
749	5602	7
750	5617	8
751	5632	6
752	5647	7
753	5662	5
754	5677	5
755	5692	5
756	5707	9
757	5722	13
758	5738	6
759	5753	5
760	5768	8
761	5783	6
762	5798	8
763	5814	3
764	5829	7
765	5844	4
766	5859	5
767	5875	6
768	5890	5
769	5905	6
770	5921	7
771	5936	8
772	5952	5
773	5967	5
774	5983	9
775	5998	4
776	6014	8
777	6029	7
778	6045	4
779	6060	8
780	6076	6
781	6091	5
782	6107	11
783	6123	5
784	6138	6
785	6154	5
786	6170	3
787	6185	5
788	6201	7
789	6217	8
790	6233	5
791	6248	5
792	6264	5
793	6280	6
794	6296	9
795	6312	4
796	6328	6
797	6344	10
798	6360	5
799	6376	11
800	6392	4
801	6408	5
802	6424	4
803	6440	6
804	6456	5
805	6472	6
806	6488	10
807	6504	8
808	6520	4
809	6536	4
810	6552	8
811	6569	6
812	6585	6
813	6601	9
814	6617	9
815	6634	8
816	6650	6
817	6666	8
818	6683	4
819	6699	4
820	6715	7
821	6732	7
822	6748	9
823	6765	8
824	6781	4
825	6798	8
826	6814	7
827	6831	7
828	6847	16
829	6864	9
830	6880	5
831	6897	4
832	6913	6
833	6930	9
834	6947	8
835	6963	6
836	6980	9
837	6997	4
838	7014	12
839	7030	11
840	7047	9
841	7064	4
842	7081	4
843	7098	5
844	7114	9
845	7131	4
846	7148	5
847	7165	7
848	7182	9
849	7199	8
850	7216	6
851	7233	9
852	7250	7
853	7267	6
854	7284	10
855	7301	5
856	7318	7
857	7335	10
858	7353	4
859	7370	8
860	7387	7
861	7404	13
862	7421	9
863	7439	6
864	7456	8
865	7473	5
866	7490	5
867	7508	7
868	7525	7
869	7542	7
870	7560	8
871	7577	7
872	7595	8
873	7612	7
874	7630	53
875	7647	8
876	7665	34
877	7682	10
878	7700	6
879	7717	41
880	7735	46
881	7752	59
882	7770	5
883	7788	5
884	7805	8
885	7823	27
886	7841	39
887	7858	6
888	7876	8
889	7894	6
890	7912	5
891	7929	38
892	7947	7
893	7965	8
894	7983	49
895	8001	7
896	8019	29
897	8037	6
898	8055	53
899	8073	44
900	8091	7
901	8109	5
902	8127	49
903	8145	43
904	8163	9
905	8181	7
906	8199	5
907	8217	13
908	8235	5
909	8253	7
910	8271	7
911	8290	9
912	8308	48
913	8326	7
914	8344	8
915	8363	44
916	8381	9
917	8399	7
918	8418	9
919	8436	6
920	8454	11
921	8473	49
922	8491	9
923	8510	8
924	8528	9
925	8547	6
926	8565	27
927	8584	14
928	8602	8
929	8621	8
930	8639	6
931	8658	5
932	8676	7
933	8695	8
934	8714	63
935	8732	9
936	8751	6
937	8770	7
938	8789	6
939	8807	5
940	8826	6
941	8845	44
942	8864	7
943	8883	7
944	8901	45
945	8920	44
946	8939	6
947	8958	30
948	8977	8
949	8996	8
950	9015	9
951	9034	44
952	9053	8
953	9072	51
954	9091	6
955	9110	8
956	9129	6
957	9148	7
958	9168	8
959	9187	7
960	9206	7
961	9225	66
962	9244	6
963	9264	39
964	9283	55
965	9302	31
966	9321	48
967	9341	6
968	9360	7
969	9379	11
970	9399	25
971	9418	9
972	9438	6
973	9457	51
974	9477	7
975	9496	8
976	9516	43
977	9535	6
978	9555	29
979	9574	6
980	9594	150
981	9613	8
982	9633	6
983	9653	9
984	9672	9
985	9692	5
986	9712	44
987	9731	39
988	9751	6
989	9771	6
990	9791	8
991	9810	13
992	9830	5
993	9850	8
994	9870	6
995	9890	10
996	9910	34
997	9930	6
998	9950	52
999	9970	44
1000	9990	47
