100	2475	18
101	2525	18
102	2575	24
103	2626	19
104	2678	20
105	2730	18
106	2782	19
107	2835	20
108	2889	298
109	2943	20
110	2997	20
111	3052	18
112	3108	20
113	3164	249
114	3220	21
115	3277	20
116	3335	20
117	3393	20
118	3451	21
119	3510	23
120	3570	20
121	3630	20
122	3690	20
123	3751	20
124	3813	21
125	3875	63
126	3937	19
127	4000	20
128	4064	21
129	4128	27
130	4192	158
131	4257	19
132	4323	20
133	4389	19
134	4455	21
135	4522	21
136	4590	21
137	4658	24
138	4726	22
139	4795	19
140	4865	22
141	4935	31
142	5005	23
143	5076	22
144	5148	22
145	5220	21
146	5292	20
147	5365	21
148	5439	26
149	5513	167
150	5587	19
151	5662	21
152	5738	21
153	5814	21
154	5890	22
155	5967	22
156	6045	22
157	6123	22
158	6201	22
159	6280	20
160	6360	22
161	6440	21
162	6520	20
163	6601	23
164	6683	23
165	6765	22
166	6847	23
167	6930	22
168	7014	23
169	7098	22
170	7182	23
171	7267	23
172	7353	24
173	7439	23
174	7525	22
175	7612	22
176	7700	24
177	7788	23
178	7876	23
179	7965	23
180	8055	22
181	8145	22
182	8235	23
183	8326	25
184	8418	22
185	8510	24
186	8602	27
187	8695	23
188	8789	22
189	8883	23
190	8977	40
191	9072	22
192	9168	24
193	9264	20
194	9360	24
195	9457	25
196	9555	23
197	9653	24
198	9751	24
199	9850	24
200	9950	24
201	10050	24
202	10150	24
203	10251	23
204	10353	152
205	10455	23
206	10557	21
207	10660	478
208	10764	25
209	10868	25
210	10972	25
211	11077	24
212	11183	21
213	11289	24
214	11395	26
215	11502	23
216	11610	307
217	11718	25
218	11826	35
219	11935	25
220	12045	25
221	12155	23
222	12265	25
223	12376	38
224	12488	24
225	12600	25
226	12712	24
227	12825	24
228	12939	24
229	13053	24
230	13167	25
231	13282	24
232	13398	26
233	13514	25
234	13630	25
235	13747	24
236	13865	25
237	13983	27
238	14101	24
239	14220	21
240	14340	22
241	14460	25
242	14580	60
243	14701	24
244	14823	25
245	14945	25
246	15067	25
247	15190	24
248	15314	25
249	15438	25
250	15562	25
251	15687	23
252	15813	22
253	15939	22
254	16065	22
255	16192	24
256	16320	22
257	16448	24
258	16576	23
259	16705	25
260	16835	49
261	16965	26
262	17095	26
263	17226	22
264	17358	23
265	17490	23
266	17622	24
267	17755	25
268	17889	25
269	18023	25
270	18157	26
271	18292	26
272	18428	27
273	18564	25
274	18700	27
275	18837	28
276	18975	28
277	19113	26
278	19251	26
279	19390	199
280	19530	22
281	19670	25
282	19810	26
283	19951	27
284	20093	27
285	20235	26
286	20377	23
287	20520	23
288	20664	27
289	20808	106
290	20952	27
291	21097	26
292	21243	53
293	21389	23
294	21535	23
295	21682	26
296	21830	26
297	21978	28
298	22126	161
299	22275	26
300	22425	27
301	22575	26
302	22725	27
303	22876	27
304	23028	27
305	23180	23
306	23332	26
307	23485	27
308	23639	23
309	23793	24
310	23947	31
311	24102	26
312	24258	27
313	24414	26
314	24570	23
315	24727	27
316	24885	26
317	25043	28
318	25201	28
319	25360	27
320	25520	27
321	25680	26
322	25840	29
323	26001	34
324	26163	27
325	26325	151
326	26487	27
327	26650	28
328	26814	28
329	26978	29
330	27142	28
331	27307	29
332	27473	28
333	27639	28
334	27805	24
335	27972	30
336	28140	28
337	28308	28
338	28476	29
339	28645	30
340	28815	24
341	28985	29
342	29155	24
343	29326	29
344	29498	28
345	29670	24
346	29842	29
347	30015	29
348	30189	25
349	30363	30
350	30537	28
351	30712	29
352	30888	30
353	31064	26
354	31240	25
355	31417	35
356	31595	29
357	31773	29
358	31951	38
359	32130	27
360	32310	26
361	32490	29
362	32670	29
363	32851	30
364	33033	29
365	33215	28
366	33397	28
367	33580	29
368	33764	25
369	33948	30
370	34132	24
371	34317	25
372	34503	35
373	34689	28
374	34875	30
375	35062	29
376	35250	29
377	35438	158
378	35626	30
379	35815	31
380	36005	318
381	36195	33
382	36385	32
383	36576	33
384	36768	29
385	36960	32
386	37152	31
387	37345	30
388	37539	31
389	37733	27
390	37927	29
391	38122	190
392	38318	32
393	38514	28
394	38710	31
395	38907	78
396	39105	32
397	39303	25
398	39501	29
399	39700	31
400	39900	26
401	40100	26
402	40300	31
403	40501	157
404	40703	30
405	40905	29
406	41107	26
407	41310	46
408	41514	30
409	41718	27
410	41922	28
411	42127	34
412	42333	34
413	42539	47
414	42745	32
415	42952	111
416	43160	31
417	43368	93
418	43576	27
419	43785	32
420	43995	35
421	44205	158
422	44415	27
423	44626	132
424	44838	31
425	45050	33
426	45262	33
427	45475	33
428	45689	34
429	45903	32
430	46117	26
431	46332	28
432	46548	26
433	46764	32
434	46980	33
435	47197	35
436	47415	52
437	47633	50
438	47851	28
439	48070	34
440	48290	30
441	48510	34
442	48730	28
443	48951	37
444	49173	36
445	49395	33
446	49617	28
447	49840	28
448	50064	34
449	50288	35
450	50512	35
451	50737	45
452	50963	26
453	51189	34
454	51415	26
455	51642	34
456	51870	26
457	52098	31
458	52326	34
459	52555	31
460	52785	26
461	53015	33
462	53245	34
463	53476	33
464	53708	32
465	53940	29
466	54172	33
467	54405	27
468	54639	110
469	54873	27
470	55107	33
471	55342	27
472	55578	32
473	55814	35
474	56050	36
475	56287	35
476	56525	33
477	56763	34
478	57001	28
479	57240	33
480	57480	28
481	57720	34
482	57960	35
483	58201	28
484	58443	34
485	58685	35
486	58927	143
487	59170	28
488	59414	28
489	59658	29
490	59902	28
491	60147	28
492	60393	34
493	60639	28
494	60885	64
495	61132	34
496	61380	254
497	61628	35
498	61876	29
499	62125	29
500	62375	34
501	62625	29
502	62875	35
503	63126	35
504	63378	34
505	63630	38
506	63882	39
507	64135	39
508	64389	201
509	64643	36
510	64897	36
511	65152	36
512	65408	30
513	65664	35
514	65920	35
515	66177	37
516	66435	31
517	66693	35
518	66951	37
519	67210	29
520	67470	31
521	67730	31
522	67990	36
523	68251	37
524	68513	39
525	68775	30
526	69037	30
527	69300	29
528	69564	37
529	69828	38
530	70092	148
531	70357	41
532	70623	41
533	70889	32
534	71155	32
535	71422	38
536	71690	182
537	71958	39
538	72226	36
539	72495	37
540	72765	38
541	73035	165
542	73305	30
543	73576	38
544	73848	30
545	74120	36
546	74392	31
547	74665	102
548	74939	31
549	75213	32
550	75487	32
551	75762	39
552	76038	32
553	76314	38
554	76590	30
555	76867	31
556	77145	40
557	77423	37
558	77701	38
559	77980	38
560	78260	38
561	78540	30
562	78820	35
563	79101	38
564	79383	39
565	79665	38
566	79947	32
567	80230	36
568	80514	40
569	80798	32
570	81082	32
571	81367	38
572	81653	40
573	81939	32
574	82225	40
575	82512	38
576	82800	38
577	83088	30
578	83376	36
579	83665	42
580	83955	38
581	84245	30
582	84535	40
583	84826	36
584	85118	30
585	85410	34
586	85702	83
587	85995	62
588	86289	40
589	86583	33
590	86877	66
591	87172	41
592	87468	41
593	87764	34
594	88060	32
595	88357	43
596	88655	34
597	88953	39
598	89251	41
599	89550	33
600	89850	44
601	90150	35
602	90450	48
603	90751	43
604	91053	41
605	91355	36
606	91657	43
607	91960	31
608	92264	33
609	92568	42
610	92872	41
611	93177	38
612	93483	33
613	93789	31
614	94095	41
615	94402	35
616	94710	44
617	95018	40
618	95326	42
619	95635	146
620	95945	42
621	96255	42
622	96565	36
623	96876	46
624	97188	40
625	97500	41
626	97812	42
627	98125	43
628	98439	43
629	98753	79
630	99067	34
631	99382	41
632	99698	44
633	100014	86
634	100330	44
635	100647	44
636	100965	43
637	101283	47
638	101601	34
639	101920	55
640	102240	122
641	102560	42
642	102880	37
643	103201	43
644	103523	44
645	103845	46
646	104167	36
647	104490	40
648	104814	37
649	105138	62
650	105462	34
651	105787	548
652	106113	46
653	106439	35
654	106765	48
655	107092	44
656	107420	48
657	107748	44
658	108076	35
659	108405	44
660	108735	47
661	109065	43
662	109395	34
663	109726	45
664	110058	43
665	110390	36
666	110722	45
667	111055	45
668	111389	47
669	111723	45
670	112057	61
671	112392	35
672	112728	42
673	113064	35
674	113400	36
675	113737	34
676	114075	49
677	114413	37
678	114751	46
679	115090	36
680	115430	36
681	115770	47
682	116110	39
683	116451	45
684	116793	216
685	117135	45
686	117477	45
687	117820	44
688	118164	48
689	118508	35
690	118852	37
691	119197	47
692	119543	43
693	119889	42
694	120235	37
695	120582	45
696	120930	34
697	121278	49
698	121626	50
699	121975	34
700	122325	47
701	122675	38
702	123025	181
703	123376	38
704	123728	37
705	124080	43
706	124432	56
707	124785	39
708	125139	45
709	125493	48
710	125847	39
711	126202	36
712	126558	46
713	126914	52
714	127270	49
715	127627	52
716	127985	39
717	128343	37
718	128701	39
719	129060	447
720	129420	50
721	129780	51
722	130140	213
723	130501	41
724	130863	41
725	131225	46
726	131587	51
727	131950	52
728	132314	42
729	132678	54
730	133042	50
731	133407	41
732	133773	40
733	134139	70
734	134505	47
735	134872	53
736	135240	40
737	135608	39
738	135976	39
739	136345	49
740	136715	47
741	137085	52
742	137455	250
743	137826	51
744	138198	50
745	138570	38
746	138942	49
747	139315	49
748	139689	49
749	140063	52
750	140437	52
751	140812	51
752	141188	39
753	141564	52
754	141940	48
755	142317	52
756	142695	50
757	143073	40
758	143451	54
759	143830	41
760	144210	42
761	144590	48
762	144970	56
763	145351	42
764	145733	55
765	146115	67
766	146497	52
767	146880	40
768	147264	52
769	147648	48
770	148032	53
771	148417	51
772	148803	52
773	149189	135
774	149575	60
775	149962	51
776	150350	42
777	150738	55
778	151126	56
779	151515	48
780	151905	43
781	152295	52
782	152685	46
783	153076	226
784	153468	49
785	153860	53
786	154252	48
787	154645	44
788	155039	51
789	155433	46
790	155827	53
791	156222	48
792	156618	58
793	157014	41
794	157410	111
795	157807	55
796	158205	44
797	158603	54
798	159001	43
799	159400	53
800	159800	190
801	160200	54
802	160600	45
803	161001	50
804	161403	44
805	161805	61
806	162207	53
807	162610	56
808	163014	55
809	163418	56
810	163822	53
811	164227	54
812	164633	218
813	165039	51
814	165445	53
815	165852	54
816	166260	54
817	166668	198
818	167076	54
819	167485	52
820	167895	56
821	168305	59
822	168715	42
823	169126	57
824	169538	93
825	169950	58
826	170362	102
827	170775	57
828	171189	50
829	171603	46
830	172017	51
831	172432	45
832	172848	57
833	173264	60
834	173680	44
835	174097	44
836	174515	52
837	174933	44
838	175351	53
839	175770	56
840	176190	173
841	176610	168
842	177030	46
843	177451	57
844	177873	55
845	178295	53
846	178717	57
847	179140	57
848	179564	50
849	179988	52
850	180412	53
851	180837	51
852	181263	181
853	181689	193
854	182115	53
855	182542	54
856	182970	53
857	183398	48
858	183826	57
859	184255	45
860	184685	45
861	185115	59
862	185545	43
863	185976	49
864	186408	59
865	186840	42
866	187272	187
867	187705	42
868	188139	53
869	188573	54
870	189007	133
871	189442	60
872	189878	43
873	190314	196
874	190750	56
875	191187	53
876	191625	57
877	192063	56
878	192501	56
879	192940	164
880	193380	57
881	193820	45
882	194260	55
883	194701	55
884	195143	58
885	195585	57
886	196027	45
887	196470	45
888	196914	55
889	197358	45
890	197802	58
891	198247	57
892	198693	56
893	199139	57
894	199585	56
895	200032	117
896	200480	55
897	200928	56
898	201376	58
899	201825	216
900	202275	58
901	202725	44
902	203175	56
903	203626	56
904	204078	56
905	204530	51
906	204982	56
907	205435	63
908	205889	60
909	206343	43
910	206797	185
911	207252	44
912	207708	45
913	208164	56
914	208620	106
915	209077	598
916	209535	105
917	209993	46
918	210451	58
919	210910	46
920	211370	58
921	211830	56
922	212290	45
923	212751	58
924	213213	61
925	213675	58
926	214137	70
927	214600	45
928	215064	46
929	215528	56
930	215992	59
931	216457	56
932	216923	44
933	217389	44
934	217855	125
935	218322	211
936	218790	59
937	219258	55
938	219726	188
939	220195	45
940	220665	45
941	221135	64
942	221605	90
943	222076	57
944	222548	58
945	223020	58
946	223492	77
947	223965	57
948	224439	57
949	224913	48
950	225387	55
951	225862	112
952	226338	170
953	226814	43
954	227290	53
955	227767	114
956	228245	178
957	228723	57
958	229201	55
959	229680	44
960	230160	45
961	230640	56
962	231120	89
963	231601	57
964	232083	57
965	232565	84
966	233047	51
967	233530	44
968	234014	58
969	234498	57
970	234982	58
971	235467	57
972	235953	58
973	236439	197
974	236925	194
975	237412	96
976	237900	166
977	238388	58
978	238876	47
979	239365	46
980	239855	58
981	240345	52
982	240835	60
983	241326	46
984	241818	58
985	242310	65
986	242802	45
987	243295	58
988	243789	104
989	244283	56
990	244777	56
991	245272	45
992	245768	157
993	246264	57
994	246760	148
995	247257	68
996	247755	134
997	248253	376
998	248751	156
999	249250	44
1000	249750	55
