100	198	106
101	202	96
102	206	98
103	210	97
104	214	102
105	218	90
106	222	85
107	226	95
108	231	106
109	235	74
110	239	428
111	244	110
112	248	69
113	253	861
114	257	77
115	262	127
116	266	113
117	271	133
118	276	141
119	280	87
120	285	537
121	290	761
122	295	765
123	300	740
124	305	868
125	310	468
126	315	1223
127	320	914
128	325	835
129	330	1072
130	335	652
131	340	242
132	345	973
133	351	532
134	356	766
135	361	779
136	367	724
137	372	444
138	378	529
139	383	460
140	389	204
141	394	223
142	400	529
143	406	241
144	411	184
145	417	180
146	423	177
147	429	200
148	435	729
149	441	128
150	447	128
151	453	862
152	459	125
153	465	885
154	471	150
155	477	832
156	483	292
157	489	222
158	496	1031
159	502	218
160	508	845
161	515	142
162	521	791
163	528	746
164	534	445
165	541	293
166	547	878
167	554	224
168	561	353
169	567	1019
170	574	895
171	581	920
172	588	1128
173	595	233
174	602	395
175	609	1302
176	616	1060
177	623	1301
178	630	194
179	637	417
180	644	1601
181	651	610
182	658	1367
183	666	1143
184	673	894
185	680	411
186	688	755
187	695	436
188	703	396
189	710	903
190	718	481
191	725	882
192	733	543
193	741	809
194	748	687
195	756	438
196	764	1457
197	772	1194
198	780	1008
199	788	1322
200	796	1238
201	804	1038
202	812	767
203	820	694
204	828	1128
205	836	1112
206	844	989
207	852	1191
208	861	850
209	869	1242
210	877	1407
211	886	755
212	894	998
213	903	766
214	911	1324
215	920	1346
216	928	1386
217	937	1140
218	946	1173
219	954	1299
220	963	1135
221	972	878
222	981	891
223	990	1285
224	999	1197
225	1008	1176
226	1017	1864
227	1026	1220
228	1035	536
229	1044	1450
230	1053	1620
231	1062	1219
232	1071	729
233	1081	1398
234	1090	1468
235	1099	509
236	1109	1567
237	1118	1223
238	1128	1491
239	1137	1388
240	1147	1117
241	1156	1100
242	1166	587
243	1176	818
244	1185	1419
245	1195	1919
246	1205	1949
247	1215	1767
248	1225	1306
249	1235	1342
250	1245	1251
251	1255	1300
252	1265	1254
253	1275	1946
254	1285	1952
255	1295	820
256	1305	1310
257	1315	1392
258	1326	1459
259	1336	1562
260	1346	693
261	1357	738
262	1367	1371
263	1378	1405
264	1388	1069
265	1399	1534
266	1409	1577
267	1420	1488
268	1431	2025
269	1441	1462
270	1452	1429
271	1463	1537
272	1474	1366
273	1485	1337
274	1496	1310
275	1507	1502
276	1518	1282
277	1529	1260
278	1540	1446
279	1551	1577
280	1562	1317
281	1573	1443
282	1584	1642
283	1596	1755
284	1607	1211
285	1618	1521
286	1630	1436
287	1641	2387
288	1653	1842
289	1664	1240
290	1676	2051
291	1687	1487
292	1699	1493
293	1711	1718
294	1722	1149
295	1734	2470
296	1746	1535
297	1758	1306
298	1770	1200
299	1782	1560
300	1794	1560
301	1806	1846
302	1818	1680
303	1830	1386
304	1842	1289
305	1854	1673
306	1866	2800
307	1878	1711
308	1891	1827
309	1903	1703
310	1915	2582
311	1928	1575
312	1940	1636
313	1953	2272
314	1965	1614
315	1978	1640
316	1990	1541
317	2003	1592
318	2016	1696
319	2028	1992
320	2041	1973
321	2054	2072
322	2067	1814
323	2080	1881
324	2093	1958
325	2106	1716
326	2119	1921
327	2132	1984
328	2145	1598
329	2158	1968
330	2171	1779
331	2184	2037
332	2197	1540
333	2211	2094
334	2224	2614
335	2237	2088
336	2251	2357
337	2264	1777
338	2278	1917
339	2291	1852
340	2305	2062
341	2318	1889
342	2332	1915
343	2346	2502
344	2359	1972
345	2373	1905
346	2387	1813
347	2401	1897
348	2415	2125
349	2429	1742
350	2443	1955
351	2457	1822
352	2471	1883
353	2485	2102
354	2499	1917
355	2513	1888
356	2527	2000
357	2541	2743
358	2556	2226
359	2570	2277
360	2584	1306
361	2599	1716
362	2613	2085
363	2628	2052
364	2642	2588
365	2657	2116
366	2671	2014
367	2686	2163
368	2701	2471
369	2715	1959
370	2730	2120
371	2745	2140
372	2760	1869
373	2775	2028
374	2790	2191
375	2805	2169
376	2820	2131
377	2835	2032
378	2850	2078
379	2865	1216
380	2880	2084
381	2895	2145
382	2910	2037
383	2926	2305
384	2941	1987
385	2956	2154
386	2972	2262
387	2987	2455
388	3003	2126
389	3018	1606
390	3034	2150
391	3049	2290
392	3065	2581
393	3081	1987
394	3096	2566
395	3112	2527
396	3128	2237
397	3144	2190
398	3160	2482
399	3176	1878
400	3192	2288
401	3208	2490
402	3224	2107
403	3240	2357
404	3256	2496
405	3272	2076
406	3288	2460
407	3304	920
408	3321	2398
409	3337	2450
410	3353	2786
411	3370	2439
412	3386	2179
413	3403	2874
414	3419	2335
415	3436	2430
416	3452	2155
417	3469	2866
418	3486	1990
419	3502	2564
420	3519	2348
421	3536	2591
422	3553	2197
423	3570	2508
424	3587	2832
425	3604	2281
426	3621	2638
427	3638	2417
428	3655	2585
429	3672	2621
430	3689	3002
431	3706	2351
432	3723	2210
433	3741	2393
434	3758	2710
435	3775	3118
436	3793	2914
437	3810	2809
438	3828	2859
439	3845	2700
440	3863	2489
441	3880	3361
442	3898	3055
443	3916	2887
444	3933	3219
445	3951	1165
446	3969	3082
447	3987	2996
448	4005	2650
449	4023	3029
450	4041	2571
451	4059	2970
452	4077	2424
453	4095	2728
454	4113	3081
455	4131	3229
456	4149	3160
457	4167	2879
458	4186	3351
459	4204	2794
460	4222	2824
461	4241	3164
462	4259	2984
463	4278	3048
464	4296	3277
465	4315	3198
466	4333	2353
467	4352	2674
468	4371	3325
469	4389	3357
470	4408	3089
471	4427	3652
472	4446	2886
473	4465	2977
474	4484	3161
475	4503	3394
476	4522	2941
477	4541	3370
478	4560	2967
479	4579	2988
480	4598	3210
481	4617	3053
482	4636	3027
483	4656	3047
484	4675	3271
485	4694	2973
486	4714	3051
487	4733	3149
488	4753	3223
489	4772	3194
490	4792	3413
491	4811	4134
492	4831	2910
493	4851	2823
494	4870	3368
495	4890	3510
496	4910	3317
497	4930	3363
498	4950	3376
499	4970	3439
500	4990	2772
501	5010	3258
502	5030	3366
503	5050	3383
504	5070	3765
505	5090	3500
506	5110	3779
507	5130	3208
508	5151	3342
509	5171	3311
510	5191	3352
511	5212	3700
512	5232	3626
513	5253	3139
514	5273	3531
515	5294	3377
516	5314	3705
517	5335	3411
518	5356	3434
519	5376	3459
520	5397	3269
521	5418	3680
522	5439	3184
523	5460	2922
524	5481	3346
525	5502	2973
526	5523	3579
527	5544	2945
528	5565	3539
529	5586	3460
530	5607	3968
531	5628	3763
532	5649	3361
533	5671	3352
534	5692	3554
535	5713	1593
536	5735	3654
537	5756	3621
538	5778	3691
539	5799	3279
540	5821	3354
541	5842	3776
542	5864	3411
543	5886	3504
544	5907	3331
545	5929	3413
546	5951	3845
547	5973	3907
548	5995	2896
549	6017	3642
550	6039	3146
551	6061	3674
552	6083	2891
553	6105	2854
554	6127	3994
555	6149	4216
556	6171	4364
557	6193	3774
558	6216	3817
559	6238	2456
560	6260	3442
561	6283	3544
562	6305	3785
563	6328	4130
564	6350	4110
565	6373	3592
566	6395	4101
567	6418	3633
568	6441	4213
569	6463	4103
570	6486	4028
571	6509	3890
572	6532	3748
573	6555	4276
574	6578	3895
575	6601	3872
576	6624	3940
577	6647	4026
578	6670	3913
579	6693	3929
580	6716	2533
581	6739	4103
582	6762	2900
583	6786	2703
584	6809	4131
585	6832	4444
586	6856	4052
587	6879	3778
588	6903	4829
589	6926	3823
590	6950	4098
591	6973	4141
592	6997	4047
593	7021	4166
594	7044	4557
595	7068	4277
596	7092	3920
597	7116	4409
598	7140	4509
599	7164	4254
600	7188	4378
601	7212	4515
602	7236	4555
603	7260	3632
604	7284	4238
605	7308	4690
606	7332	3775
607	7356	4203
608	7381	4315
609	7405	4510
610	7429	5926
611	7454	4629
612	7478	4945
613	7503	4668
614	7527	4461
615	7552	4737
616	7576	4629
617	7601	4743
618	7626	5901
619	7650	4633
620	7675	4558
621	7700	4831
622	7725	3805
623	7750	4418
624	7775	3692
625	7800	5054
626	7825	3522
627	7850	6006
628	7875	4123
629	7900	5344
630	7925	5895
631	7950	4187
632	7975	3712
633	8001	5126
634	8026	4995
635	8051	3866
636	8077	4881
637	8102	4843
638	8128	4629
639	8153	4784
640	8179	4948
641	8204	5056
642	8230	3726
643	8256	4711
644	8281	4708
645	8307	5224
646	8333	5147
647	8359	4692
648	8385	3533
649	8411	3835
650	8437	4418
651	8463	5167
652	8489	5183
653	8515	5086
654	8541	4121
655	8567	4284
656	8593	4950
657	8619	5737
658	8646	5064
659	8672	4735
660	8698	6448
661	8725	5371
662	8751	4893
663	8778	4931
664	8804	3769
665	8831	5443
666	8857	5380
667	8884	5292
668	8911	5082
669	8937	4614
670	8964	5109
671	8991	4272
672	9018	5143
673	9045	4958
674	9072	5432
675	9099	5293
676	9126	4946
677	9153	6435
678	9180	5303
679	9207	2972
680	9234	5097
681	9261	5394
682	9288	5628
683	9316	6492
684	9343	5164
685	9370	5093
686	9398	5210
687	9425	5352
688	9453	5236
689	9480	4835
690	9508	4330
691	9535	5187
692	9563	5576
693	9591	5392
694	9618	5165
695	9646	5635
696	9674	4293
697	9702	5104
698	9730	5322
699	9758	5389
700	9786	5695
701	9814	5609
702	9842	5540
703	9870	3128
704	9898	4878
705	9926	5627
706	9954	4967
707	9982	5427
708	10011	5048
709	10039	5596
710	10067	5305
711	10096	5466
712	10124	5646
713	10153	6039
714	10181	6543
715	10210	5676
716	10238	5570
717	10267	5880
718	10296	3474
719	10324	5852
720	10353	4524
721	10382	5437
722	10411	6367
723	10440	5103
724	10469	5957
725	10498	5285
726	10527	5412
727	10556	6055
728	10585	5971
729	10614	5753
730	10643	5789
731	10672	4160
732	10701	5823
733	10731	6773
734	10760	5581
735	10789	5503
736	10819	6082
737	10848	6581
738	10878	5605
739	10907	5794
740	10937	6638
741	10966	5957
742	10996	5801
743	11026	5700
744	11055	5430
745	11085	5901
746	11115	6042
747	11145	4793
748	11175	6101
749	11205	5087
750	11235	5885
751	11265	6690
752	11295	5559
753	11325	6810
754	11355	5842
755	11385	5795
756	11415	4893
757	11445	6191
758	11476	6224
759	11506	6525
760	11536	4703
761	11567	6414
762	11597	6303
763	11628	4491
764	11658	6033
765	11689	6116
766	11719	5994
767	11750	6657
768	11781	5921
769	11811	7947
770	11842	6032
771	11873	5474
772	11904	6537
773	11935	6076
774	11966	5987
775	11997	6342
776	12028	5642
777	12059	6242
778	12090	5881
779	12121	7018
780	12152	6404
781	12183	6374
782	12214	6196
783	12246	6698
784	12277	6620
785	12308	6525
786	12340	7075
787	12371	6793
788	12403	6979
789	12434	5682
790	12466	6543
791	12497	6970
792	12529	6818
793	12561	5222
794	12592	5697
795	12624	6513
796	12656	5936
797	12688	6661
798	12720	4953
799	12752	6209
800	12784	6730
801	12816	6608
802	12848	6386
803	12880	6374
804	12912	6831
805	12944	6582
806	12976	7944
807	13008	6947
808	13041	6906
809	13073	6000
810	13105	6798
811	13138	4123
812	13170	6884
813	13203	7382
814	13235	7061
815	13268	7056
816	13300	7396
817	13333	6951
818	13366	7083
819	13398	7008
820	13431	6295
821	13464	8417
822	13497	5617
823	13530	7997
824	13563	7593
825	13596	7483
826	13629	6913
827	13662	6780
828	13695	7487
829	13728	6222
830	13761	7108
831	13794	7667
832	13827	7530
833	13861	7990
834	13894	4949
835	13927	6802
836	13961	7344
837	13994	8517
838	14028	7958
839	14061	7940
840	14095	7084
841	14128	7279
842	14162	6197
843	14196	7323
844	14229	7686
845	14263	6381
846	14297	8055
847	14331	8358
848	14365	7238
849	14399	6977
850	14433	7807
851	14467	7746
852	14501	7931
853	14535	7915
854	14569	7184
855	14603	7559
856	14637	8175
857	14671	6675
858	14706	7946
859	14740	7867
860	14774	8059
861	14809	5491
862	14843	7459
863	14878	7968
864	14912	8305
865	14947	9248
866	14981	8752
867	15016	8678
868	15051	8615
869	15085	7982
870	15120	8170
871	15155	9185
872	15190	9081
873	15225	7829
874	15260	8344
875	15295	8667
876	15330	8018
877	15365	9710
878	15400	6245
879	15435	8624
880	15470	7483
881	15505	7845
882	15540	8240
883	15576	8538
884	15611	9177
885	15646	8549
886	15682	9121
887	15717	9067
888	15753	8407
889	15788	9909
890	15824	9092
891	15859	9261
892	15895	8742
893	15931	9608
894	15966	8423
895	16002	6603
896	16038	8751
897	16074	9759
898	16110	9735
899	16146	5968
900	16182	8810
901	16218	7374
902	16254	7683
903	16290	9038
904	16326	7414
905	16362	8385
906	16398	6968
907	16434	8988
908	16471	7654
909	16507	6388
910	16543	8742
911	16580	8977
912	16616	7497
913	16653	8766
914	16689	10123
915	16726	8360
916	16762	9760
917	16799	9476
918	16836	8786
919	16872	9008
920	16909	9462
921	16946	8978
922	16983	9679
923	17020	9417
924	17057	8107
925	17094	9284
926	17131	9734
927	17168	5248
928	17205	8777
929	17242	8721
930	17279	8860
931	17316	9673
932	17353	9484
933	17391	9766
934	17428	9348
935	17465	8240
936	17503	9642
937	17540	8232
938	17578	9426
939	17615	9686
940	17653	9775
941	17690	9964
942	17728	9870
943	17766	9239
944	17803	8579
945	17841	10628
946	17879	10716
947	17917	10018
948	17955	7749
949	17993	8331
950	18031	9069
951	18069	9321
952	18107	7673
953	18145	11321
954	18183	10287
955	18221	7292
956	18259	10227
957	18297	9507
958	18336	12194
959	18374	10309
960	18412	10372
961	18451	10027
962	18489	10602
963	18528	9593
964	18566	10683
965	18605	9186
966	18643	11125
967	18682	10248
968	18721	8617
969	18759	9942
970	18798	9051
971	18837	8757
972	18876	8861
973	18915	9405
974	18954	10183
975	18993	9934
976	19032	9414
977	19071	10717
978	19110	8626
979	19149	9698
980	19188	12675
981	19227	9586
982	19266	11019
983	19306	11098
984	19345	11442
985	19384	10072
986	19424	9708
987	19463	9990
988	19503	11010
989	19542	11007
990	19582	11199
991	19621	6980
992	19661	10258
993	19701	10940
994	19740	10750
995	19780	10076
996	19820	10231
997	19860	10143
998	19900	9133
999	19940	9646
1000	19980	12245
