100	99	33
101	101	80
102	103	34
103	105	33
104	107	31
105	109	38
106	111	802
107	113	69
108	115	46
109	117	36
110	119	32
111	122	32
112	124	40
113	126	330
114	128	34
115	131	41
116	133	235
117	135	39
118	138	35
119	140	28
120	142	68
121	145	26
122	147	44
123	150	27
124	152	48
125	155	305
126	157	194
127	160	45
128	162	54
129	165	46
130	167	76
131	170	244
132	172	130
133	175	84
134	178	94
135	180	515
136	183	99
137	186	187
138	189	89
139	191	43
140	194	38
141	197	72
142	200	50
143	203	119
144	205	39
145	208	65
146	211	158
147	214	146
148	217	260
149	220	62
150	223	127
151	226	73
152	229	253
153	232	44
154	235	47
155	238	52
156	241	531
157	244	607
158	248	240
159	251	97
160	254	70
161	257	93
162	260	485
163	264	133
164	267	270
165	270	90
166	273	103
167	277	290
168	280	84
169	283	116
170	287	270
171	290	292
172	294	130
173	297	101
174	301	159
175	304	122
176	308	254
177	311	156
178	315	120
179	318	458
180	322	349
181	325	105
182	329	199
183	333	343
184	336	224
185	340	128
186	344	71
187	347	234
188	351	141
189	355	125
190	359	267
191	362	184
192	366	102
193	370	516
194	374	506
195	378	363
196	382	338
197	386	357
198	390	411
199	394	102
200	398	386
201	402	770
202	406	709
203	410	142
204	414	466
205	418	119
206	422	498
207	426	172
208	430	656
209	434	381
210	438	414
211	443	337
212	447	283
213	451	153
214	455	182
215	460	346
216	464	147
217	468	387
218	473	394
219	477	265
220	481	440
221	486	163
222	490	143
223	495	135
224	499	567
225	504	393
226	508	372
227	513	506
228	517	444
229	522	163
230	526	430
231	531	185
232	535	412
233	540	239
234	545	399
235	549	394
236	554	121
237	559	376
238	564	552
239	568	388
240	573	530
241	578	456
242	583	305
243	588	212
244	592	191
245	597	547
246	602	464
247	607	321
248	612	590
249	617	1072
250	622	178
251	627	960
252	632	441
253	637	350
254	642	123
255	647	437
256	652	178
257	657	630
258	663	412
259	668	564
260	673	1044
261	678	917
262	683	337
263	689	612
264	694	535
265	699	538
266	704	627
267	710	697
268	715	543
269	720	420
270	726	290
271	731	495
272	737	485
273	742	830
274	748	635
275	753	302
276	759	430
277	764	694
278	770	600
279	775	180
280	781	407
281	786	594
282	792	498
283	798	380
284	803	196
285	809	544
286	815	561
287	820	596
288	826	589
289	832	587
290	838	573
291	843	637
292	849	606
293	855	447
294	861	592
295	867	211
296	873	260
297	879	264
298	885	662
299	891	409
300	897	548
301	903	552
302	909	236
303	915	642
304	921	527
305	927	574
306	933	675
307	939	357
308	945	588
309	951	705
310	957	605
311	964	564
312	970	410
313	976	760
314	982	210
315	989	331
316	995	493
317	1001	584
318	1008	1020
319	1014	563
320	1020	350
321	1027	659
322	1033	508
323	1040	559
324	1046	1237
325	1053	1054
326	1059	367
327	1066	391
328	1072	753
329	1079	534
330	1085	769
331	1092	952
332	1098	814
333	1105	622
334	1112	579
335	1118	633
336	1125	321
337	1132	1021
338	1139	371
339	1145	322
340	1152	735
341	1159	585
342	1166	753
343	1173	1036
344	1179	605
345	1186	534
346	1193	791
347	1200	612
348	1207	553
349	1214	589
350	1221	601
351	1228	685
352	1235	624
353	1242	716
354	1249	703
355	1256	578
356	1263	641
357	1270	1455
358	1278	632
359	1285	676
360	1292	735
361	1299	646
362	1306	610
363	1314	1334
364	1321	732
365	1328	728
366	1335	653
367	1343	680
368	1350	540
369	1357	744
370	1365	624
371	1372	884
372	1380	999
373	1387	419
374	1395	1140
375	1402	694
376	1410	699
377	1417	696
378	1425	774
379	1432	431
380	1440	865
381	1447	603
382	1455	908
383	1463	532
384	1470	603
385	1478	1537
386	1486	609
387	1493	1238
388	1501	840
389	1509	723
390	1517	899
391	1524	813
392	1532	633
393	1540	905
394	1548	1075
395	1556	1064
396	1564	780
397	1572	728
398	1580	733
399	1588	1001
400	1596	1057
401	1604	797
402	1612	770
403	1620	1017
404	1628	1078
405	1636	948
406	1644	650
407	1652	786
408	1660	674
409	1668	433
410	1676	525
411	1685	797
412	1693	783
413	1701	1026
414	1709	1431
415	1718	1223
416	1726	1361
417	1734	803
418	1743	1391
419	1751	464
420	1759	826
421	1768	440
422	1776	383
423	1785	1994
424	1793	483
425	1802	1614
426	1810	1403
427	1819	1933
428	1827	455
429	1836	758
430	1844	493
431	1853	453
432	1861	554
433	1870	1007
434	1879	646
435	1887	1483
436	1896	967
437	1905	667
438	1914	931
439	1922	916
440	1931	833
441	1940	1363
442	1949	1649
443	1958	1304
444	1966	1133
445	1975	1117
446	1984	1819
447	1993	1856
448	2002	718
449	2011	982
450	2020	1060
451	2029	943
452	2038	1111
453	2047	740
454	2056	1565
455	2065	609
456	2074	911
457	2083	1299
458	2093	1011
459	2102	1796
460	2111	1530
461	2120	1115
462	2129	908
463	2139	1080
464	2148	788
465	2157	1180
466	2166	892
467	2176	1084
468	2185	1037
469	2194	1084
470	2204	1937
471	2213	969
472	2223	1670
473	2232	1781
474	2242	1724
475	2251	1398
476	2261	1904
477	2270	1530
478	2280	1727
479	2289	453
480	2299	1343
481	2308	960
482	2318	739
483	2328	1900
484	2337	935
485	2347	1985
486	2357	2186
487	2366	1838
488	2376	1228
489	2386	977
490	2396	1021
491	2405	1010
492	2415	880
493	2425	2109
494	2435	2391
495	2445	690
496	2455	1717
497	2465	1280
498	2475	2046
499	2485	1160
500	2495	1045
501	2505	978
502	2515	1310
503	2525	613
504	2535	1914
505	2545	702
506	2555	1872
507	2565	720
508	2575	907
509	2585	2223
510	2595	1618
511	2606	1567
512	2616	819
513	2626	928
514	2636	868
515	2647	1154
516	2657	825
517	2667	1547
518	2678	918
519	2688	1086
520	2698	1131
521	2709	1589
522	2719	1206
523	2730	1190
524	2740	797
525	2751	1935
526	2761	1257
527	2772	1236
528	2782	1699
529	2793	1758
530	2803	1164
531	2814	1277
532	2824	1656
533	2835	1186
534	2846	2037
535	2856	1276
536	2867	1973
537	2878	745
538	2889	1302
539	2899	1019
540	2910	1888
541	2921	1550
542	2932	1223
543	2943	1292
544	2953	1095
545	2964	1969
546	2975	1425
547	2986	2288
548	2997	1260
549	3008	1230
550	3019	1046
551	3030	1186
552	3041	1328
553	3052	828
554	3063	1764
555	3074	833
556	3085	1223
557	3096	1378
558	3108	923
559	3119	1167
560	3130	1844
561	3141	1194
562	3152	1355
563	3164	914
564	3175	1259
565	3186	1415
566	3197	2012
567	3209	1164
568	3220	794
569	3231	1021
570	3243	1180
571	3254	1053
572	3266	1293
573	3277	1391
574	3289	2154
575	3300	1242
576	3312	768
577	3323	809
578	3335	1249
579	3346	1269
580	3358	1222
581	3369	1024
582	3381	1021
583	3393	1096
584	3404	1349
585	3416	1216
586	3428	2438
587	3439	1162
588	3451	1605
589	3463	2098
590	3475	831
591	3486	1524
592	3498	1438
593	3510	1076
594	3522	941
595	3534	2164
596	3546	1275
597	3558	1536
598	3570	2036
599	3582	1051
600	3594	1195
601	3606	880
602	3618	1286
603	3630	1415
604	3642	1359
605	3654	1220
606	3666	1494
607	3678	1823
608	3690	1683
609	3702	1574
610	3714	1211
611	3727	1662
612	3739	965
613	3751	1439
614	3763	1623
615	3776	1752
616	3788	1515
617	3800	1572
618	3813	1360
619	3825	2563
620	3837	1179
621	3850	802
622	3862	1009
623	3875	1192
624	3887	2859
625	3900	1627
626	3912	1171
627	3925	1348
628	3937	1720
629	3950	1198
630	3962	842
631	3975	1738
632	3987	1558
633	4000	1022
634	4013	1525
635	4025	1363
636	4038	2019
637	4051	1827
638	4064	2227
639	4076	1451
640	4089	1857
641	4102	1232
642	4115	2622
643	4128	1411
644	4140	1618
645	4153	2158
646	4166	1259
647	4179	1490
648	4192	1213
649	4205	2028
650	4218	1594
651	4231	2493
652	4244	1557
653	4257	1343
654	4270	1573
655	4283	1587
656	4296	1447
657	4309	1408
658	4323	1648
659	4336	1705
660	4349	1567
661	4362	2878
662	4375	1591
663	4389	1359
664	4402	1541
665	4415	1174
666	4428	1332
667	4442	1871
668	4455	1676
669	4468	1411
670	4482	1511
671	4495	1350
672	4509	1836
673	4522	2442
674	4536	1550
675	4549	1422
676	4563	1309
677	4576	2400
678	4590	1416
679	4603	1348
680	4617	1467
681	4630	2479
682	4644	1474
683	4658	1076
684	4671	1629
685	4685	2000
686	4699	1796
687	4712	1002
688	4726	1324
689	4740	1599
690	4754	2640
691	4767	1804
692	4781	1735
693	4795	2731
694	4809	2201
695	4823	1766
696	4837	1688
697	4851	1243
698	4865	2469
699	4879	1653
700	4893	1486
701	4907	1558
702	4921	1707
703	4935	1971
704	4949	2849
705	4963	1537
706	4977	1755
707	4991	2025
708	5005	2004
709	5019	2783
710	5033	1740
711	5048	990
712	5062	1362
713	5076	1849
714	5090	1708
715	5105	1800
716	5119	1115
717	5133	1787
718	5148	1810
719	5162	2507
720	5176	1192
721	5191	1926
722	5205	1818
723	5220	2088
724	5234	1741
725	5249	2155
726	5263	1866
727	5278	2243
728	5292	1775
729	5307	1904
730	5321	1800
731	5336	1268
732	5350	1740
733	5365	1496
734	5380	1411
735	5394	1798
736	5409	2317
737	5424	2526
738	5439	1928
739	5453	1812
740	5468	1792
741	5483	1697
742	5498	2036
743	5513	1457
744	5527	1775
745	5542	2247
746	5557	2183
747	5572	1265
748	5587	2023
749	5602	1158
750	5617	3016
751	5632	2318
752	5647	1914
753	5662	2133
754	5677	2405
755	5692	1920
756	5707	1470
757	5722	1494
758	5738	2482
759	5753	1811
760	5768	1807
761	5783	2106
762	5798	1616
763	5814	2782
764	5829	2089
765	5844	1981
766	5859	2947
767	5875	3139
768	5890	1897
769	5905	1126
770	5921	3133
771	5936	1576
772	5952	2365
773	5967	1409
774	5983	2684
775	5998	1957
776	6014	1699
777	6029	2674
778	6045	4013
779	6060	1177
780	6076	1558
781	6091	1514
782	6107	1447
783	6123	1641
784	6138	2208
785	6154	2557
786	6170	2982
787	6185	1363
788	6201	2016
789	6217	2217
790	6233	2260
791	6248	1947
792	6264	2339
793	6280	1920
794	6296	3285
795	6312	1506
796	6328	2067
797	6344	2025
798	6360	1589
799	6376	2152
800	6392	2163
801	6408	2108
802	6424	2707
803	6440	2420
804	6456	2058
805	6472	1956
806	6488	3230
807	6504	1575
808	6520	1566
809	6536	1063
810	6552	2834
811	6569	1551
812	6585	1501
813	6601	2630
814	6617	1968
815	6634	1196
816	6650	1527
817	6666	1838
818	6683	2189
819	6699	2306
820	6715	2016
821	6732	2289
822	6748	1842
823	6765	1588
824	6781	1286
825	6798	2408
826	6814	1915
827	6831	2372
828	6847	4417
829	6864	2239
830	6880	1801
831	6897	1228
832	6913	1737
833	6930	1467
834	6947	1907
835	6963	1698
836	6980	1471
837	6997	2015
838	7014	2028
839	7030	2929
840	7047	1676
841	7064	3939
842	7081	3283
843	7098	2114
844	7114	1334
845	7131	3042
846	7148	1319
847	7165	1391
848	7182	2240
849	7199	1845
850	7216	1211
851	7233	1229
852	7250	1154
853	7267	2804
854	7284	1629
855	7301	2629
856	7318	3861
857	7335	2156
858	7353	2782
859	7370	2117
860	7387	3574
861	7404	1750
862	7421	1559
863	7439	1911
864	7456	1573
865	7473	2889
866	7490	2045
867	7508	2519
868	7525	1937
869	7542	4854
870	7560	2480
871	7577	3723
872	7595	2287
873	7612	2269
874	7630	3103
875	7647	2827
876	7665	1757
877	7682	3421
878	7700	2814
879	7717	2912
880	7735	2496
881	7752	2066
882	7770	2774
883	7788	2691
884	7805	3149
885	7823	2624
886	7841	1899
887	7858	2656
888	7876	2658
889	7894	4873
890	7912	4700
891	7929	3353
892	7947	3253
893	7965	1926
894	7983	2968
895	8001	1665
896	8019	1866
897	8037	4710
898	8055	2290
899	8073	3090
900	8091	4817
901	8109	3305
902	8127	1902
903	8145	3136
904	8163	2515
905	8181	1715
906	8199	2883
907	8217	3453
908	8235	4684
909	8253	2820
910	8271	2959
911	8290	1739
912	8308	2635
913	8326	2946
914	8344	3411
915	8363	3480
916	8381	3550
917	8399	2561
918	8418	4171
919	8436	2358
920	8454	3410
921	8473	1895
922	8491	4240
923	8510	3848
924	8528	2753
925	8547	3620
926	8565	1865
927	8584	4284
928	8602	3404
929	8621	1813
930	8639	5125
931	8658	3448
932	8676	3324
933	8695	3005
934	8714	2286
935	8732	3227
936	8751	3293
937	8770	2933
938	8789	3456
939	8807	3138
940	8826	3022
941	8845	2652
942	8864	3153
943	8883	3274
944	8901	2886
945	8920	2538
946	8939	3051
947	8958	2974
948	8977	5255
949	8996	4974
950	9015	2471
951	9034	1923
952	9053	1816
953	9072	2437
954	9091	3594
955	9110	4435
956	9129	3241
957	9148	4269
958	9168	2926
959	9187	2951
960	9206	3472
961	9225	2689
962	9244	5123
963	9264	2374
964	9283	2338
965	9302	2889
966	9321	5266
967	9341	4604
968	9360	2190
969	9379	2184
970	9399	2233
971	9418	3498
972	9438	2097
973	9457	3592
974	9477	3380
975	9496	3385
976	9516	2092
977	9535	5197
978	9555	3155
979	9574	5816
980	9594	4255
981	9613	5698
982	9633	4571
983	9653	2403
984	9672	1847
985	9692	5382
986	9712	2068
987	9731	2940
988	9751	3515
989	9771	2261
990	9791	3535
991	9810	3066
992	9830	3460
993	9850	1886
994	9870	2595
995	9890	2895
996	9910	2566
997	9930	2376
998	9950	2683
999	9970	3291
1000	9990	2067
