100	2475	103
101	2525	835
102	2575	103
103	2626	560
104	2678	779
105	2730	116
106	2782	122
107	2835	134
108	2889	118
109	2943	123
110	2997	129
111	3052	189
112	3108	770
113	3164	107
114	3220	671
115	3277	191
116	3335	831
117	3393	279
118	3451	724
119	3510	162
120	3570	1025
121	3630	141
122	3690	303
123	3751	132
124	3813	105
125	3875	119
126	3937	171
127	4000	732
128	4064	179
129	4128	669
130	4192	1023
131	4257	178
132	4323	230
133	4389	1469
134	4455	121
135	4522	559
136	4590	1135
137	4658	932
138	4726	230
139	4795	900
140	4865	726
141	4935	763
142	5005	321
143	5076	193
144	5148	755
145	5220	826
146	5292	1126
147	5365	628
148	5439	1094
149	5513	1377
150	5587	777
151	5662	666
152	5738	336
153	5814	1015
154	5890	1183
155	5967	1328
156	6045	1937
157	6123	1426
158	6201	1343
159	6280	871
160	6360	1016
161	6440	186
162	6520	1227
163	6601	1506
164	6683	912
165	6765	273
166	6847	202
167	6930	736
168	7014	333
169	7098	1764
170	7182	1656
171	7267	1165
172	7353	2100
173	7439	624
174	7525	1098
175	7612	327
176	7700	277
177	7788	326
178	7876	260
179	7965	802
180	8055	329
181	8145	316
182	8235	361
183	8326	1294
184	8418	418
185	8510	1284
186	8602	336
187	8695	336
188	8789	338
189	8883	285
190	8977	364
191	9072	341
192	9168	367
193	9264	373
194	9360	393
195	9457	374
196	9555	1176
197	9653	390
198	9751	2152
199	9850	388
200	9950	356
201	10050	793
202	10150	3758
203	10251	3360
204	10353	321
205	10455	554
206	10557	644
207	10660	1852
208	10764	598
209	10868	1085
210	10972	733
211	11077	332
212	11183	362
213	11289	837
214	11395	329
215	11502	494
216	11610	1443
217	11718	2967
218	11826	2123
219	11935	1210
220	12045	457
221	12155	524
222	12265	787
223	12376	1697
224	12488	2280
225	12600	2836
226	12712	2734
227	12825	1078
228	12939	2534
229	13053	1542
230	13167	1763
231	13282	1540
232	13398	1968
233	13514	1845
234	13630	563
235	13747	542
236	13865	461
237	13983	1623
238	14101	2743
239	14220	463
240	14340	645
241	14460	1224
242	14580	2187
243	14701	1934
244	14823	2295
245	14945	3670
246	15067	609
247	15190	2655
248	15314	465
249	15438	906
250	15562	1691
251	15687	755
252	15813	490
253	15939	1290
254	16065	577
255	16192	3069
256	16320	3850
257	16448	3399
258	16576	475
259	16705	3538
260	16835	1061
261	16965	504
262	17095	480
263	17226	514
264	17358	609
265	17490	1651
266	17622	3312
267	17755	2477
268	17889	2815
269	18023	2512
270	18157	1980
271	18292	1307
272	18428	2352
273	18564	2661
274	18700	4704
275	18837	2902
276	18975	884
277	19113	5139
278	19251	3148
279	19390	2900
280	19530	3158
281	19670	892
282	19810	3768
283	19951	748
284	20093	1971
285	20235	817
286	20377	3280
287	20520	915
288	20664	819
289	20808	4125
290	20952	766
291	21097	2515
292	21243	3952
293	21389	2700
294	21535	1071
295	21682	3506
296	21830	1715
297	21978	3558
298	22126	1334
299	22275	1036
300	22425	5570
301	22575	734
302	22725	1245
303	22876	1159
304	23028	5261
305	23180	1394
306	23332	1506
307	23485	695
308	23639	3163
309	23793	5317
310	23947	720
311	24102	2878
312	24258	1488
313	24414	842
314	24570	3590
315	24727	3008
316	24885	865
317	25043	727
318	25201	6110
319	25360	978
320	25520	6110
321	25680	3364
322	25840	1019
323	26001	2447
324	26163	5066
325	26325	5864
326	26487	2644
327	26650	1604
328	26814	864
329	26978	1255
330	27142	782
331	27307	995
332	27473	5731
333	27639	838
334	27805	2743
335	27972	4359
336	28140	1206
337	28308	3432
338	28476	1297
339	28645	6665
340	28815	2493
341	28985	820
342	29155	5908
343	29326	5053
344	29498	1001
345	29670	6424
346	29842	1037
347	30015	1496
348	30189	1855
349	30363	6761
350	30537	7374
351	30712	6080
352	30888	2311
353	31064	5205
354	31240	1833
355	31417	2398
356	31595	1209
357	31773	5216
358	31951	905
359	32130	953
360	32310	3057
361	32490	1091
362	32670	1101
363	32851	908
364	33033	5793
365	33215	5924
366	33397	4830
367	33580	3825
368	33764	1132
369	33948	2236
370	34132	4173
371	34317	957
372	34503	2603
373	34689	5891
374	34875	2439
375	35062	3490
376	35250	7513
377	35438	6200
378	35626	6759
379	35815	1667
380	36005	1027
381	36195	1354
382	36385	4351
383	36576	3130
384	36768	1367
385	36960	4775
386	37152	1057
387	37345	5517
388	37539	998
389	37733	1408
390	37927	5472
391	38122	1137
392	38318	1160
393	38514	1052
394	38710	4950
395	38907	9261
396	39105	1111
397	39303	4203
398	39501	4393
399	39700	1495
400	39900	4464
401	40100	1272
402	40300	1939
403	40501	1524
404	40703	1396
405	40905	2610
406	41107	7455
407	41310	1178
408	41514	1270
409	41718	1161
410	41922	2911
411	42127	1230
412	42333	2232
413	42539	10125
414	42745	1156
415	42952	3844
416	43160	1168
417	43368	2446
418	43576	1208
419	43785	2426
420	43995	1584
421	44205	1218
422	44415	1220
423	44626	6410
424	44838	5601
425	45050	1209
426	45262	7438
427	45475	3521
428	45689	9741
429	45903	6278
430	46117	9509
431	46332	2560
432	46548	1368
433	46764	6868
434	46980	1700
435	47197	9729
436	47415	9795
437	47633	1371
438	47851	10747
439	48070	8877
440	48290	3958
441	48510	9421
442	48730	1597
443	48951	4496
444	49173	10862
445	49395	1804
446	49617	5642
447	49840	1367
448	50064	4768
449	50288	1674
450	50512	8957
451	50737	3214
452	50963	8872
453	51189	1487
454	51415	7342
455	51642	6812
456	51870	2061
457	52098	3780
458	52326	8576
459	52555	12364
460	52785	9953
461	53015	10591
462	53245	1538
463	53476	11126
464	53708	7031
465	53940	1709
466	54172	1569
467	54405	12205
468	54639	3429
469	54873	9553
470	55107	7953
471	55342	12098
472	55578	9156
473	55814	2169
474	56050	2335
475	56287	7964
476	56525	2227
477	56763	2240
478	57001	11292
479	57240	11891
480	57480	6337
481	57720	5377
482	57960	2362
483	58201	11469
484	58443	12018
485	58685	12605
486	58927	1753
487	59170	8819
488	59414	5165
489	59658	7075
490	59902	7987
491	60147	10205
492	60393	5480
493	60639	1805
494	60885	2078
495	61132	1773
496	61380	8986
497	61628	2411
498	61876	1772
499	62125	5983
500	62375	1795
501	62625	14399
502	62875	7963
503	63126	14256
504	63378	9341
505	63630	6260
506	63882	7325
507	64135	6064
508	64389	7127
509	64643	15609
510	64897	12715
511	65152	6259
512	65408	2017
513	65664	7157
514	65920	11607
515	66177	9850
516	66435	11867
517	66693	3256
518	66951	2600
519	67210	13660
520	67470	2040
521	67730	5841
522	67990	7719
523	68251	2340
524	68513	5646
525	68775	2864
526	69037	8613
527	69300	15226
528	69564	13350
529	69828	9419
530	70092	8518
531	70357	15630
532	70623	7663
533	70889	12760
534	71155	5824
535	71422	9875
536	71690	7143
537	71958	2883
538	72226	2630
539	72495	7172
540	72765	5543
541	73035	8917
542	73305	10204
543	73576	6118
544	73848	12676
545	74120	2750
546	74392	2718
547	74665	11989
548	74939	8663
549	75213	18034
550	75487	4148
551	75762	2565
552	76038	9187
553	76314	2208
554	76590	17624
555	76867	11147
556	77145	2648
557	77423	2222
558	77701	10276
559	77980	8624
560	78260	14982
561	78540	2237
562	78820	16713
563	79101	2248
564	79383	3210
565	79665	10998
566	79947	2983
567	80230	6023
568	80514	17612
569	80798	14530
570	81082	12842
571	81367	2397
572	81653	2325
573	81939	6766
574	82225	2459
575	82512	14641
576	82800	2555
577	83088	17993
578	83376	13807
579	83665	2393
580	83955	7873
581	84245	9292
582	84535	2508
583	84826	2409
584	85118	4591
585	85410	11370
586	85702	2536
587	85995	3724
588	86289	12421
589	86583	4876
590	86877	6865
591	87172	13782
592	87468	17724
593	87764	17790
594	88060	2922
595	88357	4760
596	88655	14708
597	88953	3735
598	89251	2853
599	89550	4708
600	89850	2470
601	90150	13050
602	90450	2677
603	90751	3291
604	91053	2595
605	91355	2581
606	91657	2824
607	91960	10413
608	92264	3236
609	92568	2974
610	92872	19732
611	93177	3356
612	93483	2726
613	93789	19061
614	94095	6695
615	94402	5494
616	94710	10700
617	95018	2838
618	95326	20483
619	95635	2917
620	95945	2814
621	96255	2674
622	96565	10077
623	96876	4114
624	97188	3059
625	97500	17724
626	97812	9852
627	98125	2827
628	98439	8720
629	98753	22082
630	99067	3187
631	99382	5049
632	99698	3225
633	100014	4143
634	100330	5059
635	100647	17662
636	100965	20794
637	101283	3616
638	101601	16710
639	101920	14499
640	102240	19598
641	102560	3727
642	102880	6095
643	103201	3119
644	103523	3166
645	103845	2973
646	104167	12475
647	104490	15400
648	104814	14940
649	105138	18743
650	105462	3301
651	105787	10604
652	106113	3207
653	106439	3289
654	106765	3303
655	107092	5842
656	107420	3239
657	107748	13499
658	108076	18005
659	108405	3276
660	108735	23206
661	109065	8328
662	109395	3371
663	109726	3688
664	110058	4103
665	110390	3255
666	110722	4413
667	111055	4360
668	111389	3690
669	111723	25222
670	112057	11631
671	112392	19681
672	112728	4992
673	113064	3176
674	113400	20866
675	113737	17347
676	114075	17533
677	114413	14878
678	114751	3519
679	115090	13890
680	115430	26263
681	115770	23873
682	116110	14497
683	116451	6535
684	116793	17851
685	117135	3387
686	117477	3424
687	117820	21068
688	118164	24993
689	118508	18692
690	118852	4610
691	119197	6835
692	119543	7332
693	119889	15758
694	120235	20387
695	120582	7465
696	120930	7905
697	121278	9049
698	121626	6973
699	121975	28010
700	122325	17879
701	122675	4372
702	123025	4839
703	123376	3659
704	123728	3736
705	124080	19757
706	124432	16635
707	124785	3730
708	125139	5369
709	125493	18803
710	125847	6481
711	126202	19523
712	126558	15866
713	126914	5349
714	127270	16009
715	127627	25062
716	127985	17209
717	128343	25769
718	128701	14898
719	129060	13161
720	129420	3826
721	129780	26602
722	130140	5137
723	130501	10253
724	130863	9059
725	131225	20933
726	131587	8234
727	131950	12152
728	132314	11463
729	132678	16024
730	133042	26604
731	133407	4745
732	133773	23309
733	134139	4459
734	134505	15949
735	134872	19787
736	135240	3947
737	135608	17523
738	135976	4083
739	136345	14214
740	136715	6696
741	137085	5436
742	137455	4596
743	137826	4195
744	138198	14822
745	138570	4097
746	138942	7782
747	139315	26557
748	139689	6484
749	140063	18439
750	140437	25447
751	140812	23491
752	141188	16191
753	141564	10174
754	141940	10687
755	142317	22804
756	142695	4117
757	143073	33367
758	143451	21571
759	143830	4616
760	144210	4143
761	144590	9899
762	144970	4160
763	145351	21179
764	145733	5678
765	146115	26772
766	146497	26241
767	146880	25282
768	147264	21568
769	147648	26220
770	148032	4216
771	148417	16847
772	148803	20415
773	149189	33190
774	149575	5733
775	149962	23238
776	150350	23906
777	150738	5353
778	151126	34858
779	151515	5236
780	151905	24479
781	152295	16160
782	152685	6064
783	153076	23636
784	153468	4837
785	153860	4341
786	154252	18884
787	154645	18885
788	155039	27613
789	155433	34688
790	155827	28599
791	156222	8011
792	156618	7715
793	157014	17269
794	157410	5787
795	157807	35006
796	158205	4585
797	158603	12702
798	159001	30039
799	159400	20783
800	159800	4956
801	160200	10225
802	160600	7015
803	161001	21647
804	161403	28588
805	161805	20845
806	162207	20339
807	162610	5346
808	163014	18597
809	163418	37499
810	163822	35382
811	164227	4629
812	164633	4610
813	165039	17942
814	165445	4701
815	165852	5885
816	166260	9671
817	166668	6007
818	167076	5069
819	167485	21685
820	167895	6555
821	168305	27859
822	168715	25944
823	169126	20792
824	169538	5111
825	169950	6649
826	170362	32976
827	170775	26175
828	171189	9207
829	171603	15557
830	172017	6168
831	172432	6628
832	172848	5491
833	173264	7345
834	173680	30433
835	174097	30590
836	174515	7676
837	174933	41204
838	175351	27818
839	175770	6329
840	176190	14997
841	176610	5019
842	177030	5499
843	177451	32642
844	177873	5156
845	178295	5100
846	178717	13239
847	179140	32296
848	179564	5974
849	179988	5298
850	180412	24442
851	180837	5778
852	181263	14652
853	181689	6141
854	182115	5547
855	182542	17164
856	182970	28692
857	183398	17380
858	183826	5343
859	184255	6931
860	184685	5562
861	185115	5424
862	185545	14524
863	185976	5489
864	186408	10119
865	186840	40979
866	187272	26858
867	187705	7130
868	188139	11116
869	188573	32640
870	189007	14252
871	189442	8531
872	189878	36317
873	190314	6851
874	190750	30343
875	191187	17676
876	191625	37576
877	192063	12938
878	192501	18358
879	192940	26447
880	193380	6363
881	193820	11949
882	194260	7010
883	194701	21873
884	195143	34702
885	195585	27954
886	196027	39314
887	196470	14362
888	196914	15099
889	197358	23818
890	197802	7989
891	198247	39691
892	198693	35034
893	199139	11434
894	199585	9037
895	200032	30901
896	200480	11609
897	200928	15551
898	201376	28003
899	201825	6082
900	202275	18445
901	202725	34466
902	203175	33737
903	203626	8849
904	204078	9346
905	204530	7282
906	204982	21953
907	205435	14343
908	205889	43446
909	206343	7899
910	206797	9494
911	207252	6088
912	207708	6429
913	208164	32090
914	208620	20286
915	209077	46197
916	209535	6835
917	209993	8135
918	210451	8128
919	210910	7234
920	211370	30123
921	211830	42629
922	212290	8571
923	212751	17880
924	213213	7150
925	213675	38781
926	214137	6636
927	214600	41301
928	215064	33180
929	215528	25825
930	215992	8954
931	216457	6815
932	216923	12725
933	217389	9243
934	217855	45900
935	218322	8053
936	218790	38294
937	219258	40012
938	219726	8370
939	220195	7568
940	220665	29464
941	221135	29226
942	221605	34567
943	222076	7081
944	222548	6809
945	223020	38636
946	223492	10489
947	223965	45782
948	224439	23041
949	224913	26837
950	225387	45015
951	225862	8180
952	226338	6851
953	226814	11050
954	227290	33773
955	227767	13331
956	228245	7563
957	228723	41036
958	229201	11651
959	229680	13661
960	230160	7751
961	230640	39126
962	231120	30335
963	231601	16792
964	232083	7379
965	232565	43786
966	233047	31322
967	233530	37697
968	234014	10186
969	234498	38802
970	234982	8333
971	235467	9488
972	235953	44071
973	236439	10293
974	236925	9441
975	237412	48453
976	237900	16947
977	238388	46176
978	238876	39298
979	239365	32527
980	239855	10163
981	240345	9091
982	240835	7936
983	241326	7954
984	241818	8287
985	242310	6836
986	242802	9569
987	243295	23675
988	243789	8744
989	244283	40738
990	244777	43056
991	245272	37460
992	245768	9116
993	246264	34717
994	246760	19280
995	247257	17322
996	247755	8553
997	248253	8818
998	248751	24630
999	249250	30362
1000	249750	14378
