100	99	0
101	101	0
102	103	0
103	105	0
104	107	0
105	109	0
106	111	0
107	113	0
108	115	7
109	117	0
110	119	0
111	122	0
112	124	0
113	126	0
114	128	0
115	131	0
116	133	0
117	135	0
118	138	0
119	140	0
120	142	0
121	145	0
122	147	0
123	150	0
124	152	0
125	155	0
126	157	0
127	160	0
128	162	1
129	165	0
130	167	0
131	170	0
132	172	0
133	175	0
134	178	0
135	180	0
136	183	0
137	186	0
138	189	10
139	191	1
140	194	1
141	197	0
142	200	0
143	203	0
144	205	0
145	208	10
146	211	0
147	214	0
148	217	0
149	220	0
150	223	0
151	226	0
152	229	1
153	232	0
154	235	0
155	238	0
156	241	0
157	244	0
158	248	0
159	251	0
160	254	0
161	257	0
162	260	0
163	264	0
164	267	0
165	270	27
166	273	0
167	277	0
168	280	11
169	283	0
170	287	0
171	290	0
172	294	0
173	297	2
174	301	40
175	304	0
176	308	1
177	311	0
178	315	0
179	318	0
180	322	0
181	325	6
182	329	0
183	333	5
184	336	0
185	340	1
186	344	1
187	347	0
188	351	0
189	355	0
190	359	0
191	362	0
192	366	0
193	370	0
194	374	34
195	378	0
196	382	0
197	386	0
198	390	22
199	394	1
200	398	4
201	402	0
202	406	0
203	410	127
204	414	7
205	418	0
206	422	20
207	426	0
208	430	0
209	434	0
210	438	0
211	443	0
212	447	0
213	451	0
214	455	1
215	460	0
216	464	0
217	468	22
218	473	0
219	477	0
220	481	0
221	486	0
222	490	0
223	495	0
224	499	0
225	504	0
226	508	0
227	513	0
228	517	1
229	522	0
230	526	1
231	531	3
232	535	0
233	540	1
234	545	5
235	549	1
236	554	2
237	559	1
238	564	74
239	568	0
240	573	1
241	578	36
242	583	1
243	588	0
244	592	121
245	597	22
246	602	0
247	607	0
248	612	10
249	617	0
250	622	1
251	627	0
252	632	3
253	637	0
254	642	1
255	647	1
256	652	17
257	657	2
258	663	0
259	668	0
260	673	0
261	678	2
262	683	2
263	689	0
264	694	0
265	699	0
266	704	2
267	710	0
268	715	1
269	720	1
270	726	0
271	731	0
272	737	17
273	742	0
274	748	0
275	753	2
276	759	3
277	764	0
278	770	6
279	775	0
280	781	3
281	786	4
282	792	0
283	798	0
284	803	0
285	809	10
286	815	5
287	820	1
288	826	0
289	832	0
290	838	2
291	843	1
292	849	0
293	855	1
294	861	2
295	867	1
296	873	0
297	879	1
298	885	0
299	891	1
300	897	1
301	903	0
302	909	0
303	915	0
304	921	0
305	927	1
306	933	31
307	939	1
308	945	0
309	951	0
310	957	1
311	964	1
312	970	0
313	976	0
314	982	1
315	989	0
316	995	0
317	1001	1
318	1008	0
319	1014	11
320	1020	0
321	1027	0
322	1033	0
323	1040	0
324	1046	1
325	1053	0
326	1059	0
327	1066	2
328	1072	48
329	1079	0
330	1085	1
331	1092	1
332	1098	1
333	1105	1
334	1112	1
335	1118	1
336	1125	24
337	1132	0
338	1139	0
339	1145	1
340	1152	0
341	1159	0
342	1166	2
343	1173	0
344	1179	2
345	1186	1
346	1193	0
347	1200	0
348	1207	2
349	1214	1
350	1221	0
351	1228	3
352	1235	1
353	1242	0
354	1249	0
355	1256	0
356	1263	2
357	1270	2
358	1278	1
359	1285	0
360	1292	0
361	1299	1
362	1306	1
363	1314	0
364	1321	0
365	1328	0
366	1335	3
367	1343	1
368	1350	0
369	1357	2
370	1365	0
371	1372	0
372	1380	1
373	1387	0
374	1395	0
375	1402	2
376	1410	1
377	1417	33
378	1425	0
379	1432	0
380	1440	3
381	1447	4
382	1455	0
383	1463	2
384	1470	0
385	1478	0
386	1486	0
387	1493	0
388	1501	0
389	1509	1
390	1517	1
391	1524	0
392	1532	0
393	1540	0
394	1548	0
395	1556	0
396	1564	1
397	1572	2
398	1580	2
399	1588	0
400	1596	0
401	1604	0
402	1612	1
403	1620	1
404	1628	0
405	1636	1
406	1644	4
407	1652	0
408	1660	0
409	1668	1
410	1676	3
411	1685	1
412	1693	0
413	1701	5
414	1709	1
415	1718	106
416	1726	2
417	1734	3
418	1743	0
419	1751	0
420	1759	1
421	1768	0
422	1776	0
423	1785	1
424	1793	0
425	1802	2
426	1810	0
427	1819	3
428	1827	1
429	1836	1
430	1844	3
431	1853	0
432	1861	2
433	1870	0
434	1879	1
435	1887	0
436	1896	1
437	1905	1
438	1914	1
439	1922	2
440	1931	1
441	1940	2
442	1949	0
443	1958	1
444	1966	1
445	1975	2
446	1984	0
447	1993	1
448	2002	2
449	2011	0
450	2020	0
451	2029	0
452	2038	2
453	2047	2
454	2056	0
455	2065	41
456	2074	2
457	2083	0
458	2093	0
459	2102	0
460	2111	1
461	2120	44
462	2129	1
463	2139	1
464	2148	0
465	2157	1
466	2166	2
467	2176	1
468	2185	3
469	2194	0
470	2204	0
471	2213	20
472	2223	1
473	2232	7
474	2242	1
475	2251	2
476	2261	1
477	2270	1
478	2280	1
479	2289	10
480	2299	2
481	2308	36
482	2318	1
483	2328	0
484	2337	1
485	2347	2
486	2357	0
487	2366	1
488	2376	1
489	2386	35
490	2396	0
491	2405	17
492	2415	44
493	2425	0
494	2435	0
495	2445	34
496	2455	2
497	2465	1
498	2475	1
499	2485	1
500	2495	1
501	2505	1
502	2515	1
503	2525	0
504	2535	1
505	2545	44
506	2555	1
507	2565	0
508	2575	1
509	2585	1
510	2595	90
511	2606	1
512	2616	1
513	2626	4
514	2636	0
515	2647	3
516	2657	40
517	2667	3
518	2678	2
519	2688	1
520	2698	1
521	2709	30
522	2719	1
523	2730	2
524	2740	1
525	2751	2
526	2761	0
527	2772	5
528	2782	1
529	2793	0
530	2803	1
531	2814	1
532	2824	0
533	2835	1
534	2846	0
535	2856	24
536	2867	1
537	2878	1
538	2889	1
539	2899	1
540	2910	1
541	2921	3
542	2932	3
543	2943	1
544	2953	3
545	2964	1
546	2975	1
547	2986	1
548	2997	3
549	3008	2
550	3019	3
551	3030	24
552	3041	2
553	3052	1
554	3063	1
555	3074	1
556	3085	1
557	3096	1
558	3108	1
559	3119	1
560	3130	3
561	3141	4
562	3152	2
563	3164	2
564	3175	2
565	3186	1
566	3197	1
567	3209	1
568	3220	1
569	3231	1
570	3243	3
571	3254	0
572	3266	1
573	3277	3
574	3289	0
575	3300	3
576	3312	3
577	3323	1
578	3335	0
579	3346	2
580	3358	2
581	3369	0
582	3381	1
583	3393	3
584	3404	1
585	3416	1
586	3428	3
587	3439	2
588	3451	1
589	3463	1
590	3475	1
591	3486	1
592	3498	1
593	3510	1
594	3522	3
595	3534	3
596	3546	2
597	3558	1
598	3570	1
599	3582	0
600	3594	1
601	3606	1
602	3618	1
603	3630	1
604	3642	7
605	3654	1
606	3666	4
607	3678	1
608	3690	2
609	3702	1
610	3714	1
611	3727	2
612	3739	2
613	3751	2
614	3763	2
615	3776	1
616	3788	1
617	3800	2
618	3813	2
619	3825	1
620	3837	2
621	3850	4
622	3862	1
623	3875	1
624	3887	2
625	3900	1
626	3912	1
627	3925	18
628	3937	1
629	3950	1
630	3962	2
631	3975	2
632	3987	1
633	4000	1
634	4013	2
635	4025	2
636	4038	1
637	4051	1
638	4064	1
639	4076	39
640	4089	4
641	4102	9
642	4115	1
643	4128	2
644	4140	1
645	4153	1
646	4166	2
647	4179	1
648	4192	41
649	4205	1
650	4218	3
651	4231	2
652	4244	3
653	4257	1
654	4270	2
655	4283	2
656	4296	0
657	4309	1
658	4323	1
659	4336	1
660	4349	1
661	4362	2
662	4375	21
663	4389	39
664	4402	3
665	4415	31
666	4428	42
667	4442	1
668	4455	1
669	4468	80
670	4482	5
671	4495	33
672	4509	1
673	4522	3
674	4536	1
675	4549	5
676	4563	1
677	4576	1
678	4590	6
679	4603	1
680	4617	1
681	4630	0
682	4644	1
683	4658	3
684	4671	14
685	4685	1
686	4699	4
687	4712	2
688	4726	2
689	4740	1
690	4754	3
691	4767	3
692	4781	4
693	4795	1
694	4809	3
695	4823	3
696	4837	3
697	4851	1
698	4865	1
699	4879	2
700	4893	2
701	4907	3
702	4921	2
703	4935	1
704	4949	1
705	4963	3
706	4977	1
707	4991	3
708	5005	1
709	5019	0
710	5033	3
711	5048	1
712	5062	3
713	5076	1
714	5090	1
715	5105	1
716	5119	3
717	5133	1
718	5148	3
719	5162	3
720	5176	3
721	5191	1
722	5205	3
723	5220	3
724	5234	1
725	5249	7
726	5263	2
727	5278	1
728	5292	3
729	5307	1
730	5321	3
731	5336	10
732	5350	1
733	5365	36
734	5380	1
735	5394	1
736	5409	3
737	5424	0
738	5439	3
739	5453	3
740	5468	1
741	5483	1
742	5498	4
743	5513	1
744	5527	1
745	5542	5
746	5557	4
747	5572	3
748	5587	0
749	5602	3
750	5617	1
751	5632	44
752	5647	3
753	5662	3
754	5677	1
755	5692	1
756	5707	2
757	5722	1
758	5738	4
759	5753	1
760	5768	0
761	5783	7
762	5798	0
763	5814	1
764	5829	2
765	5844	3
766	5859	1
767	5875	1
768	5890	1
769	5905	3
770	5921	1
771	5936	3
772	5952	5
773	5967	3
774	5983	1
775	5998	1
776	6014	1
777	6029	1
778	6045	5
779	6060	1
780	6076	3
781	6091	1
782	6107	4
783	6123	1
784	6138	1
785	6154	1
786	6170	1
787	6185	3
788	6201	3
789	6217	4
790	6233	1
791	6248	1
792	6264	5
793	6280	1
794	6296	1
795	6312	3
796	6328	1
797	6344	4
798	6360	1
799	6376	1
800	6392	3
801	6408	3
802	6424	3
803	6440	1
804	6456	4
805	6472	1
806	6488	3
807	6504	4
808	6520	3
809	6536	1
810	6552	1
811	6569	3
812	6585	1
813	6601	6
814	6617	1
815	6634	1
816	6650	1
817	6666	1
818	6683	5
819	6699	2
820	6715	4
821	6732	1
822	6748	3
823	6765	5
824	6781	1
825	6798	4
826	6814	1
827	6831	1
828	6847	1
829	6864	1
830	6880	3
831	6897	1
832	6913	4
833	6930	0
834	6947	3
835	6963	1
836	6980	4
837	6997	1
838	7014	3
839	7030	1
840	7047	1
841	7064	0
842	7081	1
843	7098	1
844	7114	3
845	7131	1
846	7148	4
847	7165	4
848	7182	4
849	7199	1
850	7216	1
851	7233	1
852	7250	5
853	7267	2
854	7284	5
855	7301	1
856	7318	3
857	7335	6
858	7353	5
859	7370	6
860	7387	1
861	7404	5
862	7421	8
863	7439	1
864	7456	4
865	7473	2
866	7490	21
867	7508	1
868	7525	1
869	7542	5
870	7560	3
871	7577	2
872	7595	2
873	7612	2
874	7630	47
875	7647	2
876	7665	28
877	7682	2
878	7700	1
879	7717	30
880	7735	38
881	7752	25
882	7770	1
883	7788	2
884	7805	38
885	7823	56
886	7841	28
887	7858	1
888	7876	2
889	7894	2
890	7912	2
891	7929	34
892	7947	2
893	7965	3
894	7983	37
895	8001	2
896	8019	31
897	8037	2
898	8055	31
899	8073	34
900	8091	2
901	8109	2
902	8127	41
903	8145	36
904	8163	2
905	8181	2
906	8199	2
907	8217	2
908	8235	2
909	8253	1
910	8271	2
911	8290	6
912	8308	42
913	8326	3
914	8344	2
915	8363	35
916	8381	3
917	8399	1
918	8418	3
919	8436	2
920	8454	3
921	8473	37
922	8491	5
923	8510	2
924	8528	1
925	8547	1
926	8565	42
927	8584	2
928	8602	1
929	8621	1
930	8639	1
931	8658	2
932	8676	2
933	8695	2
934	8714	24
935	8732	3
936	8751	3
937	8770	2
938	8789	2
939	8807	3
940	8826	2
941	8845	33
942	8864	1
943	8883	5
944	8901	34
945	8920	40
946	8939	4
947	8958	57
948	8977	2
949	8996	2
950	9015	2
951	9034	38
952	9053	2
953	9072	17
954	9091	2
955	9110	3
956	9129	2
957	9148	2
958	9168	2
959	9187	1
960	9206	2
961	9225	52
962	9244	2
963	9264	31
964	9283	1
965	9302	43
966	9321	32
967	9341	3
968	9360	2
969	9379	1
970	9399	31
971	9418	2
972	9438	2
973	9457	2
974	9477	2
975	9496	3
976	9516	38
977	9535	2
978	9555	2
979	9574	3
980	9594	2
981	9613	2
982	9633	3
983	9653	2
984	9672	2
985	9692	2
986	9712	42
987	9731	34
988	9751	2
989	9771	2
990	9791	3
991	9810	3
992	9830	2
993	9850	1
994	9870	1
995	9890	1
996	9910	44
997	9930	2
998	9950	44
999	9970	37
1000	9990	20
