100	198	48
101	202	67
102	206	70
103	210	34
104	214	35
105	218	51
106	222	41
107	226	71
108	231	51
109	235	49
110	239	38
111	244	65
112	248	111
113	253	98
114	257	1924
115	262	48
116	266	77
117	271	434
118	276	420
119	280	375
120	285	47
121	290	45
122	295	54
123	300	55
124	305	51
125	310	83
126	315	61
127	320	156
128	325	62
129	330	59
130	335	132
131	340	59
132	345	149
133	351	60
134	356	87
135	361	59
136	367	59
137	372	67
138	378	60
139	383	89
140	389	97
141	394	69
142	400	65
143	406	74
144	411	66
145	417	60
146	423	75
147	429	300
148	435	248
149	441	74
150	447	195
151	453	121
152	459	79
153	465	395
154	471	134
155	477	407
156	483	521
157	489	454
158	496	106
159	502	375
160	508	262
161	515	350
162	521	102
163	528	140
164	534	339
165	541	187
166	547	85
167	554	126
168	561	87
169	567	128
170	574	120
171	581	89
172	588	254
173	595	423
174	602	257
175	609	86
176	616	361
177	623	266
178	630	89
179	637	361
180	644	319
181	651	305
182	658	238
183	666	337
184	673	329
185	680	389
186	688	386
187	695	306
188	703	416
189	710	258
190	718	512
191	725	313
192	733	170
193	741	478
194	748	300
195	756	345
196	764	384
197	772	661
198	780	164
199	788	311
200	796	228
201	804	383
202	812	482
203	820	351
204	828	481
205	836	346
206	844	827
207	852	366
208	861	521
209	869	287
210	877	182
211	886	358
212	894	481
213	903	442
214	911	300
215	920	297
216	928	452
217	937	485
218	946	383
219	954	354
220	963	143
221	972	657
222	981	356
223	990	367
224	999	227
225	1008	532
226	1017	299
227	1026	371
228	1035	437
229	1044	438
230	1053	188
231	1062	433
232	1071	354
233	1081	453
234	1090	208
235	1099	242
236	1109	482
237	1118	430
238	1128	407
239	1137	200
240	1147	227
241	1156	439
242	1166	481
243	1176	278
244	1185	767
245	1195	382
246	1205	371
247	1215	519
248	1225	500
249	1235	445
250	1245	480
251	1255	518
252	1265	537
253	1275	603
254	1285	596
255	1295	490
256	1305	446
257	1315	612
258	1326	434
259	1336	493
260	1346	726
261	1357	749
262	1367	550
263	1378	548
264	1388	574
265	1399	584
266	1409	848
267	1420	517
268	1431	271
269	1441	757
270	1452	247
271	1463	652
272	1474	472
273	1485	463
274	1496	443
275	1507	795
276	1518	663
277	1529	848
278	1540	563
279	1551	500
280	1562	474
281	1573	261
282	1584	709
283	1596	315
284	1607	519
285	1618	707
286	1630	317
287	1641	595
288	1653	580
289	1664	666
290	1676	706
291	1687	306
292	1699	613
293	1711	731
294	1722	531
295	1734	771
296	1746	607
297	1758	575
298	1770	1233
299	1782	657
300	1794	260
301	1806	462
302	1818	1141
303	1830	875
304	1842	893
305	1854	688
306	1866	349
307	1878	323
308	1891	434
309	1903	280
310	1915	511
311	1928	856
312	1940	1203
313	1953	731
314	1965	679
315	1978	636
316	1990	389
317	2003	643
318	2016	1043
319	2028	689
320	2041	868
321	2054	1879
322	2067	451
323	2080	747
324	2093	459
325	2106	429
326	2119	278
327	2132	294
328	2145	525
329	2158	373
330	2171	561
331	2184	582
332	2197	547
333	2211	492
334	2224	565
335	2237	914
336	2251	545
337	2264	923
338	2278	1394
339	2291	825
340	2305	1344
341	2318	775
342	2332	1344
343	2346	1157
344	2359	623
345	2373	275
346	2387	725
347	2401	1389
348	2415	646
349	2429	398
350	2443	557
351	2457	1187
352	2471	655
353	2485	658
354	2499	873
355	2513	578
356	2527	435
357	2541	741
358	2556	541
359	2570	1555
360	2584	1373
361	2599	682
362	2613	389
363	2628	1023
364	2642	1393
365	2657	757
366	2671	635
367	2686	985
368	2701	323
369	2715	1473
370	2730	610
371	2745	1093
372	2760	736
373	2775	777
374	2790	702
375	2805	783
376	2820	1071
377	2835	1251
378	2850	587
379	2865	683
380	2880	689
381	2895	919
382	2910	769
383	2926	837
384	2941	773
385	2956	737
386	2972	738
387	2987	765
388	3003	758
389	3018	1345
390	3034	644
391	3049	1694
392	3065	1746
393	3081	882
394	3096	878
395	3112	798
396	3128	1651
397	3144	1389
398	3160	956
399	3176	848
400	3192	731
401	3208	552
402	3224	1666
403	3240	691
404	3256	1023
405	3272	921
406	3288	940
407	3304	404
408	3321	832
409	3337	851
410	3353	729
411	3370	722
412	3386	997
413	3403	816
414	3419	837
415	3436	900
416	3452	586
417	3469	953
418	3486	1104
419	3502	957
420	3519	1000
421	3536	1830
422	3553	901
423	3570	1164
424	3587	1240
425	3604	1102
426	3621	860
427	3638	904
428	3655	771
429	3672	891
430	3689	998
431	3706	591
432	3723	852
433	3741	1582
434	3758	2121
435	3775	611
436	3793	518
437	3810	1988
438	3828	1134
439	3845	1178
440	3863	1034
441	3880	1017
442	3898	1230
443	3916	1175
444	3933	925
445	3951	906
446	3969	946
447	3987	973
448	4005	1788
449	4023	1012
450	4041	990
451	4059	1835
452	4077	1974
453	4095	1171
454	4113	1141
455	4131	1038
456	4149	1010
457	4167	1918
458	4186	1033
459	4204	2193
460	4222	1715
461	4241	1041
462	4259	1192
463	4278	1125
464	4296	1030
465	4315	978
466	4333	1188
467	4352	1007
468	4371	1172
469	4389	1505
470	4408	2014
471	4427	1478
472	4446	1042
473	4465	1154
474	4484	2018
475	4503	2302
476	4522	2028
477	4541	1120
478	4560	851
479	4579	1239
480	4598	2080
481	4617	574
482	4636	2108
483	4656	1473
484	4675	1625
485	4694	1152
486	4714	2350
487	4733	968
488	4753	1620
489	4772	2001
490	4792	1353
491	4811	2100
492	4831	2291
493	4851	2143
494	4870	1314
495	4890	1116
496	4910	1920
497	4930	1562
498	4950	1155
499	4970	1854
500	4990	1118
501	5010	1293
502	5030	2226
503	5050	603
504	5070	1127
505	5090	1746
506	5110	1938
507	5130	1181
508	5151	1044
509	5171	948
510	5191	1624
511	5212	2173
512	5232	1507
513	5253	1170
514	5273	1477
515	5294	1552
516	5314	1394
517	5335	2380
518	5356	2597
519	5376	1277
520	5397	1269
521	5418	2447
522	5439	1988
523	5460	853
524	5481	1413
525	5502	2210
526	5523	967
527	5544	2542
528	5565	1428
529	5586	4357
530	5607	1463
531	5628	1513
532	5649	2789
533	5671	1334
534	5692	899
535	5713	2094
536	5735	1414
537	5756	859
538	5778	1482
539	5799	1517
540	5821	2231
541	5842	1204
542	5864	1468
543	5886	1249
544	5907	828
545	5929	1372
546	5951	1293
547	5973	2396
548	5995	1340
549	6017	1961
550	6039	2043
551	6061	1451
552	6083	1164
553	6105	2183
554	6127	1329
555	6149	1870
556	6171	2913
557	6193	2170
558	6216	1272
559	6238	1253
560	6260	1099
561	6283	2309
562	6305	1905
563	6328	1321
564	6350	2026
565	6373	710
566	6395	1993
567	6418	1451
568	6441	2362
569	6463	1018
570	6486	2647
571	6509	1439
572	6532	2447
573	6555	1229
574	6578	1447
575	6601	2052
576	6624	1313
577	6647	1500
578	6670	2554
579	6693	2568
580	6716	2257
581	6739	1045
582	6762	1752
583	6786	2223
584	6809	1817
585	6832	1974
586	6856	2662
587	6879	900
588	6903	1538
589	6926	1471
590	6950	2344
591	6973	1534
592	6997	1339
593	7021	1499
594	7044	1500
595	7068	2569
596	7092	913
597	7116	1959
598	7140	2636
599	7164	1732
600	7188	2903
601	7212	2652
602	7236	1756
603	7260	2130
604	7284	1484
605	7308	2123
606	7332	1707
607	7356	1592
608	7381	2820
609	7405	2282
610	7429	2396
611	7454	2000
612	7478	1678
613	7503	2488
614	7527	1970
615	7552	1928
616	7576	2143
617	7601	1747
618	7626	2939
619	7650	1326
620	7675	3744
621	7700	2729
622	7725	1462
623	7750	1742
624	7775	1818
625	7800	1624
626	7825	1623
627	7850	2406
628	7875	2021
629	7900	1777
630	7925	2453
631	7950	1646
632	7975	1785
633	8001	1668
634	8026	1723
635	8051	1884
636	8077	2246
637	8102	1621
638	8128	3106
639	8153	1197
640	8179	1462
641	8204	1765
642	8230	1936
643	8256	1959
644	8281	1907
645	8307	2151
646	8333	2994
647	8359	1943
648	8385	1764
649	8411	3354
650	8437	1661
651	8463	1626
652	8489	3204
653	8515	1618
654	8541	2092
655	8567	2431
656	8593	2033
657	8619	2398
658	8646	1958
659	8672	1777
660	8698	2338
661	8725	2295
662	8751	2175
663	8778	1815
664	8804	3010
665	8831	1289
666	8857	2661
667	8884	2675
668	8911	1668
669	8937	2230
670	8964	1937
671	8991	2050
672	9018	1458
673	9045	2270
674	9072	2644
675	9099	2956
676	9126	3539
677	9153	1848
678	9180	1443
679	9207	2485
680	9234	3412
681	9261	2523
682	9288	1460
683	9316	1547
684	9343	3061
685	9370	3474
686	9398	1995
687	9425	3695
688	9453	2219
689	9480	2342
690	9508	2633
691	9535	3431
692	9563	2433
693	9591	2001
694	9618	1678
695	9646	3049
696	9674	1923
697	9702	1795
698	9730	3729
699	9758	1448
700	9786	2340
701	9814	3417
702	9842	3499
703	9870	2290
704	9898	2160
705	9926	1638
706	9954	3353
707	9982	2226
708	10011	2345
709	10039	3723
710	10067	2651
711	10096	3796
712	10124	1818
713	10153	2844
714	10181	2207
715	10210	2400
716	10238	3004
717	10267	2165
718	10296	2326
719	10324	1831
720	10353	2341
721	10382	2130
722	10411	3587
723	10440	2196
724	10469	3875
725	10498	3564
726	10527	2493
727	10556	2433
728	10585	1518
729	10614	2343
730	10643	3011
731	10672	2357
732	10701	2637
733	10731	2137
734	10760	3911
735	10789	2140
736	10819	3472
737	10848	2644
738	10878	2374
739	10907	5422
740	10937	3228
741	10966	3401
742	10996	2719
743	11026	2605
744	11055	1747
745	11085	3779
746	11115	2545
747	11145	3545
748	11175	4217
749	11205	3638
750	11235	2304
751	11265	2301
752	11295	2534
753	11325	3732
754	11355	1377
755	11385	1712
756	11415	2479
757	11445	2181
758	11476	1746
759	11506	2221
760	11536	3481
761	11567	3367
762	11597	3009
763	11628	3507
764	11658	3481
765	11689	2796
766	11719	4659
767	11750	4414
768	11781	3232
769	11811	4111
770	11842	2587
771	11873	4763
772	11904	2345
773	11935	2777
774	11966	4628
775	11997	1969
776	12028	4030
777	12059	2402
778	12090	1849
779	12121	2487
780	12152	3423
781	12183	4310
782	12214	4355
783	12246	2723
784	12277	1995
785	12308	5095
786	12340	3883
787	12371	4431
788	12403	3255
789	12434	4326
790	12466	2467
791	12497	3324
792	12529	2907
793	12561	3879
794	12592	2700
795	12624	1563
796	12656	3908
797	12688	2450
798	12720	3869
799	12752	2038
800	12784	2675
801	12816	4148
802	12848	4168
803	12880	2434
804	12912	3729
805	12944	3305
806	12976	5845
807	13008	4718
808	13041	3241
809	13073	3387
810	13105	2767
811	13138	2372
812	13170	2077
813	13203	4740
814	13235	2789
815	13268	1935
816	13300	2178
817	13333	2177
818	13366	2365
819	13398	5639
820	13431	4237
821	13464	3104
822	13497	2283
823	13530	2260
824	13563	3431
825	13596	2722
826	13629	2510
827	13662	5034
828	13695	2099
829	13728	3328
830	13761	2547
831	13794	2207
832	13827	3516
833	13861	3358
834	13894	2107
835	13927	4795
836	13961	3062
837	13994	3796
838	14028	4493
839	14061	4409
840	14095	4234
841	14128	5192
842	14162	3238
843	14196	2576
844	14229	5141
845	14263	5289
846	14297	3742
847	14331	3405
848	14365	3870
849	14399	3243
850	14433	3748
851	14467	1618
852	14501	1990
853	14535	2739
854	14569	3920
855	14603	3863
856	14637	2646
857	14671	3771
858	14706	5002
859	14740	2989
860	14774	3349
861	14809	2978
862	14843	3504
863	14878	3105
864	14912	3207
865	14947	3435
866	14981	3531
867	15016	5207
868	15051	6063
869	15085	4049
870	15120	4644
871	15155	3566
872	15190	6319
873	15225	5226
874	15260	4539
875	15295	6057
876	15330	3854
877	15365	4340
878	15400	3550
879	15435	6876
880	15470	4230
881	15505	3743
882	15540	6140
883	15576	4004
884	15611	6103
885	15646	2993
886	15682	3313
887	15717	2546
888	15753	3774
889	15788	4012
890	15824	3885
891	15859	4466
892	15895	6488
893	15931	4067
894	15966	6330
895	16002	3953
896	16038	3973
897	16074	6153
898	16110	5821
899	16146	2738
900	16182	5551
901	16218	3078
902	16254	3298
903	16290	5422
904	16326	2425
905	16362	2418
906	16398	4697
907	16434	5704
908	16471	3830
909	16507	3277
910	16543	3492
911	16580	6292
912	16616	3952
913	16653	5837
914	16689	2901
915	16726	3203
916	16762	4205
917	16799	6038
918	16836	3341
919	16872	4138
920	16909	5201
921	16946	4531
922	16983	4607
923	17020	6102
924	17057	3566
925	17094	6400
926	17131	4108
927	17168	4525
928	17205	4365
929	17242	2830
930	17279	6568
931	17316	7212
932	17353	4215
933	17391	4200
934	17428	7107
935	17465	4678
936	17503	2611
937	17540	7630
938	17578	6438
939	17615	3961
940	17653	3846
941	17690	3686
942	17728	4184
943	17766	4047
944	17803	3911
945	17841	4485
946	17879	4311
947	17917	4539
948	17955	4421
949	17993	7791
950	18031	6753
951	18069	6157
952	18107	8423
953	18145	4890
954	18183	6716
955	18221	6869
956	18259	4258
957	18297	6188
958	18336	3834
959	18374	4629
960	18412	3664
961	18451	4309
962	18489	5013
963	18528	6019
964	18566	7466
965	18605	4907
966	18643	3916
967	18682	7394
968	18721	4322
969	18759	7320
970	18798	3681
971	18837	3397
972	18876	7158
973	18915	4787
974	18954	4062
975	18993	5797
976	19032	7220
977	19071	4053
978	19110	4667
979	19149	7332
980	19188	8126
981	19227	4505
982	19266	4323
983	19306	4281
984	19345	6609
985	19384	4453
986	19424	4924
987	19463	4304
988	19503	7782
989	19542	3959
990	19582	6835
991	19621	3277
992	19661	8391
993	19701	7297
994	19740	2740
995	19780	3284
996	19820	4158
997	19860	4915
998	19900	7786
999	19940	4410
1000	19980	7216
