100	99	19
101	101	19
102	103	20
103	105	20
104	107	20
105	109	20
106	111	26
107	113	20
108	115	21
109	117	20
110	119	20
111	122	18
112	124	20
113	126	20
114	128	20
115	131	18
116	133	20
117	135	19
118	138	22
119	140	20
120	142	28
121	145	20
122	147	20
123	150	20
124	152	18
125	155	80
126	157	33
127	160	53
128	162	125
129	165	120
130	167	20
131	170	184
132	172	37
133	175	19
134	178	20
135	180	19
136	183	21
137	186	19
138	189	233
139	191	54
140	194	147
141	197	21
142	200	151
143	203	28
144	205	52
145	208	21
146	211	21
147	214	19
148	217	21
149	220	22
150	223	35
151	226	57
152	229	21
153	232	19
154	235	46
155	238	22
156	241	125
157	244	58
158	248	21
159	251	20
160	254	19
161	257	19
162	260	151
163	264	21
164	267	22
165	270	19
166	273	19
167	277	22
168	280	23
169	283	22
170	287	22
171	290	48
172	294	131
173	297	22
174	301	33
175	304	22
176	308	23
177	311	22
178	315	20
179	318	23
180	322	28
181	325	22
182	329	33
183	333	39
184	336	23
185	340	22
186	344	22
187	347	27
188	351	30
189	355	22
190	359	27
191	362	26
192	366	30
193	370	24
194	374	23
195	378	22
196	382	23
197	386	22
198	390	24
199	394	62
200	398	23
201	402	77
202	406	32
203	410	24
204	414	22
205	418	25
206	422	27
207	426	119
208	430	23
209	434	20
210	438	37
211	443	23
212	447	185
213	451	27
214	455	22
215	460	23
216	464	26
217	468	23
218	473	23
219	477	23
220	481	21
221	486	23
222	490	45
223	495	48
224	499	23
225	504	131
226	508	151
227	513	24
228	517	141
229	522	24
230	526	23
231	531	24
232	535	54
233	540	33
234	545	53
235	549	25
236	554	21
237	559	24
238	564	23
239	568	24
240	573	24
241	578	69
242	583	36
243	588	306
244	592	156
245	597	163
246	602	25
247	607	25
248	612	186
249	617	41
250	622	144
251	627	25
252	632	25
253	637	24
254	642	24
255	647	26
256	652	26
257	657	25
258	663	27
259	668	54
260	673	24
261	678	22
262	683	32
263	689	22
264	694	24
265	699	26
266	704	145
267	710	34
268	715	55
269	720	24
270	726	25
271	731	297
272	737	23
273	742	25
274	748	26
275	753	26
276	759	25
277	764	44
278	770	25
279	775	26
280	781	27
281	786	26
282	792	215
283	798	26
284	803	220
285	809	27
286	815	22
287	820	25
288	826	29
289	832	27
290	838	27
291	843	26
292	849	27
293	855	26
294	861	251
295	867	146
296	873	46
297	879	26
298	885	26
299	891	25
300	897	26
301	903	23
302	909	56
303	915	27
304	921	27
305	927	23
306	933	23
307	939	50
308	945	49
309	951	47
310	957	46
311	964	23
312	970	58
313	976	65
314	982	26
315	989	27
316	995	39
317	1001	28
318	1008	27
319	1014	143
320	1020	66
321	1027	42
322	1033	27
323	1040	26
324	1046	27
325	1053	27
326	1059	27
327	1066	28
328	1072	24
329	1079	29
330	1085	44
331	1092	27
332	1098	27
333	1105	28
334	1112	28
335	1118	28
336	1125	23
337	1132	23
338	1139	36
339	1145	30
340	1152	27
341	1159	27
342	1166	29
343	1173	83
344	1179	29
345	1186	28
346	1193	29
347	1200	25
348	1207	33
349	1214	29
350	1221	27
351	1228	30
352	1235	29
353	1242	27
354	1249	39
355	1256	27
356	1263	272
357	1270	24
358	1278	39
359	1285	30
360	1292	29
361	1299	30
362	1306	27
363	1314	28
364	1321	23
365	1328	27
366	1335	41
367	1343	30
368	1350	65
369	1357	29
370	1365	32
371	1372	29
372	1380	40
373	1387	25
374	1395	28
375	1402	27
376	1410	29
377	1417	28
378	1425	29
379	1432	30
380	1440	29
381	1447	30
382	1455	251
383	1463	28
384	1470	28
385	1478	28
386	1486	24
387	1493	28
388	1501	368
389	1509	30
390	1517	30
391	1524	24
392	1532	29
393	1540	30
394	1548	28
395	1556	28
396	1564	28
397	1572	28
398	1580	29
399	1588	30
400	1596	28
401	1604	28
402	1612	24
403	1620	24
404	1628	28
405	1636	25
406	1644	31
407	1652	26
408	1660	32
409	1668	28
410	1676	29
411	1685	31
412	1693	30
413	1701	350
414	1709	38
415	1718	36
416	1726	25
417	1734	25
418	1743	29
419	1751	31
420	1759	27
421	1768	29
422	1776	31
423	1785	27
424	1793	31
425	1802	199
426	1810	31
427	1819	28
428	1827	28
429	1836	32
430	1844	29
431	1853	29
432	1861	29
433	1870	80
434	1879	31
435	1887	68
436	1896	31
437	1905	31
438	1914	31
439	1922	31
440	1931	63
441	1940	26
442	1949	27
443	1958	26
444	1966	31
445	1975	31
446	1984	31
447	1993	31
448	2002	31
449	2011	31
450	2020	57
451	2029	31
452	2038	32
453	2047	54
454	2056	74
455	2065	31
456	2074	32
457	2083	31
458	2093	71
459	2102	64
460	2111	37
461	2120	31
462	2129	86
463	2139	26
464	2148	67
465	2157	31
466	2166	32
467	2176	31
468	2185	26
469	2194	31
470	2204	54
471	2213	48
472	2223	34
473	2232	45
474	2242	65
475	2251	31
476	2261	32
477	2270	32
478	2280	32
479	2289	213
480	2299	62
481	2308	32
482	2318	27
483	2328	32
484	2337	63
485	2347	33
486	2357	27
487	2366	67
488	2376	32
489	2386	32
490	2396	104
491	2405	32
492	2415	27
493	2425	32
494	2435	32
495	2445	34
496	2455	34
497	2465	27
498	2475	33
499	2485	60
500	2495	53
501	2505	60
502	2515	27
503	2525	76
504	2535	28
505	2545	27
506	2555	35
507	2565	33
508	2575	32
509	2585	33
510	2595	32
511	2606	28
512	2616	33
513	2626	32
514	2636	29
515	2647	32
516	2657	27
517	2667	27
518	2678	32
519	2688	31
520	2698	35
521	2709	32
522	2719	32
523	2730	32
524	2740	35
525	2751	34
526	2761	32
527	2772	32
528	2782	32
529	2793	29
530	2803	32
531	2814	34
532	2824	34
533	2835	27
534	2846	301
535	2856	29
536	2867	27
537	2878	33
538	2889	34
539	2899	33
540	2910	32
541	2921	27
542	2932	42
543	2943	36
544	2953	30
545	2964	32
546	2975	35
547	2986	35
548	2997	28
549	3008	28
550	3019	35
551	3030	82
552	3041	28
553	3052	227
554	3063	32
555	3074	35
556	3085	61
557	3096	35
558	3108	33
559	3119	34
560	3130	35
561	3141	35
562	3152	33
563	3164	36
564	3175	28
565	3186	36
566	3197	34
567	3209	36
568	3220	28
569	3231	33
570	3243	34
571	3254	29
572	3266	33
573	3277	30
574	3289	35
575	3300	35
576	3312	37
577	3323	36
578	3335	30
579	3346	36
580	3358	34
581	3369	33
582	3381	33
583	3393	34
584	3404	36
585	3416	36
586	3428	33
587	3439	35
588	3451	28
589	3463	38
590	3475	35
591	3486	284
592	3498	28
593	3510	36
594	3522	34
595	3534	29
596	3546	34
597	3558	37
598	3570	35
599	3582	39
600	3594	36
601	3606	40
602	3618	28
603	3630	34
604	3642	37
605	3654	30
606	3666	104
607	3678	35
608	3690	43
609	3702	37
610	3714	37
611	3727	39
612	3739	44
613	3751	30
614	3763	70
615	3776	35
616	3788	29
617	3800	30
618	3813	29
619	3825	36
620	3837	38
621	3850	30
622	3862	41
623	3875	383
624	3887	31
625	3900	37
626	3912	36
627	3925	37
628	3937	30
629	3950	35
630	3962	37
631	3975	35
632	3987	31
633	4000	37
634	4013	37
635	4025	39
636	4038	37
637	4051	36
638	4064	38
639	4076	37
640	4089	36
641	4102	38
642	4115	36
643	4128	30
644	4140	44
645	4153	36
646	4166	66
647	4179	31
648	4192	31
649	4205	36
650	4218	40
651	4231	42
652	4244	30
653	4257	38
654	4270	63
655	4283	31
656	4296	38
657	4309	38
658	4323	36
659	4336	30
660	4349	36
661	4362	39
662	4375	38
663	4389	37
664	4402	37
665	4415	31
666	4428	38
667	4442	38
668	4455	51
669	4468	37
670	4482	40
671	4495	37
672	4509	39
673	4522	44
674	4536	40
675	4549	37
676	4563	43
677	4576	36
678	4590	41
679	4603	38
680	4617	37
681	4630	37
682	4644	57
683	4658	40
684	4671	40
685	4685	32
686	4699	38
687	4712	39
688	4726	347
689	4740	37
690	4754	51
691	4767	39
692	4781	45
693	4795	37
694	4809	40
695	4823	31
696	4837	46
697	4851	37
698	4865	51
699	4879	38
700	4893	37
701	4907	73
702	4921	39
703	4935	31
704	4949	41
705	4963	31
706	4977	40
707	4991	40
708	5005	43
709	5019	31
710	5033	38
711	5048	37
712	5062	33
713	5076	38
714	5090	41
715	5105	257
716	5119	32
717	5133	39
718	5148	40
719	5162	41
720	5176	39
721	5191	38
722	5205	33
723	5220	40
724	5234	38
725	5249	44
726	5263	39
727	5278	40
728	5292	31
729	5307	34
730	5321	40
731	5336	72
732	5350	40
733	5365	221
734	5380	34
735	5394	39
736	5409	38
737	5424	31
738	5439	40
739	5453	73
740	5468	41
741	5483	41
742	5498	34
743	5513	32
744	5527	40
745	5542	34
746	5557	32
747	5572	36
748	5587	32
749	5602	40
750	5617	33
751	5632	41
752	5647	38
753	5662	39
754	5677	48
755	5692	34
756	5707	39
757	5722	34
758	5738	68
759	5753	66
760	5768	32
761	5783	34
762	5798	39
763	5814	44
764	5829	32
765	5844	39
766	5859	42
767	5875	41
768	5890	39
769	5905	42
770	5921	40
771	5936	41
772	5952	40
773	5967	32
774	5983	42
775	5998	32
776	6014	40
777	6029	39
778	6045	40
779	6060	40
780	6076	32
781	6091	40
782	6107	43
783	6123	40
784	6138	33
785	6154	43
786	6170	45
787	6185	40
788	6201	46
789	6217	34
790	6233	45
791	6248	36
792	6264	33
793	6280	47
794	6296	35
795	6312	43
796	6328	33
797	6344	43
798	6360	44
799	6376	33
800	6392	44
801	6408	33
802	6424	42
803	6440	75
804	6456	33
805	6472	41
806	6488	33
807	6504	44
808	6520	40
809	6536	45
810	6552	33
811	6569	33
812	6585	47
813	6601	33
814	6617	33
815	6634	38
816	6650	36
817	6666	45
818	6683	37
819	6699	37
820	6715	33
821	6732	33
822	6748	41
823	6765	43
824	6781	48
825	6798	33
826	6814	37
827	6831	41
828	6847	41
829	6864	46
830	6880	42
831	6897	49
832	6913	42
833	6930	46
834	6947	50
835	6963	34
836	6980	44
837	6997	41
838	7014	46
839	7030	47
840	7047	45
841	7064	38
842	7081	42
843	7098	36
844	7114	41
845	7131	47
846	7148	38
847	7165	34
848	7182	47
849	7199	45
850	7216	47
851	7233	34
852	7250	42
853	7267	43
854	7284	46
855	7301	39
856	7318	49
857	7335	42
858	7353	34
859	7370	39
860	7387	44
861	7404	43
862	7421	34
863	7439	42
864	7456	39
865	7473	53
866	7490	36
867	7508	43
868	7525	36
869	7542	36
870	7560	127
871	7577	37
872	7595	117
873	7612	49
874	7630	249
875	7647	36
876	7665	44
877	7682	128
878	7700	124
879	7717	44
880	7735	37
881	7752	44
882	7770	150
883	7788	47
884	7805	37
885	7823	100
886	7841	145
887	7858	100
888	7876	119
889	7894	49
890	7912	122
891	7929	139
892	7947	46
893	7965	99
894	7983	135
895	8001	37
896	8019	37
897	8037	106
898	8055	37
899	8073	36
900	8091	46
901	8109	38
902	8127	86
903	8145	38
904	8163	133
905	8181	127
906	8199	47
907	8217	45
908	8235	47
909	8253	37
910	8271	84
911	8290	47
912	8308	127
913	8326	104
914	8344	47
915	8363	157
916	8381	37
917	8399	85
918	8418	40
919	8436	37
920	8454	47
921	8473	126
922	8491	122
923	8510	142
924	8528	42
925	8547	47
926	8565	40
927	8584	46
928	8602	83
929	8621	137
930	8639	108
931	8658	37
932	8676	82
933	8695	47
934	8714	47
935	8732	137
936	8751	38
937	8770	104
938	8789	47
939	8807	86
940	8826	52
941	8845	47
942	8864	138
943	8883	83
944	8901	38
945	8920	83
946	8939	54
947	8958	126
948	8977	38
949	8996	41
950	9015	38
951	9034	38
952	9053	133
953	9072	47
954	9091	116
955	9110	128
956	9129	54
957	9148	119
958	9168	38
959	9187	84
960	9206	48
961	9225	55
962	9244	48
963	9264	44
964	9283	123
965	9302	85
966	9321	38
967	9341	41
968	9360	50
969	9379	124
970	9399	143
971	9418	145
972	9438	38
973	9457	103
974	9477	88
975	9496	115
976	9516	49
977	9535	138
978	9555	39
979	9574	49
980	9594	58
981	9613	104
982	9633	87
983	9653	40
984	9672	48
985	9692	108
986	9712	48
987	9731	48
988	9751	40
989	9771	39
990	9791	49
991	9810	136
992	9830	48
993	9850	39
994	9870	49
995	9890	49
996	9910	143
997	9930	39
998	9950	39
999	9970	51
1000	9990	50
