100	2475	91
101	2525	137
102	2575	97
103	2626	116
104	2678	76
105	2730	131
106	2782	100
107	2835	95
108	2889	148
109	2943	151
110	2997	127
111	3052	498
112	3108	106
113	3164	945
114	3220	135
115	3277	539
116	3335	86
117	3393	605
118	3451	144
119	3510	735
120	3570	125
121	3630	916
122	3690	137
123	3751	589
124	3813	142
125	3875	113
126	3937	756
127	4000	191
128	4064	612
129	4128	186
130	4192	445
131	4257	137
132	4323	111
133	4389	302
134	4455	113
135	4522	781
136	4590	362
137	4658	928
138	4726	1017
139	4795	852
140	4865	665
141	4935	255
142	5005	200
143	5076	675
144	5148	901
145	5220	678
146	5292	531
147	5365	1353
148	5439	973
149	5513	865
150	5587	579
151	5662	728
152	5738	1415
153	5814	1114
154	5890	1067
155	5967	1247
156	6045	1070
157	6123	603
158	6201	1089
159	6280	297
160	6360	1537
161	6440	892
162	6520	237
163	6601	1377
164	6683	186
165	6765	1524
166	6847	634
167	6930	753
168	7014	278
169	7098	269
170	7182	186
171	7267	272
172	7353	1733
173	7439	246
174	7525	302
175	7612	312
176	7700	259
177	7788	1287
178	7876	284
179	7965	384
180	8055	1715
181	8145	1299
182	8235	286
183	8326	1931
184	8418	324
185	8510	308
186	8602	468
187	8695	334
188	8789	363
189	8883	363
190	8977	356
191	9072	274
192	9168	255
193	9264	856
194	9360	283
195	9457	242
196	9555	337
197	9653	246
198	9751	326
199	9850	1186
200	9950	365
201	10050	353
202	10150	269
203	10251	1314
204	10353	445
205	10455	285
206	10557	400
207	10660	378
208	10764	558
209	10868	405
210	10972	708
211	11077	796
212	11183	324
213	11289	607
214	11395	375
215	11502	391
216	11610	294
217	11718	1211
218	11826	360
219	11935	340
220	12045	323
221	12155	2187
222	12265	427
223	12376	324
224	12488	444
225	12600	1728
226	12712	2005
227	12825	2518
228	12939	2024
229	13053	2634
230	13167	429
231	13282	1962
232	13398	1106
233	13514	376
234	13630	343
235	13747	3257
236	13865	2209
237	13983	529
238	14101	2395
239	14220	489
240	14340	1199
241	14460	1277
242	14580	2281
243	14701	1671
244	14823	879
245	14945	970
246	15067	1472
247	15190	465
248	15314	541
249	15438	942
250	15562	546
251	15687	2738
252	15813	4327
253	15939	3543
254	16065	446
255	16192	472
256	16320	445
257	16448	606
258	16576	418
259	16705	567
260	16835	2425
261	16965	1591
262	17095	2331
263	17226	447
264	17358	432
265	17490	539
266	17622	3196
267	17755	3977
268	17889	464
269	18023	583
270	18157	2868
271	18292	674
272	18428	610
273	18564	1681
274	18700	656
275	18837	3530
276	18975	2987
277	19113	481
278	19251	476
279	19390	3521
280	19530	522
281	19670	2376
282	19810	3204
283	19951	2109
284	20093	2122
285	20235	577
286	20377	553
287	20520	3697
288	20664	2917
289	20808	1584
290	20952	2876
291	21097	2001
292	21243	630
293	21389	653
294	21535	3831
295	21682	3555
296	21830	2407
297	21978	2554
298	22126	4714
299	22275	1197
300	22425	4276
301	22575	3681
302	22725	745
303	22876	2411
304	23028	2399
305	23180	3495
306	23332	4209
307	23485	3561
308	23639	916
309	23793	3658
310	23947	695
311	24102	4225
312	24258	1770
313	24414	3757
314	24570	660
315	24727	1252
316	24885	1774
317	25043	2087
318	25201	980
319	25360	870
320	25520	3995
321	25680	4751
322	25840	4631
323	26001	4449
324	26163	1573
325	26325	775
326	26487	921
327	26650	868
328	26814	2367
329	26978	4606
330	27142	767
331	27307	3841
332	27473	4474
333	27639	3089
334	27805	1806
335	27972	1387
336	28140	724
337	28308	4998
338	28476	3018
339	28645	4533
340	28815	4204
341	28985	3669
342	29155	3914
343	29326	821
344	29498	969
345	29670	1375
346	29842	3087
347	30015	2532
348	30189	3108
349	30363	2233
350	30537	1120
351	30712	5812
352	30888	1048
353	31064	801
354	31240	4612
355	31417	4331
356	31595	1344
357	31773	1075
358	31951	1561
359	32130	5629
360	32310	991
361	32490	3998
362	32670	1018
363	32851	1167
364	33033	2252
365	33215	6211
366	33397	1017
367	33580	1542
368	33764	910
369	33948	900
370	34132	1077
371	34317	2212
372	34503	1043
373	34689	824
374	34875	1001
375	35062	2870
376	35250	5368
377	35438	6819
378	35626	7124
379	35815	3265
380	36005	5848
381	36195	5611
382	36385	4609
383	36576	8173
384	36768	3910
385	36960	5884
386	37152	1504
387	37345	1239
388	37539	1800
389	37733	1137
390	37927	1818
391	38122	7313
392	38318	2906
393	38514	4333
394	38710	6239
395	38907	1333
396	39105	1361
397	39303	3838
398	39501	7032
399	39700	7024
400	39900	6434
401	40100	7445
402	40300	1270
403	40501	1175
404	40703	5625
405	40905	1547
406	41107	1159
407	41310	6153
408	41514	7153
409	41718	8403
410	41922	5583
411	42127	5808
412	42333	1543
413	42539	1629
414	42745	2581
415	42952	2371
416	43160	1488
417	43368	4055
418	43576	3442
419	43785	7794
420	43995	2185
421	44205	1126
422	44415	6813
423	44626	1173
424	44838	1046
425	45050	4923
426	45262	1626
427	45475	1596
428	45689	1216
429	45903	6291
430	46117	5844
431	46332	1144
432	46548	4642
433	46764	1233
434	46980	1456
435	47197	7379
436	47415	1646
437	47633	1229
438	47851	9742
439	48070	7509
440	48290	5095
441	48510	9235
442	48730	1691
443	48951	1373
444	49173	7287
445	49395	8790
446	49617	5581
447	49840	10334
448	50064	10070
449	50288	4624
450	50512	6948
451	50737	3786
452	50963	1596
453	51189	1442
454	51415	2057
455	51642	1399
456	51870	1330
457	52098	1321
458	52326	2159
459	52555	1367
460	52785	1308
461	53015	1522
462	53245	9747
463	53476	7591
464	53708	1753
465	53940	1616
466	54172	1524
467	54405	6156
468	54639	1483
469	54873	6371
470	55107	2103
471	55342	7536
472	55578	3315
473	55814	10917
474	56050	9228
475	56287	1483
476	56525	1918
477	56763	6353
478	57001	1718
479	57240	4011
480	57480	3570
481	57720	1579
482	57960	7835
483	58201	6979
484	58443	2029
485	58685	6490
486	58927	1575
487	59170	1588
488	59414	1657
489	59658	3899
490	59902	9612
491	60147	5377
492	60393	10035
493	60639	7352
494	60885	2019
495	61132	1726
496	61380	4320
497	61628	12701
498	61876	8206
499	62125	7592
500	62375	9964
501	62625	3555
502	62875	6372
503	63126	9537
504	63378	11713
505	63630	10390
506	63882	13491
507	64135	11936
508	64389	2440
509	64643	3267
510	64897	5483
511	65152	7699
512	65408	2704
513	65664	21197
514	65920	1763
515	66177	6634
516	66435	6524
517	66693	2022
518	66951	4693
519	67210	10925
520	67470	2494
521	67730	2499
522	67990	5377
523	68251	8646
524	68513	9201
525	68775	9417
526	69037	8272
527	69300	2636
528	69564	1918
529	69828	9177
530	70092	7516
531	70357	2710
532	70623	10631
533	70889	2374
534	71155	2417
535	71422	2710
536	71690	1899
537	71958	1903
538	72226	4708
539	72495	6971
540	72765	2383
541	73035	7894
542	73305	8384
543	73576	6478
544	73848	2218
545	74120	2035
546	74392	1931
547	74665	2138
548	74939	2215
549	75213	1993
550	75487	1898
551	75762	2460
552	76038	2057
553	76314	2397
554	76590	8680
555	76867	10054
556	77145	8892
557	77423	5415
558	77701	17691
559	77980	4940
560	78260	3643
561	78540	2559
562	78820	6342
563	79101	7131
564	79383	2091
565	79665	12490
566	79947	2262
567	80230	2495
568	80514	2125
569	80798	2799
570	81082	12004
571	81367	2280
572	81653	9921
573	81939	2437
574	82225	3130
575	82512	2122
576	82800	12199
577	83088	10195
578	83376	7804
579	83665	4660
580	83955	2278
581	84245	7111
582	84535	11841
583	84826	7319
584	85118	2256
585	85410	7860
586	85702	10183
587	85995	8951
588	86289	16804
589	86583	10863
590	86877	14543
591	87172	8008
592	87468	3919
593	87764	2255
594	88060	10246
595	88357	13087
596	88655	16198
597	88953	2422
598	89251	3207
599	89550	12822
600	89850	18502
601	90150	2397
602	90450	9926
603	90751	16223
604	91053	19632
605	91355	10318
606	91657	11214
607	91960	3521
608	92264	16467
609	92568	22504
610	92872	17069
611	93177	3392
612	93483	13454
613	93789	9643
614	94095	6942
615	94402	11255
616	94710	3371
617	95018	17523
618	95326	16405
619	95635	9626
620	95945	3622
621	96255	23258
622	96565	2752
623	96876	2866
624	97188	3791
625	97500	3081
626	97812	2948
627	98125	2946
628	98439	4416
629	98753	8592
630	99067	3232
631	99382	19831
632	99698	16853
633	100014	22862
634	100330	4473
635	100647	14059
636	100965	3019
637	101283	23305
638	101601	10020
639	101920	20996
640	102240	2903
641	102560	16889
642	102880	9931
643	103201	3592
644	103523	7860
645	103845	3016
646	104167	24074
647	104490	18780
648	104814	4173
649	105138	16780
650	105462	2965
651	105787	4639
652	106113	19782
653	106439	15318
654	106765	26733
655	107092	13693
656	107420	3814
657	107748	3606
658	108076	5247
659	108405	4162
660	108735	20697
661	109065	22571
662	109395	6735
663	109726	14441
664	110058	2899
665	110390	3281
666	110722	24845
667	111055	23449
668	111389	26665
669	111723	9064
670	112057	12067
671	112392	3827
672	112728	4009
673	113064	22275
674	113400	14118
675	113737	3536
676	114075	8453
677	114413	8298
678	114751	5991
679	115090	15102
680	115430	3155
681	115770	8990
682	116110	3166
683	116451	3287
684	116793	10502
685	117135	15910
686	117477	8248
687	117820	3335
688	118164	10804
689	118508	4291
690	118852	3612
691	119197	26081
692	119543	19088
693	119889	4796
694	120235	8355
695	120582	16802
696	120930	5647
697	121278	20284
698	121626	7189
699	121975	3328
700	122325	4598
701	122675	18127
702	123025	10038
703	123376	3851
704	123728	3832
705	124080	4208
706	124432	25093
707	124785	4349
708	125139	26364
709	125493	27489
710	125847	20167
711	126202	11837
712	126558	11934
713	126914	4378
714	127270	9814
715	127627	12015
716	127985	12187
717	128343	4826
718	128701	3830
719	129060	24165
720	129420	33056
721	129780	24716
722	130140	3771
723	130501	4316
724	130863	4748
725	131225	23708
726	131587	27763
727	131950	21559
728	132314	29266
729	132678	6461
730	133042	22558
731	133407	6074
732	133773	4229
733	134139	20996
734	134505	5087
735	134872	25061
736	135240	3857
737	135608	29035
738	135976	29514
739	136345	14801
740	136715	11957
741	137085	5009
742	137455	9686
743	137826	10685
744	138198	18101
745	138570	6000
746	138942	15579
747	139315	31096
748	139689	7075
749	140063	6701
750	140437	8433
751	140812	6142
752	141188	5938
753	141564	9748
754	141940	6212
755	142317	4096
756	142695	8016
757	143073	9632
758	143451	4785
759	143830	21820
760	144210	10619
761	144590	5185
762	144970	7330
763	145351	5085
764	145733	10634
765	146115	18655
766	146497	5022
767	146880	26569
768	147264	6187
769	147648	30014
770	148032	25887
771	148417	21479
772	148803	4646
773	149189	25000
774	149575	13217
775	149962	4988
776	150350	4958
777	150738	25998
778	151126	16936
779	151515	4912
780	151905	7180
781	152295	6265
782	152685	5548
783	153076	34633
784	153468	34874
785	153860	5007
786	154252	4995
787	154645	20267
788	155039	4341
789	155433	11960
790	155827	7523
791	156222	17806
792	156618	5696
793	157014	7091
794	157410	39924
795	157807	12631
796	158205	26996
797	158603	32812
798	159001	30539
799	159400	4471
800	159800	24782
801	160200	20289
802	160600	6898
803	161001	8937
804	161403	6650
805	161805	33869
806	162207	13517
807	162610	7946
808	163014	6432
809	163418	5542
810	163822	19050
811	164227	27381
812	164633	7663
813	165039	7448
814	165445	14764
815	165852	8298
816	166260	11285
817	166668	21928
818	167076	20938
819	167485	5172
820	167895	18460
821	168305	8053
822	168715	37028
823	169126	23489
824	169538	28246
825	169950	5498
826	170362	10951
827	170775	37618
828	171189	16441
829	171603	16496
830	172017	5822
831	172432	5111
832	172848	29073
833	173264	15581
834	173680	9046
835	174097	7831
836	174515	5077
837	174933	30140
838	175351	30418
839	175770	6296
840	176190	48998
841	176610	41923
842	177030	17760
843	177451	33762
844	177873	4882
845	178295	37363
846	178717	8514
847	179140	18756
848	179564	35314
849	179988	22856
850	180412	35485
851	180837	12041
852	181263	5121
853	181689	6314
854	182115	30825
855	182542	35023
856	182970	34635
857	183398	7220
858	183826	5436
859	184255	30210
860	184685	5404
861	185115	43196
862	185545	36571
863	185976	15916
864	186408	24034
865	186840	16740
866	187272	36959
867	187705	6235
868	188139	33238
869	188573	6289
870	189007	7898
871	189442	7095
872	189878	6854
873	190314	37085
874	190750	7391
875	191187	6367
876	191625	49129
877	192063	34987
878	192501	6225
879	192940	5485
880	193380	7490
881	193820	12913
882	194260	6950
883	194701	6434
884	195143	17553
885	195585	35945
886	196027	24996
887	196470	38872
888	196914	33876
889	197358	6559
890	197802	16216
891	198247	29441
892	198693	40744
893	199139	8913
894	199585	47539
895	200032	32136
896	200480	40877
897	200928	43914
898	201376	30453
899	201825	35962
900	202275	16135
901	202725	27678
902	203175	7888
903	203626	10289
904	204078	26579
905	204530	21999
906	204982	27960
907	205435	15922
908	205889	44513
909	206343	22421
910	206797	41430
911	207252	52707
912	207708	6840
913	208164	41350
914	208620	6799
915	209077	14914
916	209535	9064
917	209993	8101
918	210451	9512
919	210910	13886
920	211370	25184
921	211830	36677
922	212290	14092
923	212751	11770
924	213213	26391
925	213675	7916
926	214137	38912
927	214600	13675
928	215064	12656
929	215528	8615
930	215992	7265
931	216457	8460
932	216923	26683
933	217389	7547
934	217855	36233
935	218322	9981
936	218790	6767
937	219258	43083
938	219726	9028
939	220195	27041
940	220665	9490
941	221135	43690
942	221605	18686
943	222076	37462
944	222548	44867
945	223020	32168
946	223492	35708
947	223965	47485
948	224439	11965
949	224913	8259
950	225387	9001
951	225862	48904
952	226338	8115
953	226814	32733
954	227290	9260
955	227767	20559
956	228245	18396
957	228723	7604
958	229201	27476
959	229680	7517
960	230160	17506
961	230640	47558
962	231120	19548
963	231601	9042
964	232083	38478
965	232565	8927
966	233047	44343
967	233530	19971
968	234014	57530
969	234498	25564
970	234982	31079
971	235467	10353
972	235953	30183
973	236439	43642
974	236925	59778
975	237412	8923
976	237900	46107
977	238388	50206
978	238876	39528
979	239365	25692
980	239855	53231
981	240345	7844
982	240835	8253
983	241326	10133
984	241818	9282
985	242310	10630
986	242802	12862
987	243295	9534
988	243789	18190
989	244283	61169
990	244777	12219
991	245272	40033
992	245768	7494
993	246264	20744
994	246760	36072
995	247257	10912
996	247755	49914
997	248253	8453
998	248751	17741
999	249250	7474
1000	249750	17347
