100	198	65
101	202	63
102	206	101
103	210	87
104	214	92
105	218	106
106	222	107
107	226	127
108	231	111
109	235	129
110	239	117
111	244	129
112	248	143
113	253	147
114	257	2736
115	262	746
116	266	138
117	271	119
118	276	117
119	280	102
120	285	124
121	290	127
122	295	154
123	300	853
124	305	996
125	310	783
126	315	949
127	320	700
128	325	688
129	330	802
130	335	753
131	340	844
132	345	563
133	351	331
134	356	531
135	361	728
136	367	394
137	372	175
138	378	229
139	383	421
140	389	135
141	394	136
142	400	101
143	406	175
144	411	129
145	417	435
146	423	187
147	429	409
148	435	538
149	441	127
150	447	978
151	453	126
152	459	189
153	465	963
154	471	308
155	477	136
156	483	898
157	489	186
158	496	1007
159	502	232
160	508	592
161	515	134
162	521	671
163	528	948
164	534	207
165	541	482
166	547	984
167	554	254
168	561	649
169	567	874
170	574	1009
171	581	645
172	588	693
173	595	908
174	602	472
175	609	770
176	616	800
177	623	865
178	630	155
179	637	185
180	644	449
181	651	478
182	658	1094
183	666	332
184	673	902
185	680	621
186	688	559
187	695	785
188	703	422
189	710	553
190	718	765
191	725	842
192	733	914
193	741	946
194	748	663
195	756	924
196	764	659
197	772	376
198	780	645
199	788	472
200	796	624
201	804	452
202	812	929
203	820	964
204	828	616
205	836	1037
206	844	926
207	852	879
208	861	1086
209	869	955
210	877	967
211	886	1026
212	894	836
213	903	558
214	911	1066
215	920	916
216	928	827
217	937	1107
218	946	974
219	954	826
220	963	1026
221	972	1226
222	981	549
223	990	919
224	999	988
225	1008	1083
226	1017	943
227	1026	814
228	1035	1079
229	1044	966
230	1053	337
231	1062	1062
232	1071	947
233	1081	991
234	1090	674
235	1099	1312
236	1109	1003
237	1118	887
238	1128	1285
239	1137	737
240	1147	1430
241	1156	1420
242	1166	1383
243	1176	633
244	1185	1628
245	1195	1150
246	1205	685
247	1215	1241
248	1225	1102
249	1235	1225
250	1245	1233
251	1255	1025
252	1265	1436
253	1275	1204
254	1285	1681
255	1295	1570
256	1305	1444
257	1315	1362
258	1326	1738
259	1336	1593
260	1346	1524
261	1357	919
262	1367	1666
263	1378	1657
264	1388	1149
265	1399	1593
266	1409	1685
267	1420	1551
268	1431	1744
269	1441	1590
270	1452	1642
271	1463	1554
272	1474	1515
273	1485	1433
274	1496	714
275	1507	1514
276	1518	1419
277	1529	1428
278	1540	1512
279	1551	1571
280	1562	1592
281	1573	1657
282	1584	1614
283	1596	1257
284	1607	1037
285	1618	675
286	1630	1381
287	1641	1444
288	1653	1935
289	1664	1877
290	1676	2126
291	1687	1664
292	1699	2106
293	1711	1633
294	1722	1295
295	1734	1648
296	1746	1690
297	1758	1668
298	1770	1700
299	1782	1970
300	1794	793
301	1806	2628
302	1818	2072
303	1830	2614
304	1842	2351
305	1854	1729
306	1866	3119
307	1878	1644
308	1891	1601
309	1903	1507
310	1915	2438
311	1928	1514
312	1940	539
313	1953	913
314	1965	2966
315	1978	1311
316	1990	1962
317	2003	1910
318	2016	1994
319	2028	1830
320	2041	1753
321	2054	2496
322	2067	1799
323	2080	1630
324	2093	1707
325	2106	2374
326	2119	1169
327	2132	2300
328	2145	2154
329	2158	844
330	2171	1559
331	2184	545
332	2197	1579
333	2211	2134
334	2224	1612
335	2237	1729
336	2251	1863
337	2264	1598
338	2278	1870
339	2291	1825
340	2305	1555
341	2318	1590
342	2332	1664
343	2346	1681
344	2359	1830
345	2373	1520
346	2387	1760
347	2401	1757
348	2415	1824
349	2429	1596
350	2443	2604
351	2457	1812
352	2471	1861
353	2485	1903
354	2499	2359
355	2513	1786
356	2527	2051
357	2541	2533
358	2556	1915
359	2570	1786
360	2584	1980
361	2599	2419
362	2613	1407
363	2628	1872
364	2642	2058
365	2657	2093
366	2671	2245
367	2686	2314
368	2701	2026
369	2715	1989
370	2730	2040
371	2745	2717
372	2760	2177
373	2775	2235
374	2790	2209
375	2805	2246
376	2820	1946
377	2835	1847
378	2850	2320
379	2865	1978
380	2880	913
381	2895	2164
382	2910	1978
383	2926	2026
384	2941	1942
385	2956	2001
386	2972	2146
387	2987	2074
388	3003	2016
389	3018	2041
390	3034	2204
391	3049	2292
392	3065	1657
393	3081	2176
394	3096	2223
395	3112	2172
396	3128	2271
397	3144	2015
398	3160	1997
399	3176	2295
400	3192	1757
401	3208	1560
402	3224	2285
403	3240	1860
404	3256	2039
405	3272	2159
406	3288	2377
407	3304	1968
408	3321	1484
409	3337	2929
410	3353	2229
411	3370	2658
412	3386	2149
413	3403	2202
414	3419	2117
415	3436	2367
416	3452	2079
417	3469	1748
418	3486	2485
419	3502	2405
420	3519	2000
421	3536	2439
422	3553	2212
423	3570	2399
424	3587	2363
425	3604	2592
426	3621	2512
427	3638	2486
428	3655	2985
429	3672	2971
430	3689	2371
431	3706	2725
432	3723	2620
433	3741	2682
434	3758	2813
435	3775	2348
436	3793	2569
437	3810	2758
438	3828	2948
439	3845	2806
440	3863	2876
441	3880	2400
442	3898	3069
443	3916	2781
444	3933	2709
445	3951	2711
446	3969	2712
447	3987	2706
448	4005	2665
449	4023	2733
450	4041	2536
451	4059	2865
452	4077	2781
453	4095	2956
454	4113	3182
455	4131	2779
456	4149	2827
457	4167	2863
458	4186	2533
459	4204	2461
460	4222	2307
461	4241	2437
462	4259	2581
463	4278	3204
464	4296	2705
465	4315	2936
466	4333	3005
467	4352	3062
468	4371	2586
469	4389	2818
470	4408	2958
471	4427	2777
472	4446	3353
473	4465	3169
474	4484	1745
475	4503	3174
476	4522	3028
477	4541	3320
478	4560	3044
479	4579	3261
480	4598	3411
481	4617	2473
482	4636	3036
483	4656	3245
484	4675	3310
485	4694	2992
486	4714	2938
487	4733	2995
488	4753	2588
489	4772	2900
490	4792	3084
491	4811	3176
492	4831	3191
493	4851	3004
494	4870	2794
495	4890	5564
496	4910	2821
497	4930	3108
498	4950	3698
499	4970	2786
500	4990	3179
501	5010	2966
502	5030	3121
503	5050	2538
504	5070	2855
505	5090	3259
506	5110	3326
507	5130	3298
508	5151	3322
509	5171	3718
510	5191	3772
511	5212	3267
512	5232	3613
513	5253	3578
514	5273	3604
515	5294	3519
516	5314	3620
517	5335	3298
518	5356	3402
519	5376	3131
520	5397	3363
521	5418	3534
522	5439	3544
523	5460	3124
524	5481	3230
525	5502	3570
526	5523	3776
527	5544	4092
528	5565	3664
529	5586	1465
530	5607	3208
531	5628	3631
532	5649	3510
533	5671	3597
534	5692	3058
535	5713	3206
536	5735	3779
537	5756	2839
538	5778	3975
539	5799	3415
540	5821	3628
541	5842	3306
542	5864	3296
543	5886	3492
544	5907	3060
545	5929	3690
546	5951	3331
547	5973	3633
548	5995	3353
549	6017	3580
550	6039	3746
551	6061	3339
552	6083	3445
553	6105	3446
554	6127	3708
555	6149	3322
556	6171	4106
557	6193	3835
558	6216	3916
559	6238	3809
560	6260	3247
561	6283	4028
562	6305	3337
563	6328	3900
564	6350	2888
565	6373	3714
566	6395	3665
567	6418	3274
568	6441	4118
569	6463	3948
570	6486	4044
571	6509	4033
572	6532	4147
573	6555	3973
574	6578	3923
575	6601	3723
576	6624	3647
577	6647	3925
578	6670	3838
579	6693	3403
580	6716	3732
581	6739	3253
582	6762	3759
583	6786	3434
584	6809	3162
585	6832	4456
586	6856	4244
587	6879	3119
588	6903	3940
589	6926	3793
590	6950	3868
591	6973	3881
592	6997	3757
593	7021	4392
594	7044	3907
595	7068	3357
596	7092	3812
597	7116	4131
598	7140	4278
599	7164	3898
600	7188	4461
601	7212	4635
602	7236	4055
603	7260	3974
604	7284	3954
605	7308	4141
606	7332	3262
607	7356	4136
608	7381	4077
609	7405	4489
610	7429	4652
611	7454	4455
612	7478	4228
613	7503	3459
614	7527	4722
615	7552	4552
616	7576	4633
617	7601	4141
618	7626	4791
619	7650	4385
620	7675	4353
621	7700	4486
622	7725	4544
623	7750	5097
624	7775	4497
625	7800	4118
626	7825	4838
627	7850	4511
628	7875	4506
629	7900	4439
630	7925	4881
631	7950	4426
632	7975	3660
633	8001	4148
634	8026	4712
635	8051	4502
636	8077	4735
637	8102	4072
638	8128	4465
639	8153	4586
640	8179	4250
641	8204	4701
642	8230	6957
643	8256	4929
644	8281	3091
645	8307	3604
646	8333	4532
647	8359	4725
648	8385	4767
649	8411	4785
650	8437	4980
651	8463	4801
652	8489	4781
653	8515	4837
654	8541	5122
655	8567	3817
656	8593	4923
657	8619	5190
658	8646	4696
659	8672	4015
660	8698	5242
661	8725	5243
662	8751	4507
663	8778	5065
664	8804	5278
665	8831	5258
666	8857	4833
667	8884	5397
668	8911	4184
669	8937	4917
670	8964	4151
671	8991	4812
672	9018	4904
673	9045	3294
674	9072	4482
675	9099	5197
676	9126	5177
677	9153	4516
678	9180	4643
679	9207	5649
680	9234	5450
681	9261	5130
682	9288	5513
683	9316	4029
684	9343	5560
685	9370	5705
686	9398	4960
687	9425	5373
688	9453	5581
689	9480	5629
690	9508	6326
691	9535	5251
692	9563	6278
693	9591	4974
694	9618	4458
695	9646	5137
696	9674	4524
697	9702	4983
698	9730	5443
699	9758	4777
700	9786	5582
701	9814	6728
702	9842	5723
703	9870	5548
704	9898	4092
705	9926	5262
706	9954	5369
707	9982	3872
708	10011	5558
709	10039	5996
710	10067	5776
711	10096	5370
712	10124	4464
713	10153	4388
714	10181	5321
715	10210	5849
716	10238	4703
717	10267	4814
718	10296	5899
719	10324	4736
720	10353	5715
721	10382	5392
722	10411	5572
723	10440	5501
724	10469	5680
725	10498	5494
726	10527	5939
727	10556	5084
728	10585	4785
729	10614	5704
730	10643	4668
731	10672	5198
732	10701	6185
733	10731	6000
734	10760	5693
735	10789	5750
736	10819	5812
737	10848	7082
738	10878	5684
739	10907	6905
740	10937	6151
741	10966	4551
742	10996	5388
743	11026	5545
744	11055	5517
745	11085	5898
746	11115	5816
747	11145	4022
748	11175	6001
749	11205	5778
750	11235	4935
751	11265	5499
752	11295	7055
753	11325	7904
754	11355	6240
755	11385	4097
756	11415	6651
757	11445	6088
758	11476	5528
759	11506	6201
760	11536	6233
761	11567	5153
762	11597	6345
763	11628	6860
764	11658	7731
765	11689	7499
766	11719	6303
767	11750	7034
768	11781	8068
769	11811	6986
770	11842	6357
771	11873	7777
772	11904	5020
773	11935	7132
774	11966	6563
775	11997	5923
776	12028	6064
777	12059	6888
778	12090	5952
779	12121	7270
780	12152	7146
781	12183	6894
782	12214	6868
783	12246	6966
784	12277	5618
785	12308	6823
786	12340	6884
787	12371	6461
788	12403	7166
789	12434	6682
790	12466	6414
791	12497	6468
792	12529	4978
793	12561	7410
794	12592	6361
795	12624	5922
796	12656	6683
797	12688	5989
798	12720	6774
799	12752	4584
800	12784	6832
801	12816	6350
802	12848	6968
803	12880	7104
804	12912	7702
805	12944	7498
806	12976	7733
807	13008	7463
808	13041	8664
809	13073	7795
810	13105	7387
811	13138	6537
812	13170	6298
813	13203	7196
814	13235	7158
815	13268	6781
816	13300	6327
817	13333	6460
818	13366	4708
819	13398	10492
820	13431	7775
821	13464	4648
822	13497	4799
823	13530	4482
824	13563	7266
825	13596	4367
826	13629	7785
827	13662	8254
828	13695	3763
829	13728	7128
830	13761	7217
831	13794	5569
832	13827	7599
833	13861	6906
834	13894	6749
835	13927	7156
836	13961	7534
837	13994	8184
838	14028	7440
839	14061	6725
840	14095	6872
841	14128	9148
842	14162	7326
843	14196	7322
844	14229	7640
845	14263	7101
846	14297	7510
847	14331	7371
848	14365	7681
849	14399	7751
850	14433	6994
851	14467	6896
852	14501	6887
853	14535	6863
854	14569	8745
855	14603	7723
856	14637	5240
857	14671	8007
858	14706	7987
859	14740	7309
860	14774	7589
861	14809	7797
862	14843	7903
863	14878	7694
864	14912	7545
865	14947	8319
866	14981	8025
867	15016	9266
868	15051	8267
869	15085	7579
870	15120	9224
871	15155	8877
872	15190	7816
873	15225	8828
874	15260	6463
875	15295	8283
876	15330	8612
877	15365	4443
878	15400	7953
879	15435	9337
880	15470	8637
881	15505	7780
882	15540	8556
883	15576	9086
884	15611	7776
885	15646	7369
886	15682	7856
887	15717	6334
888	15753	8759
889	15788	8598
890	15824	8265
891	15859	9198
892	15895	7393
893	15931	7824
894	15966	6741
895	16002	9165
896	16038	8567
897	16074	8282
898	16110	6925
899	16146	7996
900	16182	8483
901	16218	8109
902	16254	8397
903	16290	8252
904	16326	7612
905	16362	6726
906	16398	6459
907	16434	9513
908	16471	9170
909	16507	8857
910	16543	8242
911	16580	9770
912	16616	9189
913	16653	8870
914	16689	9179
915	16726	9388
916	16762	9836
917	16799	9261
918	16836	8748
919	16872	9914
920	16909	8605
921	16946	9428
922	16983	6926
923	17020	8453
924	17057	9285
925	17094	6931
926	17131	9559
927	17168	7276
928	17205	6754
929	17242	7623
930	17279	9642
931	17316	9566
932	17353	7652
933	17391	9458
934	17428	10876
935	17465	10066
936	17503	9074
937	17540	9119
938	17578	9752
939	17615	9390
940	17653	9432
941	17690	9913
942	17728	10090
943	17766	10026
944	17803	9525
945	17841	9701
946	17879	7879
947	17917	8824
948	17955	8931
949	17993	12070
950	18031	14126
951	18069	13443
952	18107	12707
953	18145	12311
954	18183	11252
955	18221	10692
956	18259	9707
957	18297	9471
958	18336	9817
959	18374	9352
960	18412	9578
961	18451	9742
962	18489	8016
963	18528	11276
964	18566	10170
965	18605	9974
966	18643	9008
967	18682	10168
968	18721	10217
969	18759	9259
970	18798	10550
971	18837	10595
972	18876	10524
973	18915	11216
974	18954	8795
975	18993	11096
976	19032	9638
977	19071	9094
978	19110	10486
979	19149	10584
980	19188	9792
981	19227	9339
982	19266	11170
983	19306	10796
984	19345	11520
985	19384	11140
986	19424	10714
987	19463	9448
988	19503	10688
989	19542	10403
990	19582	5249
991	19621	10120
992	19661	9846
993	19701	10149
994	19740	8523
995	19780	11239
996	19820	10020
997	19860	10164
998	19900	10407
999	19940	10089
1000	19980	10542
