100	2475	5
101	2525	1
102	2575	1
103	2626	0
104	2678	1
105	2730	8
106	2782	0
107	2835	0
108	2889	0
109	2943	0
110	2997	1
111	3052	1
112	3108	2
113	3164	1
114	3220	0
115	3277	1
116	3335	1
117	3393	0
118	3451	1
119	3510	1
120	3570	1
121	3630	1
122	3690	1
123	3751	107
124	3813	1
125	3875	2
126	3937	1
127	4000	1
128	4064	8
129	4128	1
130	4192	1
131	4257	36
132	4323	1
133	4389	1
134	4455	10
135	4522	1
136	4590	1
137	4658	1
138	4726	2
139	4795	1
140	4865	5
141	4935	2
142	5005	1
143	5076	1
144	5148	1
145	5220	1
146	5292	1
147	5365	644
148	5439	1
149	5513	2
150	5587	2
151	5662	2
152	5738	3
153	5814	1
154	5890	2
155	5967	2
156	6045	2
157	6123	1
158	6201	1
159	6280	1
160	6360	2
161	6440	1
162	6520	1
163	6601	1
164	6683	3
165	6765	3
166	6847	1
167	6930	3
168	7014	1
169	7098	1
170	7182	4
171	7267	3
172	7353	1
173	7439	3
174	7525	1
175	7612	1
176	7700	2
177	7788	2
178	7876	2
179	7965	1
180	8055	1
181	8145	1
182	8235	2
183	8326	1
184	8418	2
185	8510	2
186	8602	1
187	8695	1
188	8789	2
189	8883	2
190	8977	1
191	9072	1
192	9168	2
193	9264	1
194	9360	3
195	9457	3
196	9555	1
197	9653	1
198	9751	2
199	9850	2
200	9950	2
201	10050	3
202	10150	2
203	10251	1
204	10353	1
205	10455	3
206	10557	1
207	10660	1
208	10764	11
209	10868	3
210	10972	2
211	11077	1
212	11183	1
213	11289	1
214	11395	1
215	11502	2
216	11610	2
217	11718	5
218	11826	3
219	11935	1
220	12045	1
221	12155	1
222	12265	2
223	12376	2
224	12488	1
225	12600	2
226	12712	2
227	12825	3
228	12939	1
229	13053	1
230	13167	1
231	13282	2
232	13398	2
233	13514	2
234	13630	1
235	13747	1
236	13865	2
237	13983	1
238	14101	1
239	14220	2
240	14340	2
241	14460	3
242	14580	2
243	14701	2
244	14823	32
245	14945	2
246	15067	1
247	15190	2
248	15314	2
249	15438	1
250	15562	2
251	15687	3
252	15813	1
253	15939	3
254	16065	2
255	16192	2
256	16320	3
257	16448	9
258	16576	4
259	16705	102
260	16835	2
261	16965	3
262	17095	1
263	17226	2
264	17358	5
265	17490	2
266	17622	3
267	17755	3
268	17889	3
269	18023	4
270	18157	1
271	18292	2
272	18428	140
273	18564	2
274	18700	2
275	18837	2
276	18975	2
277	19113	2
278	19251	31
279	19390	67
280	19530	3
281	19670	3
282	19810	4
283	19951	4
284	20093	1
285	20235	2
286	20377	3
287	20520	3
288	20664	1
289	20808	2
290	20952	2
291	21097	2
292	21243	2
293	21389	2
294	21535	3
295	21682	3
296	21830	440
297	21978	4
298	22126	2
299	22275	34
300	22425	3
301	22575	2
302	22725	3
303	22876	71
304	23028	3
305	23180	3
306	23332	1
307	23485	2
308	23639	2
309	23793	2
310	23947	3
311	24102	3
312	24258	3
313	24414	2
314	24570	2
315	24727	2
316	24885	7
317	25043	3
318	25201	2
319	25360	3
320	25520	2
321	25680	3
322	25840	3
323	26001	2
324	26163	3
325	26325	2
326	26487	3
327	26650	3
328	26814	4
329	26978	3
330	27142	3
331	27307	4
332	27473	2
333	27639	4
334	27805	2
335	27972	2
336	28140	2
337	28308	4
338	28476	2
339	28645	4
340	28815	4
341	28985	4
342	29155	2
343	29326	2
344	29498	6
345	29670	4
346	29842	4
347	30015	4
348	30189	5
349	30363	5
350	30537	4
351	30712	2
352	30888	2
353	31064	6
354	31240	2
355	31417	5
356	31595	4
357	31773	4
358	31951	4
359	32130	4
360	32310	5
361	32490	4
362	32670	3
363	32851	5
364	33033	2
365	33215	2
366	33397	2
367	33580	3
368	33764	5
369	33948	4
370	34132	2
371	34317	2
372	34503	2
373	34689	4
374	34875	2
375	35062	4
376	35250	3
377	35438	4
378	35626	4
379	35815	4
380	36005	4
381	36195	5
382	36385	2
383	36576	3
384	36768	5
385	36960	5
386	37152	3
387	37345	2
388	37539	2
389	37733	6
390	37927	5
391	38122	135
392	38318	2
393	38514	4
394	38710	4
395	38907	3
396	39105	4
397	39303	3
398	39501	358
399	39700	5
400	39900	3
401	40100	4
402	40300	7
403	40501	32
404	40703	5
405	40905	6
406	41107	5
407	41310	3
408	41514	5
409	41718	574
410	41922	14
411	42127	6
412	42333	6
413	42539	3
414	42745	6
415	42952	4
416	43160	2
417	43368	3
418	43576	5
419	43785	5
420	43995	3
421	44205	7
422	44415	2
423	44626	3
424	44838	2
425	45050	3
426	45262	3
427	45475	3
428	45689	4
429	45903	3
430	46117	6
431	46332	6
432	46548	3
433	46764	3
434	46980	321
435	47197	4
436	47415	3
437	47633	4
438	47851	3
439	48070	5
440	48290	4
441	48510	3
442	48730	4
443	48951	3
444	49173	2
445	49395	3
446	49617	3
447	49840	3
448	50064	4
449	50288	4
450	50512	4
451	50737	11
452	50963	4
453	51189	3
454	51415	131
455	51642	4
456	51870	3
457	52098	3
458	52326	3
459	52555	4
460	52785	4
461	53015	4
462	53245	4
463	53476	3
464	53708	4
465	53940	6
466	54172	3
467	54405	3
468	54639	4
469	54873	4
470	55107	60
471	55342	5
472	55578	112
473	55814	4
474	56050	9
475	56287	5
476	56525	4
477	56763	21
478	57001	10
479	57240	6
480	57480	6
481	57720	13
482	57960	4
483	58201	5
484	58443	5
485	58685	4
486	58927	4
487	59170	5
488	59414	4
489	59658	4
490	59902	3
491	60147	4
492	60393	4
493	60639	4
494	60885	67
495	61132	4
496	61380	4
497	61628	109
498	61876	4
499	62125	5
500	62375	5
501	62625	4
502	62875	4
503	63126	36
504	63378	4
505	63630	5
506	63882	5
507	64135	3
508	64389	3
509	64643	4
510	64897	3
511	65152	4
512	65408	5
513	65664	5
514	65920	7
515	66177	16
516	66435	5
517	66693	7
518	66951	4
519	67210	5
520	67470	6
521	67730	6
522	67990	7
523	68251	7
524	68513	6
525	68775	6
526	69037	5
527	69300	3
528	69564	6
529	69828	5
530	70092	5
531	70357	5
532	70623	7
533	70889	5
534	71155	7
535	71422	3
536	71690	4
537	71958	219
538	72226	4
539	72495	4
540	72765	8
541	73035	3
542	73305	7
543	73576	5
544	73848	4
545	74120	134
546	74392	5
547	74665	5
548	74939	6
549	75213	5
550	75487	6
551	75762	6
552	76038	8
553	76314	3
554	76590	4
555	76867	3
556	77145	7
557	77423	3
558	77701	6
559	77980	4
560	78260	6
561	78540	120
562	78820	10
563	79101	5
564	79383	6
565	79665	6
566	79947	7
567	80230	4
568	80514	4
569	80798	5
570	81082	5
571	81367	8
572	81653	6
573	81939	8
574	82225	6
575	82512	4
576	82800	7
577	83088	4
578	83376	6
579	83665	8
580	83955	7
581	84245	4
582	84535	4
583	84826	6
584	85118	4
585	85410	4
586	85702	4
587	85995	7
588	86289	5
589	86583	7
590	86877	4
591	87172	13
592	87468	7
593	87764	8
594	88060	4
595	88357	7
596	88655	8
597	88953	4
598	89251	7
599	89550	4
600	89850	8
601	90150	8
602	90450	8
603	90751	5
604	91053	7
605	91355	7
606	91657	4
607	91960	4
608	92264	8
609	92568	4
610	92872	5
611	93177	4
612	93483	4
613	93789	5
614	94095	4
615	94402	5
616	94710	4
617	95018	6
618	95326	7
619	95635	10
620	95945	8
621	96255	6
622	96565	6
623	96876	5
624	97188	5
625	97500	6
626	97812	7
627	98125	6
628	98439	5
629	98753	6
630	99067	5
631	99382	5
632	99698	4
633	100014	6
634	100330	7
635	100647	37
636	100965	5
637	101283	8
638	101601	6
639	101920	5
640	102240	11
641	102560	4
642	102880	4
643	103201	5
644	103523	6
645	103845	5
646	104167	5
647	104490	4
648	104814	5
649	105138	5
650	105462	9
651	105787	4
652	106113	5
653	106439	141
654	106765	5
655	107092	5
656	107420	4
657	107748	6
658	108076	4
659	108405	8
660	108735	5
661	109065	7
662	109395	8
663	109726	6
664	110058	4
665	110390	6
666	110722	4
667	111055	29
668	111389	7
669	111723	5
670	112057	4
671	112392	6
672	112728	5
673	113064	7
674	113400	6
675	113737	8
676	114075	5
677	114413	5
678	114751	4
679	115090	6
680	115430	6
681	115770	4
682	116110	4
683	116451	5
684	116793	7
685	117135	7
686	117477	5
687	117820	7
688	118164	7
689	118508	7
690	118852	10
691	119197	27
692	119543	6
693	119889	8
694	120235	5
695	120582	6
696	120930	7
697	121278	5
698	121626	7
699	121975	7
700	122325	6
701	122675	9
702	123025	5
703	123376	8
704	123728	6
705	124080	9
706	124432	6
707	124785	11
708	125139	10
709	125493	7
710	125847	8
711	126202	6
712	126558	6
713	126914	7
714	127270	10
715	127627	4
716	127985	6
717	128343	5
718	128701	8
719	129060	8
720	129420	5
721	129780	5
722	130140	4
723	130501	6
724	130863	5
725	131225	6
726	131587	8
727	131950	7
728	132314	8
729	132678	15
730	133042	8
731	133407	9
732	133773	12
733	134139	74
734	134505	6
735	134872	7
736	135240	9
737	135608	59
738	135976	105
739	136345	8
740	136715	5
741	137085	285
742	137455	9
743	137826	14
744	138198	12
745	138570	7
746	138942	8
747	139315	6
748	139689	8
749	140063	9
750	140437	5
751	140812	12
752	141188	8
753	141564	10
754	141940	7
755	142317	7
756	142695	7
757	143073	58
758	143451	10
759	143830	10
760	144210	11
761	144590	11
762	144970	9
763	145351	6
764	145733	7
765	146115	8
766	146497	10
767	146880	7
768	147264	13
769	147648	8
770	148032	5
771	148417	19
772	148803	9
773	149189	5
774	149575	6
775	149962	6
776	150350	12
777	150738	9
778	151126	12
779	151515	6
780	151905	9
781	152295	13
782	152685	18
783	153076	13
784	153468	7
785	153860	7
786	154252	6
787	154645	8
788	155039	65
789	155433	7
790	155827	5
791	156222	12
792	156618	91
793	157014	6
794	157410	8
795	157807	11
796	158205	9
797	158603	7
798	159001	10
799	159400	4
800	159800	10
801	160200	5
802	160600	8
803	161001	8
804	161403	8
805	161805	9
806	162207	10
807	162610	10
808	163014	5
809	163418	5
810	163822	8
811	164227	6
812	164633	10
813	165039	12
814	165445	12
815	165852	28
816	166260	6
817	166668	11
818	167076	9
819	167485	10
820	167895	15
821	168305	12
822	168715	7
823	169126	8
824	169538	9
825	169950	9
826	170362	8
827	170775	5
828	171189	70
829	171603	11
830	172017	9
831	172432	101
832	172848	10
833	173264	8
834	173680	5
835	174097	4
836	174515	6
837	174933	12
838	175351	10
839	175770	10
840	176190	11
841	176610	9
842	177030	6
843	177451	11
844	177873	9
845	178295	11
846	178717	6
847	179140	9
848	179564	11
849	179988	13
850	180412	15
851	180837	10
852	181263	11
853	181689	5
854	182115	11
855	182542	6
856	182970	10
857	183398	8
858	183826	19
859	184255	13
860	184685	22
861	185115	18
862	185545	17
863	185976	7
864	186408	6
865	186840	6
866	187272	6
867	187705	7
868	188139	8
869	188573	6
870	189007	7
871	189442	9
872	189878	6
873	190314	9
874	190750	7
875	191187	8
876	191625	8
877	192063	8
878	192501	9
879	192940	5
880	193380	19
881	193820	8
882	194260	11
883	194701	97
884	195143	8
885	195585	6
886	196027	6
887	196470	143
888	196914	137
889	197358	8
890	197802	79
891	198247	7
892	198693	9
893	199139	9
894	199585	6
895	200032	28
896	200480	9
897	200928	6
898	201376	7
899	201825	6
900	202275	10
901	202725	8
902	203175	8
903	203626	36
904	204078	8
905	204530	7
906	204982	6
907	205435	6
908	205889	8
909	206343	6
910	206797	8
911	207252	28
912	207708	9
913	208164	9
914	208620	6
915	209077	8
916	209535	8
917	209993	7
918	210451	74
919	210910	15
920	211370	11
921	211830	8
922	212290	6
923	212751	7
924	213213	6
925	213675	9
926	214137	131
927	214600	8
928	215064	6
929	215528	6
930	215992	6
931	216457	6
932	216923	8
933	217389	10
934	217855	8
935	218322	8
936	218790	7
937	219258	9
938	219726	10
939	220195	12
940	220665	7
941	221135	6
942	221605	8
943	222076	72
944	222548	6
945	223020	8
946	223492	10
947	223965	8
948	224439	8
949	224913	8
950	225387	13
951	225862	9
952	226338	8
953	226814	8
954	227290	8
955	227767	8
956	228245	6
957	228723	57
958	229201	6
959	229680	132
960	230160	8
961	230640	8
962	231120	11
963	231601	6
964	232083	10
965	232565	8
966	233047	9
967	233530	9
968	234014	7
969	234498	9
970	234982	18
971	235467	11
972	235953	9
973	236439	9
974	236925	94
975	237412	9
976	237900	8
977	238388	6
978	238876	9
979	239365	12
980	239855	6
981	240345	9
982	240835	78
983	241326	8
984	241818	7
985	242310	9
986	242802	57
987	243295	8
988	243789	9
989	244283	7
990	244777	7
991	245272	6
992	245768	11
993	246264	6
994	246760	8
995	247257	6
996	247755	8
997	248253	10
998	248751	101
999	249250	7
1000	249750	9
