100	198	40
101	202	39
102	206	40
103	210	46
104	214	49
105	218	32
106	222	36
107	226	37
108	231	46
109	235	44
110	239	1276
111	244	29
112	248	40
113	253	62
114	257	149
115	262	264
116	266	278
117	271	216
118	276	34
119	280	62
120	285	49
121	290	34
122	295	50
123	300	288
124	305	66
125	310	62
126	315	66
127	320	238
128	325	50
129	330	177
130	335	48
131	340	159
132	345	132
133	351	66
134	356	64
135	361	131
136	367	123
137	372	73
138	378	101
139	383	84
140	389	77
141	394	73
142	400	67
143	406	76
144	411	80
145	417	73
146	423	73
147	429	153
148	435	76
149	441	76
150	447	189
151	453	404
152	459	291
153	465	415
154	471	67
155	477	88
156	483	85
157	489	451
158	496	317
159	502	77
160	508	95
161	515	402
162	521	67
163	528	298
164	534	125
165	541	154
166	547	92
167	554	392
168	561	97
169	567	98
170	574	222
171	581	180
172	588	97
173	595	469
174	602	316
175	609	107
176	616	359
177	623	519
178	630	436
179	637	507
180	644	454
181	651	453
182	658	353
183	666	212
184	673	155
185	680	463
186	688	440
187	695	386
188	703	250
189	710	278
190	718	174
191	725	280
192	733	836
193	741	533
194	748	396
195	756	502
196	764	289
197	772	196
198	780	166
199	788	369
200	796	537
201	804	189
202	812	308
203	820	425
204	828	370
205	836	358
206	844	323
207	852	433
208	861	445
209	869	732
210	877	354
211	886	183
212	894	661
213	903	629
214	911	409
215	920	184
216	928	433
217	937	187
218	946	213
219	954	206
220	963	207
221	972	183
222	981	284
223	990	657
224	999	547
225	1008	1019
226	1017	780
227	1026	593
228	1035	192
229	1044	197
230	1053	699
231	1062	530
232	1071	199
233	1081	276
234	1090	603
235	1099	342
236	1109	570
237	1118	463
238	1128	536
239	1137	280
240	1147	606
241	1156	467
242	1166	208
243	1176	570
244	1185	562
245	1195	389
246	1205	824
247	1215	410
248	1225	293
249	1235	508
250	1245	309
251	1255	263
252	1265	391
253	1275	689
254	1285	267
255	1295	217
256	1305	527
257	1315	542
258	1326	362
259	1336	635
260	1346	531
261	1357	286
262	1367	1045
263	1378	405
264	1388	323
265	1399	312
266	1409	472
267	1420	597
268	1431	521
269	1441	1037
270	1452	548
271	1463	274
272	1474	540
273	1485	215
274	1496	573
275	1507	276
276	1518	350
277	1529	290
278	1540	504
279	1551	608
280	1562	525
281	1573	325
282	1584	468
283	1596	291
284	1607	581
285	1618	439
286	1630	637
287	1641	632
288	1653	285
289	1664	625
290	1676	689
291	1687	500
292	1699	571
293	1711	502
294	1722	613
295	1734	636
296	1746	836
297	1758	631
298	1770	296
299	1782	298
300	1794	284
301	1806	736
302	1818	711
303	1830	499
304	1842	840
305	1854	1411
306	1866	781
307	1878	596
308	1891	666
309	1903	567
310	1915	666
311	1928	663
312	1940	844
313	1953	601
314	1965	563
315	1978	561
316	1990	650
317	2003	688
318	2016	1365
319	2028	756
320	2041	1576
321	2054	686
322	2067	655
323	2080	405
324	2093	740
325	2106	855
326	2119	969
327	2132	881
328	2145	1070
329	2158	816
330	2171	601
331	2184	773
332	2197	794
333	2211	770
334	2224	725
335	2237	736
336	2251	725
337	2264	1240
338	2278	708
339	2291	728
340	2305	795
341	2318	703
342	2332	731
343	2346	733
344	2359	586
345	2373	593
346	2387	1331
347	2401	803
348	2415	786
349	2429	373
350	2443	701
351	2457	875
352	2471	800
353	2485	600
354	2499	1092
355	2513	839
356	2527	774
357	2541	910
358	2556	461
359	2570	795
360	2584	651
361	2599	853
362	2613	789
363	2628	728
364	2642	1479
365	2657	902
366	2671	1360
367	2686	693
368	2701	832
369	2715	1451
370	2730	1057
371	2745	1496
372	2760	649
373	2775	449
374	2790	833
375	2805	630
376	2820	880
377	2835	903
378	2850	889
379	2865	698
380	2880	767
381	2895	807
382	2910	921
383	2926	684
384	2941	806
385	2956	1160
386	2972	1611
387	2987	525
388	3003	1717
389	3018	1536
390	3034	961
391	3049	948
392	3065	1604
393	3081	676
394	3096	573
395	3112	1165
396	3128	629
397	3144	1012
398	3160	1150
399	3176	960
400	3192	896
401	3208	1513
402	3224	816
403	3240	857
404	3256	1150
405	3272	901
406	3288	1684
407	3304	733
408	3321	989
409	3337	408
410	3353	1154
411	3370	621
412	3386	896
413	3403	1075
414	3419	1409
415	3436	1461
416	3452	1556
417	3469	1218
418	3486	1099
419	3502	851
420	3519	1520
421	3536	454
422	3553	955
423	3570	1012
424	3587	1723
425	3604	817
426	3621	1380
427	3638	917
428	3655	1448
429	3672	1796
430	3689	1286
431	3706	1430
432	3723	954
433	3741	1263
434	3758	1902
435	3775	1705
436	3793	2233
437	3810	1384
438	3828	1909
439	3845	1023
440	3863	1870
441	3880	930
442	3898	2171
443	3916	1004
444	3933	1360
445	3951	912
446	3969	2035
447	3987	1756
448	4005	1130
449	4023	1248
450	4041	1692
451	4059	1307
452	4077	1724
453	4095	1239
454	4113	1176
455	4131	1910
456	4149	1164
457	4167	2064
458	4186	2596
459	4204	1108
460	4222	1986
461	4241	1539
462	4259	2251
463	4278	1130
464	4296	1029
465	4315	1187
466	4333	780
467	4352	1203
468	4371	1010
469	4389	1254
470	4408	1894
471	4427	1202
472	4446	1335
473	4465	1724
474	4484	2172
475	4503	1136
476	4522	1368
477	4541	1206
478	4560	1203
479	4579	1165
480	4598	1881
481	4617	1333
482	4636	1330
483	4656	1937
484	4675	1254
485	4694	1282
486	4714	1122
487	4733	1259
488	4753	1935
489	4772	1188
490	4792	1937
491	4811	1166
492	4831	1203
493	4851	1271
494	4870	1218
495	4890	1594
496	4910	892
497	4930	2127
498	4950	2292
499	4970	2342
500	4990	1172
501	5010	2463
502	5030	2246
503	5050	1359
504	5070	1463
505	5090	2522
506	5110	1023
507	5130	2294
508	5151	823
509	5171	1810
510	5191	1392
511	5212	1263
512	5232	1286
513	5253	821
514	5273	1839
515	5294	1345
516	5314	2243
517	5335	1921
518	5356	1432
519	5376	2176
520	5397	1527
521	5418	1016
522	5439	1396
523	5460	1462
524	5481	1530
525	5502	1138
526	5523	1618
527	5544	977
528	5565	1442
529	5586	2011
530	5607	1371
531	5628	1261
532	5649	1399
533	5671	1577
534	5692	1115
535	5713	3410
536	5735	1219
537	5756	1493
538	5778	1653
539	5799	1922
540	5821	2188
541	5842	1283
542	5864	1605
543	5886	1206
544	5907	1635
545	5929	1727
546	5951	1827
547	5973	1963
548	5995	1390
549	6017	1412
550	6039	2073
551	6061	2274
552	6083	1375
553	6105	1338
554	6127	2009
555	6149	1571
556	6171	1387
557	6193	1546
558	6216	1820
559	6238	1485
560	6260	1468
561	6283	1540
562	6305	1588
563	6328	1689
564	6350	1716
565	6373	1299
566	6395	1324
567	6418	823
568	6441	2328
569	6463	2710
570	6486	1309
571	6509	1883
572	6532	1723
573	6555	1863
574	6578	1071
575	6601	1607
576	6624	2296
577	6647	1349
578	6670	1487
579	6693	1726
580	6716	1561
581	6739	2639
582	6762	1557
583	6786	1856
584	6809	2732
585	6832	1828
586	6856	1320
587	6879	1620
588	6903	2278
589	6926	1439
590	6950	2077
591	6973	2638
592	6997	1565
593	7021	1801
594	7044	1291
595	7068	1766
596	7092	1479
597	7116	2975
598	7140	3561
599	7164	2572
600	7188	1694
601	7212	1758
602	7236	2863
603	7260	1886
604	7284	2001
605	7308	1922
606	7332	2066
607	7356	2331
608	7381	1591
609	7405	2184
610	7429	3547
611	7454	2162
612	7478	2139
613	7503	1919
614	7527	1755
615	7552	2881
616	7576	2067
617	7601	2896
618	7626	1390
619	7650	2135
620	7675	1863
621	7700	1626
622	7725	2680
623	7750	2708
624	7775	1964
625	7800	3128
626	7825	1104
627	7850	2197
628	7875	2553
629	7900	3364
630	7925	2935
631	7950	1833
632	7975	1892
633	8001	2244
634	8026	1956
635	8051	1270
636	8077	2305
637	8102	3006
638	8128	1713
639	8153	2238
640	8179	2352
641	8204	2999
642	8230	1864
643	8256	2029
644	8281	3481
645	8307	3160
646	8333	2132
647	8359	3600
648	8385	1787
649	8411	1615
650	8437	1838
651	8463	2546
652	8489	3105
653	8515	3281
654	8541	2708
655	8567	2060
656	8593	2614
657	8619	2226
658	8646	3318
659	8672	2109
660	8698	1785
661	8725	3527
662	8751	2392
663	8778	3607
664	8804	1541
665	8831	1905
666	8857	2890
667	8884	2030
668	8911	2895
669	8937	2311
670	8964	2267
671	8991	2730
672	9018	1953
673	9045	2661
674	9072	2266
675	9099	3515
676	9126	3000
677	9153	2104
678	9180	2428
679	9207	1793
680	9234	2478
681	9261	2211
682	9288	2867
683	9316	4243
684	9343	2419
685	9370	3307
686	9398	2743
687	9425	2137
688	9453	2108
689	9480	3696
690	9508	3603
691	9535	2607
692	9563	2579
693	9591	3596
694	9618	1520
695	9646	3777
696	9674	3505
697	9702	2044
698	9730	2745
699	9758	2362
700	9786	3711
701	9814	2494
702	9842	2651
703	9870	1554
704	9898	2238
705	9926	2463
706	9954	1815
707	9982	1936
708	10011	2103
709	10039	2252
710	10067	1823
711	10096	2509
712	10124	4241
713	10153	2466
714	10181	3440
715	10210	2722
716	10238	2298
717	10267	2127
718	10296	2421
719	10324	2892
720	10353	3013
721	10382	2308
722	10411	3641
723	10440	2281
724	10469	1740
725	10498	3369
726	10527	2592
727	10556	2646
728	10585	4284
729	10614	2463
730	10643	2560
731	10672	3472
732	10701	2315
733	10731	2096
734	10760	3898
735	10789	2872
736	10819	2421
737	10848	2718
738	10878	2376
739	10907	2255
740	10937	1770
741	10966	2481
742	10996	2387
743	11026	4043
744	11055	2272
745	11085	3630
746	11115	2725
747	11145	3338
748	11175	3226
749	11205	2699
750	11235	2653
751	11265	2685
752	11295	2611
753	11325	2107
754	11355	3285
755	11385	2284
756	11415	3046
757	11445	2680
758	11476	2583
759	11506	3370
760	11536	3097
761	11567	2937
762	11597	3871
763	11628	3850
764	11658	2591
765	11689	2572
766	11719	3890
767	11750	3165
768	11781	4712
769	11811	3846
770	11842	2449
771	11873	1926
772	11904	3925
773	11935	2520
774	11966	4775
775	11997	3633
776	12028	2671
777	12059	2772
778	12090	2568
779	12121	3956
780	12152	2638
781	12183	3705
782	12214	2916
783	12246	2591
784	12277	2935
785	12308	2163
786	12340	4500
787	12371	2898
788	12403	3221
789	12434	2060
790	12466	2977
791	12497	2595
792	12529	3362
793	12561	3618
794	12592	3272
795	12624	2997
796	12656	3330
797	12688	3150
798	12720	4046
799	12752	2784
800	12784	3357
801	12816	2714
802	12848	2699
803	12880	2662
804	12912	2527
805	12944	2944
806	12976	4056
807	13008	4581
808	13041	3297
809	13073	4224
810	13105	3186
811	13138	2493
812	13170	3764
813	13203	3511
814	13235	3000
815	13268	3170
816	13300	3406
817	13333	3497
818	13366	3250
819	13398	3087
820	13431	3823
821	13464	4537
822	13497	3311
823	13530	3235
824	13563	3465
825	13596	2905
826	13629	4902
827	13662	2986
828	13695	3406
829	13728	2370
830	13761	2982
831	13794	3121
832	13827	2627
833	13861	3417
834	13894	2348
835	13927	4293
836	13961	3285
837	13994	3307
838	14028	3038
839	14061	5283
840	14095	4096
841	14128	3269
842	14162	2218
843	14196	3699
844	14229	3493
845	14263	2754
846	14297	3345
847	14331	3266
848	14365	2978
849	14399	2787
850	14433	3674
851	14467	5193
852	14501	3316
853	14535	5209
854	14569	2961
855	14603	4627
856	14637	5020
857	14671	3453
858	14706	4583
859	14740	3354
860	14774	3749
861	14809	3032
862	14843	3046
863	14878	3272
864	14912	2654
865	14947	6712
866	14981	6574
867	15016	3596
868	15051	3302
869	15085	4422
870	15120	3869
871	15155	6205
872	15190	3562
873	15225	3983
874	15260	6601
875	15295	4079
876	15330	3843
877	15365	3021
878	15400	4221
879	15435	3468
880	15470	5586
881	15505	2663
882	15540	6195
883	15576	6767
884	15611	4527
885	15646	4052
886	15682	3372
887	15717	3857
888	15753	3954
889	15788	4519
890	15824	3867
891	15859	6821
892	15895	3435
893	15931	5033
894	15966	3970
895	16002	6595
896	16038	6093
897	16074	4959
898	16110	3501
899	16146	4369
900	16182	3833
901	16218	2957
902	16254	2905
903	16290	4235
904	16326	5061
905	16362	4095
906	16398	4340
907	16434	4509
908	16471	3254
909	16507	3611
910	16543	4835
911	16580	4601
912	16616	3142
913	16653	6244
914	16689	4607
915	16726	6365
916	16762	4660
917	16799	5489
918	16836	6479
919	16872	4917
920	16909	3707
921	16946	3222
922	16983	3920
923	17020	3941
924	17057	5506
925	17094	3956
926	17131	6558
927	17168	4439
928	17205	4646
929	17242	3979
930	17279	4331
931	17316	6566
932	17353	5986
933	17391	6332
934	17428	6260
935	17465	4494
936	17503	4535
937	17540	4508
938	17578	6669
939	17615	4731
940	17653	3976
941	17690	7181
942	17728	5440
943	17766	6786
944	17803	4309
945	17841	6437
946	17879	6579
947	17917	3894
948	17955	6539
949	17993	4030
950	18031	4685
951	18069	6274
952	18107	6334
953	18145	4692
954	18183	6340
955	18221	4365
956	18259	4289
957	18297	4577
958	18336	6717
959	18374	6931
960	18412	7058
961	18451	5508
962	18489	4616
963	18528	6986
964	18566	7459
965	18605	4145
966	18643	5481
967	18682	4959
968	18721	5182
969	18759	4014
970	18798	5494
971	18837	7700
972	18876	4401
973	18915	5515
974	18954	4779
975	18993	4629
976	19032	4979
977	19071	5503
978	19110	4724
979	19149	8296
980	19188	5742
981	19227	3962
982	19266	3966
983	19306	5340
984	19345	5523
985	19384	4884
986	19424	7543
987	19463	4811
988	19503	4483
989	19542	7540
990	19582	7835
991	19621	5192
992	19661	7258
993	19701	6435
994	19740	4788
995	19780	4277
996	19820	4442
997	19860	7966
998	19900	3254
999	19940	4176
1000	19980	5383
