100	4950	107
101	5050	85
102	5151	47
103	5253	399
104	5356	25
105	5460	23
106	5565	31
107	5671	46
108	5778	157
109	5886	184
110	5995	41
111	6105	179
112	6216	70
113	6328	86
114	6441	39
115	6555	118
116	6670	53
117	6786	163
118	6903	661
119	7021	585
120	7140	93
121	7260	59
122	7381	64
123	7503	74
124	7626	284
125	7750	256
126	7875	143
127	8001	68
128	8128	218
129	8256	49
130	8385	614
131	8515	287
132	8646	79
133	8778	626
134	8911	648
135	9045	342
136	9180	59
137	9316	90
138	9453	66
139	9591	1017
140	9730	68
141	9870	446
142	10011	138
143	10153	53
144	10296	359
145	10440	78
146	10585	275
147	10731	59
148	10878	91
149	11026	60
150	11175	300
151	11325	88
152	11476	83
153	11628	59
154	11781	74
155	11935	95
156	12090	63
157	12246	264
158	12403	577
159	12561	103
160	12720	60
161	12880	102
162	13041	455
163	13203	366
164	13366	67
165	13530	64
166	13695	122
167	13861	87
168	14028	101
169	14196	74
170	14365	520
171	14535	846
172	14706	94
173	14878	117
174	15051	115
175	15225	1044
176	15400	98
177	15576	743
178	15753	147
179	15931	621
180	16110	133
181	16290	1445
182	16471	122
183	16653	129
184	16836	865
185	17020	550
186	17205	143
187	17391	146
188	17578	212
189	17766	1477
190	17955	445
191	18145	1660
192	18336	230
193	18528	453
194	18721	100
195	18915	242
196	19110	94
197	19306	127
198	19503	157
199	19701	146
200	19900	166
201	20100	1683
202	20301	138
203	20503	451
204	20706	178
205	20910	152
206	21115	383
207	21321	482
208	21528	652
209	21736	1102
210	21945	155
211	22155	159
212	22366	104
213	22578	161
214	22791	162
215	23005	128
216	23220	163
217	23436	139
218	23653	167
219	23871	124
220	24090	631
221	24310	175
222	24531	747
223	24753	166
224	24976	176
225	25200	1679
226	25425	1991
227	25651	1345
228	25878	1240
229	26106	673
230	26335	1618
231	26565	324
232	26796	712
233	27028	171
234	27261	625
235	27495	216
236	27730	545
237	27966	2035
238	28203	218
239	28441	184
240	28680	1198
241	28920	1134
242	29161	262
243	29403	251
244	29646	647
245	29890	214
246	30135	145
247	30381	157
248	30628	238
249	30876	1388
250	31125	145
251	31375	230
252	31626	240
253	31878	245
254	32131	225
255	32385	249
256	32640	1281
257	32896	269
258	33153	251
259	33411	277
260	33670	283
261	33930	240
262	34191	364
263	34453	154
264	34716	878
265	34980	1564
266	35245	2008
267	35511	1783
268	35778	239
269	36046	249
270	36315	1140
271	36585	197
272	36856	169
273	37128	1389
274	37401	250
275	37675	179
276	37950	298
277	38226	306
278	38503	178
279	38781	416
280	39060	189
281	39340	236
282	39621	411
283	39903	1554
284	40186	269
285	40470	286
286	40755	214
287	41041	851
288	41328	285
289	41616	1123
290	41905	568
291	42195	1875
292	42486	1798
293	42778	1079
294	43071	231
295	43365	949
296	43660	219
297	43956	568
298	44253	3052
299	44551	2557
300	44850	274
301	45150	2190
302	45451	960
303	45753	1853
304	46056	570
305	46360	285
306	46665	396
307	46971	378
308	47278	373
309	47586	763
310	47895	1599
311	48205	392
312	48516	464
313	48828	415
314	49141	4353
315	49455	375
316	49770	409
317	50086	403
318	50403	396
319	50721	397
320	51040	379
321	51360	376
322	51681	1429
323	52003	315
324	52326	452
325	52650	400
326	52975	2368
327	53301	2635
328	53628	293
329	53956	2785
330	54285	456
331	54615	270
332	54946	1921
333	55278	797
334	55611	272
335	55945	403
336	56280	289
337	56616	255
338	56953	413
339	57291	1309
340	57630	1113
341	57970	307
342	58311	259
343	58653	274
344	58996	397
345	59340	467
346	59685	3499
347	60031	640
348	60378	347
349	60726	288
350	61075	535
351	61425	267
352	61776	430
353	62128	812
354	62481	445
355	62835	2069
356	63190	1118
357	63546	461
358	63903	485
359	64261	397
360	64620	680
361	64980	545
362	65341	3079
363	65703	690
364	66066	2047
365	66430	4107
366	66795	611
367	67161	906
368	67528	478
369	67896	482
370	68265	578
371	68635	300
372	69006	407
373	69378	537
374	69751	308
375	70125	304
376	70500	2082
377	70876	335
378	71253	1639
379	71631	1190
380	72010	1025
381	72390	522
382	72771	810
383	73153	350
384	73536	377
385	73920	421
386	74305	326
387	74691	958
388	75078	1545
389	75466	5347
390	75855	849
391	76245	3303
392	76636	474
393	77028	1263
394	77421	478
395	77815	383
396	78210	358
397	78606	471
398	79003	361
399	79401	376
400	79800	542
401	80200	677
402	80601	1638
403	81003	632
404	81406	6083
405	81810	390
406	82215	1817
407	82621	398
408	83028	430
409	83436	1471
410	83845	1010
411	84255	4353
412	84666	4510
413	85078	606
414	85491	611
415	85905	824
416	86320	3773
417	86736	549
418	87153	1368
419	87571	434
420	87990	657
421	88410	443
422	88831	1858
423	89253	645
424	89676	461
425	90100	670
426	90525	448
427	90951	724
428	91378	422
429	91806	1314
430	92235	745
431	92665	711
432	93096	798
433	93528	1346
434	93961	3060
435	94395	6953
436	94830	531
437	95266	534
438	95703	1738
439	96141	565
440	96580	628
441	97020	541
442	97461	931
443	97903	1325
444	98346	594
445	98790	1495
446	99235	1476
447	99681	924
448	100128	547
449	100576	574
450	101025	575
451	101475	2583
452	101926	577
453	102378	849
454	102831	925
455	103285	1120
456	103740	2654
457	104196	945
458	104653	6473
459	105111	576
460	105570	949
461	106030	2675
462	106491	1327
463	106953	695
464	107416	1087
465	107880	965
466	108345	617
467	108811	2133
468	109278	1010
469	109746	3466
470	110215	3321
471	110685	659
472	111156	3701
473	111628	1014
474	112101	791
475	112575	2014
476	113050	6491
477	113526	3152
478	114003	1024
479	114481	799
480	114960	3787
481	115440	4481
482	115921	4113
483	116403	655
484	116886	3681
485	117370	707
486	117855	657
487	118341	1437
488	118828	654
489	119316	652
490	119805	1073
491	120295	1075
492	120786	1225
493	121278	9070
494	121771	1010
495	122265	1419
496	122760	8038
497	123256	1345
498	123753	1907
499	124251	1331
500	124750	1288
501	125250	1176
502	125751	1766
503	126253	1096
504	126756	1360
505	127260	3400
506	127765	9922
507	128271	1194
508	128778	2318
509	129286	766
510	129795	3520
511	130305	8824
512	130816	7916
513	131328	12411
514	131841	1552
515	132355	1226
516	132870	3339
517	133386	954
518	133903	843
519	134421	1856
520	134940	1122
521	135460	3764
522	135981	1176
523	136503	6723
524	137026	1302
525	137550	2510
526	138075	7984
527	138601	1083
528	139128	1246
529	139656	1212
530	140185	5264
531	140715	9841
532	141246	2258
533	141778	17345
534	142311	2092
535	142845	1331
536	143380	3658
537	143916	12374
538	144453	1560
539	144991	3430
540	145530	6874
541	146070	1905
542	146611	3087
543	147153	4560
544	147696	877
545	148240	1142
546	148785	7419
547	149331	2029
548	149878	1336
549	150426	6526
550	150975	8183
551	151525	744
552	152076	6712
553	152628	4998
554	153181	961
555	153735	1311
556	154290	1524
557	154846	1111
558	155403	8319
559	155961	12645
560	156520	6136
561	157080	1024
562	157641	1345
563	158203	4263
564	158766	961
565	159330	1371
566	159895	977
567	160461	887
568	161028	2487
569	161596	8629
570	162165	6456
571	162735	2269
572	163306	10093
573	163878	6068
574	164451	1224
575	165025	911
576	165600	10492
577	166176	1371
578	166753	1375
579	167331	4790
580	167910	2276
581	168490	3699
582	169071	6882
583	169653	3213
584	170236	928
585	170820	10483
586	171405	4271
587	171991	959
588	172578	4139
589	173166	8841
590	173755	3854
591	174345	1566
592	174936	3775
593	175528	6669
594	176121	22824
595	176715	2994
596	177310	3696
597	177906	9786
598	178503	6605
599	179101	1401
600	179700	4127
601	180300	1111
602	180901	5758
603	181503	1903
604	182106	4058
605	182710	1220
606	183315	1765
607	183921	10182
608	184528	1333
609	185136	5472
610	185745	1230
611	186355	1619
612	186966	5520
613	187578	1200
614	188191	6247
615	188805	2483
616	189420	1578
617	190036	3449
618	190653	1223
619	191271	1151
620	191890	1322
621	192510	5042
622	193131	15429
623	193753	3234
624	194376	17369
625	195000	1246
626	195625	5916
627	196251	5693
628	196878	18725
629	197506	4473
630	198135	4297
631	198765	1447
632	199396	1447
633	200028	1139
634	200661	5475
635	201295	1737
636	201930	1108
637	202566	1289
638	203203	10470
639	203841	1974
640	204480	19179
641	205120	1264
642	205761	1964
643	206403	1224
644	207046	3432
645	207690	1366
646	208335	4889
647	208981	2406
648	209628	1984
649	210276	1235
650	210925	1175
651	211575	1129
652	212226	3847
653	212878	2503
654	213531	1542
655	214185	13104
656	214840	1229
657	215496	1329
658	216153	8102
659	216811	1298
660	217470	1939
661	218130	1443
662	218791	5890
663	219453	1477
664	220116	1289
665	220780	5977
666	221445	2274
667	222111	1834
668	222778	2727
669	223446	1976
670	224115	2080
671	224785	1581
672	225456	1275
673	226128	1919
674	226801	1627
675	227475	2328
676	228150	7090
677	228826	9097
678	229503	1638
679	230181	1823
680	230860	7929
681	231540	3050
682	232221	2414
683	232903	17703
684	233586	3788
685	234270	1567
686	234955	3841
687	235641	1873
688	236328	2612
689	237016	3057
690	237705	14349
691	238395	3192
692	239086	1451
693	239778	10146
694	240471	2354
695	241165	2142
696	241860	1593
697	242556	2539
698	243253	6437
699	243951	3482
700	244650	9023
701	245350	15496
702	246051	1572
703	246753	6478
704	247456	10971
705	248160	1953
706	248865	9453
707	249571	1458
708	250278	1964
709	250986	1533
710	251695	7902
711	252405	12205
712	253116	2620
713	253828	5255
714	254541	1698
715	255255	1957
716	255970	7126
717	256686	2473
718	257403	6260
719	258121	1970
720	258840	1545
721	259560	2212
722	260281	3490
723	261003	15438
724	261726	8086
725	262450	13350
726	263175	22076
727	263901	10803
728	264628	14262
729	265356	11333
730	266085	2386
731	266815	1480
732	267546	4068
733	268278	12678
734	269011	9759
735	269745	2039
736	270480	2608
737	271216	2506
738	271953	3394
739	272691	17023
740	273430	2598
741	274170	3928
742	274911	1995
743	275653	9854
744	276396	2860
745	277140	6132
746	277885	2257
747	278631	9966
748	279378	14696
749	280126	17660
750	280875	1652
751	281625	2526
752	282376	15516
753	283128	1722
754	283881	15813
755	284635	10161
756	285390	3074
757	286146	1762
758	286903	2583
759	287661	5007
760	288420	12186
761	289180	1710
762	289941	10187
763	290703	15907
764	291466	2286
765	292230	3029
766	292995	5698
767	293761	1887
768	294528	5278
769	295296	1681
770	296065	11205
771	296835	1753
772	297606	2614
773	298378	1788
774	299151	2495
775	299925	3058
776	300700	11488
777	301476	1849
778	302253	1849
779	303031	17130
780	303810	1828
781	304590	7915
782	305371	3393
783	306153	2678
784	306936	2888
785	307720	2846
786	308505	1906
787	309291	1768
788	310078	15226
789	310866	27361
790	311655	1881
791	312445	4750
792	313236	13743
793	314028	2406
794	314821	2229
795	315615	25886
796	316410	2287
797	317206	2893
798	318003	2260
799	318801	4941
800	319600	2075
801	320400	3458
802	321201	3107
803	322003	1973
804	322806	5937
805	323610	14406
806	324415	1761
807	325221	25104
808	326028	2218
809	326836	5144
810	327645	15782
811	328455	9502
812	329266	2948
813	330078	5041
814	330891	16577
815	331705	17649
816	332520	2083
817	333336	3069
818	334153	18318
819	334971	13493
820	335790	3049
821	336610	3144
822	337431	2768
823	338253	2974
824	339076	26938
825	339900	2401
826	340725	7609
827	341551	3453
828	342378	4604
829	343206	3050
830	344035	2531
831	344865	2511
832	345696	13727
833	346528	10678
834	347361	2081
835	348195	1993
836	349030	9987
837	349866	2010
838	350703	15660
839	351541	2331
840	352380	14483
841	353220	2215
842	354061	31553
843	354903	2687
844	355746	6091
845	356590	2064
846	357435	18339
847	358281	2777
848	359128	1859
849	359976	23302
850	360825	3015
851	361675	9794
852	362526	21006
853	363378	2751
854	364231	4342
855	365085	3321
856	365940	1981
857	366796	2214
858	367653	24950
859	368511	6458
860	369370	2157
861	370230	4068
862	371091	2200
863	371953	2953
864	372816	13124
865	373680	7777
866	374545	12631
867	375411	3699
868	376278	4277
869	377146	2765
870	378015	4202
871	378885	21591
872	379756	3342
873	380628	8251
874	381501	2386
875	382375	9809
876	383250	4801
877	384126	13679
878	385003	21866
879	385881	4435
880	386760	3976
881	387640	3156
882	388521	35464
883	389403	3008
884	390286	18728
885	391170	8265
886	392055	22054
887	392941	6255
888	393828	3934
889	394716	18857
890	395605	26355
891	396495	24129
892	397386	13398
893	398278	3205
894	399171	21519
895	400065	3273
896	400960	3270
897	401856	2837
898	402753	35514
899	403651	4682
900	404550	10426
901	405450	4041
902	406351	17221
903	407253	6401
904	408156	3581
905	409060	32676
906	409965	2764
907	410871	42850
908	411778	3798
909	412686	5113
910	413595	35409
911	414505	7136
912	415416	3597
913	416328	10019
914	417241	9309
915	418155	24815
916	419070	3040
917	419986	20761
918	420903	2489
919	421821	13064
920	422740	10452
921	423660	11927
922	424581	4095
923	425503	4979
924	426426	33131
925	427350	3928
926	428275	4703
927	429201	10779
928	430128	3735
929	431056	4747
930	431985	19834
931	432915	3812
932	433846	17325
933	434778	33220
934	435711	3716
935	436645	4388
936	437580	32374
937	438516	2985
938	439453	45317
939	440391	2940
940	441330	33493
941	442270	6017
942	443211	4653
943	444153	20918
944	445096	4197
945	446040	12870
946	446985	15816
947	447931	2583
948	448878	3049
949	449826	29908
950	450775	15048
951	451725	2991
952	452676	4349
953	453628	6767
954	454581	3594
955	455535	3522
956	456490	5535
957	457446	17912
958	458403	5390
959	459361	4198
960	460320	4526
961	461280	35405
962	462241	14274
963	463203	4470
964	464166	2893
965	465130	11749
966	466095	35824
967	467061	41555
968	468028	4916
969	468996	2982
970	469965	4740
971	470935	2868
972	471906	11743
973	472878	25419
974	473851	8174
975	474825	4014
976	475800	4284
977	476776	10135
978	477753	23994
979	478731	4691
980	479710	3362
981	480690	4097
982	481671	8566
983	482653	3695
984	483636	4620
985	484620	3800
986	485605	4820
987	486591	3699
988	487578	6511
989	488566	3853
990	489555	3955
991	490545	14627
992	491536	4534
993	492528	2953
994	493521	3070
995	494515	4596
996	495510	14716
997	496506	22426
998	497503	6758
999	498501	5750
1000	499500	23609
1001	500500	9580
1002	501501	5433
1003	502503	22299
1004	503506	3310
1005	504510	32818
1006	505515	3557
1007	506521	4671
1008	507528	5119
1009	508536	4032
1010	509545	3539
1011	510555	4969
1012	511566	3273
1013	512578	14104
1014	513591	3310
1015	514605	10316
1016	515620	4638
1017	516636	19184
1018	517653	3438
1019	518671	3423
1020	519690	3828
1021	520710	4078
1022	521731	7928
1023	522753	4849
1024	523776	3096
1025	524800	47836
1026	525825	13173
1027	526851	3747
1028	527878	3929
1029	528906	50471
1030	529935	4690
1031	530965	28828
1032	531996	5239
1033	533028	4447
1034	534061	9176
1035	535095	3316
1036	536130	3075
1037	537166	21606
1038	538203	4871
1039	539241	4982
1040	540280	6062
1041	541320	5152
1042	542361	7890
1043	543403	3420
1044	544446	3233
1045	545490	21167
1046	546535	30372
1047	547581	26183
1048	548628	10725
1049	549676	18991
1050	550725	3355
1051	551775	19704
1052	552826	26776
1053	553878	32757
1054	554931	8474
1055	555985	5735
1056	557040	3324
1057	558096	4327
1058	559153	3499
1059	560211	5899
1060	561270	41106
1061	562330	27577
1062	563391	3599
1063	564453	5638
1064	565516	50746
1065	566580	4743
1066	567645	6987
1067	568711	5360
1068	569778	4735
1069	570846	5761
1070	571915	3244
1071	572985	5529
1072	574056	4671
1073	575128	3911
1074	576201	3656
1075	577275	3472
1076	578350	4464
1077	579426	3511
1078	580503	15771
1079	581581	4916
1080	582660	6847
1081	583740	3732
1082	584821	4754
1083	585903	45778
1084	586986	3718
1085	588070	3431
1086	589155	4483
1087	590241	16043
1088	591328	26921
1089	592416	3626
1090	593505	10165
1091	594595	33071
1092	595686	7138
1093	596778	7814
1094	597871	3513
1095	598965	24828
1096	600060	3335
1097	601156	24514
1098	602253	4323
1099	603351	5101
1100	604450	4900
1101	605550	6260
1102	606651	3788
1103	607753	18631
1104	608856	37671
1105	609960	5561
1106	611065	20361
1107	612171	17050
1108	613278	5782
1109	614386	32347
1110	615495	4469
1111	616605	4565
1112	617716	4387
1113	618828	34677
1114	619941	6274
1115	621055	3410
1116	622170	3915
1117	623286	5639
1118	624403	3977
1119	625521	5317
1120	626640	6379
1121	627760	19108
1122	628881	17549
1123	630003	48821
1124	631126	3512
1125	632250	4588
1126	633375	5018
1127	634501	9374
1128	635628	19624
1129	636756	3430
1130	637885	5568
1131	639015	4304
1132	640146	20821
1133	641278	4536
1134	642411	24186
1135	643545	12133
1136	644680	6624
1137	645816	17787
1138	646953	5304
1139	648091	6372
1140	649230	38614
1141	650370	13729
1142	651511	55062
1143	652653	4640
1144	653796	4541
1145	654940	4838
1146	656085	5040
1147	657231	52483
1148	658378	10236
1149	659526	34043
1150	660675	23232
1151	661825	15065
1152	662976	4179
1153	664128	18532
1154	665281	8827
1155	666435	43172
1156	667590	13875
1157	668746	5873
1158	669903	10152
1159	671061	4484
1160	672220	12620
1161	673380	27037
1162	674541	4299
1163	675703	48971
1164	676866	10199
1165	678030	5152
1166	679195	15361
1167	680361	5823
1168	681528	33475
1169	682696	6374
1170	683865	5811
1171	685035	42214
1172	686206	5972
1173	687378	17555
1174	688551	62966
1175	689725	15514
1176	690900	6332
1177	692076	45789
1178	693253	61035
1179	694431	18742
1180	695610	36399
1181	696790	8533
1182	697971	3892
1183	699153	6178
1184	700336	36638
1185	701520	15156
1186	702705	47674
1187	703891	34819
1188	705078	5581
1189	706266	47399
1190	707455	6487
1191	708645	38631
1192	709836	8287
1193	711028	7592
1194	712221	26687
1195	713415	4221
1196	714610	5371
1197	715806	4344
1198	717003	18145
1199	718201	3889
1200	719400	12955
1201	720600	40533
1202	721801	5889
1203	723003	22157
1204	724206	4557
1205	725410	3931
1206	726615	27290
1207	727821	40919
1208	729028	6897
1209	730236	45931
1210	731445	5113
1211	732655	5329
1212	733866	4402
1213	735078	5238
1214	736291	4213
1215	737505	4949
1216	738720	5387
1217	739936	6417
1218	741153	5486
1219	742371	4071
1220	743590	6234
1221	744810	6631
1222	746031	5798
1223	747253	6209
1224	748476	7063
1225	749700	5686
1226	750925	5030
1227	752151	4893
1228	753378	4556
1229	754606	6003
1230	755835	5957
1231	757065	68077
1232	758296	9333
1233	759528	4547
1234	760761	16599
1235	761995	5751
1236	763230	6918
1237	764466	4332
1238	765703	5295
1239	766941	26525
1240	768180	31711
1241	769420	7415
1242	770661	6352
1243	771903	6169
1244	773146	6397
1245	774390	17640
1246	775635	6131
1247	776881	4637
1248	778128	7901
1249	779376	34886
1250	780625	4061
1251	781875	14540
1252	783126	4920
1253	784378	4284
1254	785631	28703
1255	786885	6685
1256	788140	18966
1257	789396	26400
1258	790653	5386
1259	791911	6449
1260	793170	5971
1261	794430	5964
1262	795691	8569
1263	796953	6868
1264	798216	12522
1265	799480	18607
1266	800745	35240
1267	802011	27663
1268	803278	6305
1269	804546	21073
1270	805815	6245
1271	807085	4836
1272	808356	30649
1273	809628	6670
1274	810901	4481
1275	812175	5438
1276	813450	47865
1277	814726	17496
1278	816003	56664
1279	817281	66790
1280	818560	16858
1281	819840	8109
1282	821121	31215
1283	822403	8319
1284	823686	43231
1285	824970	6772
1286	826255	7290
1287	827541	52237
1288	828828	5821
1289	830116	5328
1290	831405	6895
1291	832695	7716
1292	833986	17830
1293	835278	69918
1294	836571	7267
1295	837865	6697
1296	839160	12486
1297	840456	8125
1298	841753	32618
1299	843051	21587
1300	844350	8091
1301	845650	13362
1302	846951	29289
1303	848253	64987
1304	849556	44417
1305	850860	48505
1306	852165	7513
1307	853471	8012
1308	854778	65091
1309	856086	56008
1310	857395	60084
1311	858705	37726
1312	860016	6449
1313	861328	21404
1314	862641	5887
1315	863955	32636
1316	865270	7194
1317	866586	9780
1318	867903	17289
1319	869221	64746
1320	870540	8778
1321	871860	7185
1322	873181	37574
1323	874503	4834
1324	875826	30212
1325	877150	6522
1326	878475	10540
1327	879801	22237
1328	881128	5231
1329	882456	16460
1330	883785	49768
1331	885115	5655
1332	886446	28193
1333	887778	4972
1334	889111	6267
1335	890445	4995
1336	891780	61914
1337	893116	59783
1338	894453	15778
1339	895791	17327
1340	897130	47896
1341	898470	8054
1342	899811	12329
1343	901153	57673
1344	902496	10173
1345	903840	9984
1346	905185	5903
1347	906531	7145
1348	907878	5097
1349	909226	7307
1350	910575	7018
1351	911925	5635
1352	913276	5986
1353	914628	7030
1354	915981	8577
1355	917335	8289
1356	918690	5050
1357	920046	7026
1358	921403	7055
1359	922761	7550
1360	924120	7762
1361	925480	27135
1362	926841	13877
1363	928203	5838
1364	929566	6391
1365	930930	8396
1366	932295	8212
1367	933661	6725
1368	935028	35203
1369	936396	6552
1370	937765	9211
1371	939135	7140
1372	940506	23230
1373	941878	65211
1374	943251	37452
1375	944625	10712
1376	946000	9954
1377	947376	29022
1378	948753	7977
1379	950131	67640
1380	951510	5858
1381	952890	7508
1382	954271	6323
1383	955653	9339
1384	957036	7601
1385	958420	6424
1386	959805	46301
1387	961191	8335
1388	962578	7177
1389	963966	20379
1390	965355	9731
1391	966745	8331
1392	968136	58845
1393	969528	9575
1394	970921	31741
1395	972315	12069
1396	973710	9781
1397	975106	31263
1398	976503	8916
1399	977901	12210
1400	979300	73575
1401	980700	13147
1402	982101	8593
1403	983503	9210
1404	984906	12299
1405	986310	9471
1406	987715	10075
1407	989121	8756
1408	990528	10260
1409	991936	33852
1410	993345	9110
1411	994755	30678
1412	996166	11591
1413	997578	62725
1414	998991	8810
1415	1000405	77153
1416	1001820	26728
1417	1003236	11730
1418	1004653	11228
1419	1006071	9706
1420	1007490	5715
1421	1008910	79497
1422	1010331	36412
1423	1011753	92826
1424	1013176	7709
1425	1014600	84929
1426	1016025	12778
1427	1017451	11055
1428	1018878	45143
1429	1020306	8995
1430	1021735	83806
1431	1023165	24629
1432	1024596	60171
1433	1026028	6412
1434	1027461	9831
1435	1028895	19447
1436	1030330	89202
1437	1031766	26522
1438	1033203	49529
1439	1034641	45994
1440	1036080	63519
1441	1037520	10416
1442	1038961	16556
1443	1040403	46126
1444	1041846	11455
1445	1043290	10297
1446	1044735	16274
1447	1046181	11922
1448	1047628	12717
1449	1049076	23929
1450	1050525	8973
1451	1051975	6737
1452	1053426	8763
1453	1054878	8925
1454	1056331	15325
1455	1057785	8392
1456	1059240	8970
1457	1060696	80961
1458	1062153	25394
1459	1063611	9829
1460	1065070	12107
1461	1066530	16312
1462	1067991	7244
1463	1069453	48289
1464	1070916	11206
1465	1072380	9749
1466	1073845	9519
1467	1075311	8588
1468	1076778	11717
1469	1078246	16710
1470	1079715	39196
1471	1081185	12279
1472	1082656	29733
1473	1084128	51267
1474	1085601	7874
1475	1087075	61878
1476	1088550	9608
1477	1090026	7448
1478	1091503	17928
1479	1092981	10927
1480	1094460	40219
1481	1095940	10890
1482	1097421	65184
1483	1098903	9466
1484	1100386	25095
1485	1101870	54148
1486	1103355	15585
1487	1104841	19472
1488	1106328	8883
1489	1107816	49129
1490	1109305	26785
1491	1110795	10182
1492	1112286	9525
1493	1113778	33382
1494	1115271	38474
1495	1116765	91364
1496	1118260	33297
1497	1119756	11340
1498	1121253	10652
1499	1122751	10496
1500	1124250	11621
1501	1125750	9033
1502	1127251	10092
1503	1128753	9508
1504	1130256	21719
1505	1131760	9607
1506	1133265	63101
1507	1134771	37060
1508	1136278	10524
1509	1137786	30525
1510	1139295	58910
1511	1140805	50388
1512	1142316	18366
1513	1143828	10597
1514	1145341	47191
1515	1146855	7943
1516	1148370	90402
1517	1149886	15626
1518	1151403	37118
1519	1152921	8064
1520	1154440	14978
1521	1155960	12163
1522	1157481	52063
1523	1159003	9734
1524	1160526	11560
1525	1162050	34576
1526	1163575	10189
1527	1165101	12632
1528	1166628	9670
1529	1168156	14250
1530	1169685	9656
1531	1171215	14526
1532	1172746	13616
1533	1174278	12505
1534	1175811	69084
1535	1177345	12818
1536	1178880	13428
1537	1180416	10845
1538	1181953	41912
1539	1183491	9440
1540	1185030	10204
1541	1186570	26588
1542	1188111	19531
1543	1189653	23819
1544	1191196	9868
1545	1192740	88837
1546	1194285	94551
1547	1195831	33206
1548	1197378	44967
1549	1198926	75294
1550	1200475	24586
1551	1202025	36793
1552	1203576	10363
1553	1205128	9143
1554	1206681	38605
1555	1208235	8226
1556	1209790	9365
1557	1211346	48019
1558	1212903	36631
1559	1214461	36910
1560	1216020	10292
1561	1217580	59453
1562	1219141	10653
1563	1220703	6979
1564	1222266	10149
1565	1223830	6985
1566	1225395	12005
1567	1226961	73088
1568	1228528	10667
1569	1230096	50579
1570	1231665	17905
1571	1233235	22495
1572	1234806	87921
1573	1236378	10495
1574	1237951	12597
1575	1239525	63168
1576	1241100	8581
1577	1242676	25599
1578	1244253	8208
1579	1245831	10410
1580	1247410	9753
1581	1248990	10671
1582	1250571	11859
1583	1252153	11793
1584	1253736	11998
1585	1255320	24621
1586	1256905	27697
1587	1258491	68515
1588	1260078	104718
1589	1261666	34774
1590	1263255	11053
1591	1264845	9345
1592	1266436	46174
1593	1268028	12009
1594	1269621	11218
1595	1271215	22768
1596	1272810	34970
1597	1274406	11700
1598	1276003	34069
1599	1277601	11972
1600	1279200	8782
1601	1280800	51960
1602	1282401	26604
1603	1284003	8453
1604	1285606	50469
1605	1287210	13304
1606	1288815	10154
1607	1290421	17090
1608	1292028	7848
1609	1293636	62427
1610	1295245	15909
1611	1296855	7532
1612	1298466	66803
1613	1300078	7955
1614	1301691	18652
1615	1303305	85351
1616	1304920	79816
1617	1306536	23272
1618	1308153	19872
1619	1309771	11871
1620	1311390	31350
1621	1313010	10319
1622	1314631	48077
1623	1316253	37188
1624	1317876	105956
1625	1319500	26161
1626	1321125	27103
1627	1322751	101446
1628	1324378	11578
1629	1326006	83006
1630	1327635	9871
1631	1329265	10257
1632	1330896	76203
1633	1332528	41763
1634	1334161	66278
1635	1335795	23254
1636	1337430	11637
1637	1339066	81378
1638	1340703	90476
1639	1342341	10710
1640	1343980	11402
1641	1345620	64918
1642	1347261	13204
1643	1348903	30109
1644	1350546	9286
1645	1352190	8640
1646	1353835	58634
1647	1355481	11801
1648	1357128	88086
1649	1358776	26522
1650	1360425	13471
1651	1362075	14417
1652	1363726	80293
1653	1365378	15274
1654	1367031	8159
1655	1368685	12466
1656	1370340	13027
1657	1371996	72869
1658	1373653	95071
1659	1375311	14660
1660	1376970	85590
1661	1378630	62556
1662	1380291	15935
1663	1381953	38876
1664	1383616	69524
1665	1385280	11185
1666	1386945	17552
1667	1388611	30234
1668	1390278	17110
1669	1391946	11801
1670	1393615	10970
1671	1395285	22775
1672	1396956	10951
1673	1398628	54702
1674	1400301	12437
1675	1401975	9036
1676	1403650	14175
1677	1405326	85898
1678	1407003	10694
1679	1408681	12161
1680	1410360	12803
1681	1412040	9316
1682	1413721	44768
1683	1415403	8267
1684	1417086	10885
1685	1418770	11398
1686	1420455	24332
1687	1422141	15715
1688	1423828	11618
1689	1425516	8261
1690	1427205	9731
1691	1428895	14393
1692	1430586	10974
1693	1432278	42287
1694	1433971	12399
1695	1435665	47741
1696	1437360	17115
1697	1439056	47919
1698	1440753	10485
1699	1442451	28611
1700	1444150	78831
1701	1445850	42731
1702	1447551	13852
1703	1449253	38946
1704	1450956	12266
1705	1452660	84573
1706	1454365	29283
1707	1456071	11980
1708	1457778	14078
1709	1459486	12914
1710	1461195	8071
1711	1462905	11882
1712	1464616	11963
1713	1466328	44506
1714	1468041	124540
1715	1469755	33857
1716	1471470	15304
1717	1473186	10845
1718	1474903	30416
1719	1476621	10418
1720	1478340	12285
1721	1480060	41793
1722	1481781	11668
1723	1483503	74302
1724	1485226	19134
1725	1486950	12766
1726	1488675	45880
1727	1490401	12170
1728	1492128	12881
1729	1493856	9323
1730	1495585	13770
1731	1497315	12152
1732	1499046	11999
1733	1500778	24449
1734	1502511	87460
1735	1504245	13300
1736	1505980	12999
1737	1507716	62509
1738	1509453	9010
1739	1511191	11964
1740	1512930	14947
1741	1514670	15474
1742	1516411	11181
1743	1518153	10574
1744	1519896	12516
1745	1521640	11697
1746	1523385	11862
1747	1525131	9976
1748	1526878	17926
1749	1528626	14304
1750	1530375	13497
1751	1532125	11636
1752	1533876	36617
1753	1535628	81243
1754	1537381	13395
1755	1539135	57879
1756	1540890	14483
1757	1542646	12113
1758	1544403	12382
1759	1546161	10435
1760	1547920	73341
1761	1549680	11645
1762	1551441	43159
1763	1553203	11245
1764	1554966	109404
1765	1556730	24683
1766	1558495	9305
1767	1560261	11499
1768	1562028	20600
1769	1563796	15100
1770	1565565	10791
1771	1567335	118140
1772	1569106	14788
1773	1570878	13862
1774	1572651	9476
1775	1574425	11995
1776	1576200	21093
1777	1577976	13452
1778	1579753	12163
1779	1581531	82486
1780	1583310	14090
1781	1585090	13252
1782	1586871	49357
1783	1588653	8844
1784	1590436	104205
1785	1592220	42334
1786	1594005	10658
1787	1595791	13824
1788	1597578	9935
1789	1599366	9872
1790	1601155	21277
1791	1602945	55017
1792	1604736	70317
1793	1606528	52816
1794	1608321	14528
1795	1610115	43510
1796	1611910	17858
1797	1613706	14920
1798	1615503	103223
1799	1617301	45658
1800	1619100	52737
1801	1620900	19223
1802	1622701	15430
1803	1624503	125473
1804	1626306	56165
1805	1628110	14482
1806	1629915	77825
1807	1631721	85935
1808	1633528	69423
1809	1635336	17708
1810	1637145	130509
1811	1638955	48636
1812	1640766	15821
1813	1642578	18197
1814	1644391	128894
1815	1646205	53836
1816	1648020	42037
1817	1649836	18994
1818	1651653	62548
1819	1653471	18558
1820	1655290	35773
1821	1657110	17349
1822	1658931	97090
1823	1660753	14806
1824	1662576	15494
1825	1664400	75182
1826	1666225	14197
1827	1668051	90304
1828	1669878	16842
1829	1671706	125561
1830	1673535	16812
1831	1675365	48244
1832	1677196	91090
1833	1679028	14584
1834	1680861	99804
1835	1682695	108116
1836	1684530	15434
1837	1686366	69743
1838	1688203	17146
1839	1690041	14048
1840	1691880	87333
1841	1693720	20639
1842	1695561	64513
1843	1697403	40229
1844	1699246	56558
1845	1701090	42951
1846	1702935	100321
1847	1704781	16149
1848	1706628	18154
1849	1708476	148274
1850	1710325	18192
1851	1712175	69580
1852	1714026	14880
1853	1715878	76147
1854	1717731	25787
1855	1719585	85108
1856	1721440	16429
1857	1723296	17385
1858	1725153	15871
1859	1727011	16461
1860	1728870	32360
1861	1730730	11989
1862	1732591	32179
1863	1734453	12154
1864	1736316	19369
1865	1738180	24697
1866	1740045	17759
1867	1741911	17657
1868	1743778	65051
1869	1745646	15391
1870	1747515	19316
1871	1749385	55969
1872	1751256	24380
1873	1753128	47431
1874	1755001	18275
1875	1756875	76895
1876	1758750	12022
1877	1760626	17029
1878	1762503	152296
1879	1764381	18344
1880	1766260	13297
1881	1768140	16872
1882	1770021	14853
1883	1771903	15481
1884	1773786	18222
1885	1775670	16173
1886	1777555	17990
1887	1779441	25292
1888	1781328	19405
1889	1783216	15772
1890	1785105	19368
1891	1786995	63806
1892	1788886	124040
1893	1790778	14814
1894	1792671	56930
1895	1794565	17391
1896	1796460	15035
1897	1798356	65375
1898	1800253	21409
1899	1802151	44715
1900	1804050	14946
1901	1805950	17395
1902	1807851	16134
1903	1809753	44347
1904	1811656	18952
1905	1813560	69896
1906	1815465	17478
1907	1817371	110052
1908	1819278	19947
1909	1821186	19032
1910	1823095	21447
1911	1825005	17860
1912	1826916	13845
1913	1828828	16003
1914	1830741	20623
1915	1832655	18377
1916	1834570	13176
1917	1836486	25198
1918	1838403	87313
1919	1840321	17596
1920	1842240	16414
1921	1844160	19504
1922	1846081	120183
1923	1848003	18783
1924	1849926	24454
1925	1851850	20703
1926	1853775	12047
1927	1855701	24512
1928	1857628	32916
1929	1859556	75058
1930	1861485	15375
1931	1863415	20107
1932	1865346	21244
1933	1867278	94822
1934	1869211	69187
1935	1871145	70326
1936	1873080	15721
1937	1875016	13610
1938	1876953	53171
1939	1878891	31787
1940	1880830	50817
1941	1882770	18806
1942	1884711	21020
1943	1886653	51109
1944	1888596	58635
1945	1890540	16947
1946	1892485	18459
1947	1894431	17456
1948	1896378	18325
1949	1898326	20259
1950	1900275	86345
1951	1902225	13699
1952	1904176	20008
1953	1906128	16024
1954	1908081	15139
1955	1910035	21038
1956	1911990	20359
1957	1913946	75629
1958	1915903	13769
1959	1917861	34863
1960	1919820	37066
1961	1921780	21916
1962	1923741	153468
1963	1925703	49373
1964	1927666	18265
1965	1929630	17418
1966	1931595	14811
1967	1933561	52837
1968	1935528	19190
1969	1937496	89311
1970	1939465	153289
1971	1941435	19689
1972	1943406	15898
1973	1945378	15561
1974	1947351	61068
1975	1949325	35085
1976	1951300	19552
1977	1953276	174892
1978	1955253	16583
1979	1957231	18232
1980	1959210	23356
1981	1961190	16058
1982	1963171	18356
1983	1965153	18074
1984	1967136	137152
1985	1969120	163739
1986	1971105	106076
1987	1973091	52411
1988	1975078	20416
1989	1977066	15480
1990	1979055	17590
1991	1981045	83047
1992	1983036	20888
1993	1985028	25143
1994	1987021	173258
1995	1989015	98421
1996	1991010	43797
1997	1993006	61755
1998	1995003	21643
1999	1997001	20490
2000	1999000	23340
2001	2001000	73469
2002	2003001	21680
2003	2005003	46441
2004	2007006	23155
2005	2009010	21344
2006	2011015	18980
2007	2013021	72388
2008	2015028	41156
2009	2017036	136566
2010	2019045	22494
2011	2021055	48565
2012	2023066	152971
2013	2025078	148838
2014	2027091	21695
2015	2029105	22004
2016	2031120	20674
2017	2033136	18826
2018	2035153	55372
2019	2037171	144760
2020	2039190	20992
2021	2041210	65140
2022	2043231	63500
2023	2045253	49568
2024	2047276	18254
2025	2049300	133450
2026	2051325	51479
2027	2053351	130810
2028	2055378	142493
2029	2057406	18938
2030	2059435	18485
2031	2061465	37961
2032	2063496	218127
2033	2065528	21228
2034	2067561	23304
2035	2069595	93134
2036	2071630	20805
2037	2073666	24963
2038	2075703	125788
2039	2077741	177237
2040	2079780	20740
2041	2081820	14023
2042	2083861	21530
2043	2085903	47946
2044	2087946	103789
2045	2089990	80001
2046	2092035	39904
2047	2094081	23994
2048	2096128	176446
2049	2098176	159047
2050	2100225	156471
2051	2102275	14569
2052	2104326	52487
2053	2106378	12738
2054	2108431	158142
2055	2110485	19894
2056	2112540	38961
2057	2114596	57455
2058	2116653	14882
2059	2118711	87445
2060	2120770	30042
2061	2122830	19815
2062	2124891	194147
2063	2126953	90521
2064	2129016	19969
2065	2131080	84907
2066	2133145	17579
2067	2135211	102228
2068	2137278	38672
2069	2139346	110387
2070	2141415	103352
2071	2143485	135279
2072	2145556	21316
2073	2147628	46035
2074	2149701	15859
2075	2151775	39415
2076	2153850	157087
2077	2155926	56927
2078	2158003	14530
2079	2160081	73540
2080	2162160	20097
2081	2164240	22620
2082	2166321	63613
2083	2168403	19100
2084	2170486	13484
2085	2172570	20220
2086	2174655	19154
2087	2176741	18279
2088	2178828	18655
2089	2180916	18178
2090	2183005	20762
2091	2185095	16757
2092	2187186	80162
2093	2189278	37376
2094	2191371	118163
2095	2193465	27982
2096	2195560	18772
2097	2197656	19647
2098	2199753	17020
2099	2201851	83396
2100	2203950	43332
2101	2206050	28586
2102	2208151	18044
2103	2210253	20131
2104	2212356	13622
2105	2214460	18328
2106	2216565	18973
2107	2218671	17834
2108	2220778	16632
2109	2222886	15809
2110	2224995	22356
2111	2227105	63277
2112	2229216	135791
2113	2231328	127774
2114	2233441	86906
2115	2235555	16206
2116	2237670	103049
2117	2239786	18492
2118	2241903	17870
2119	2244021	18099
2120	2246140	18086
2121	2248260	21262
2122	2250381	20113
2123	2252503	20940
2124	2254626	19547
2125	2256750	95411
2126	2258875	22155
2127	2261001	15264
2128	2263128	38106
2129	2265256	190431
2130	2267385	15201
2131	2269515	15976
2132	2271646	25363
2133	2273778	19399
2134	2275911	18384
2135	2278045	14312
2136	2280180	21489
2137	2282316	19977
2138	2284453	19750
2139	2286591	14419
2140	2288730	77998
2141	2290870	20971
2142	2293011	124329
2143	2295153	18256
2144	2297296	21517
2145	2299440	17484
2146	2301585	19515
2147	2303731	24810
2148	2305878	20556
2149	2308026	19985
2150	2310175	81111
2151	2312325	71829
2152	2314476	232196
2153	2316628	42406
2154	2318781	17737
2155	2320935	17074
2156	2323090	14192
2157	2325246	15998
2158	2327403	20205
2159	2329561	20145
2160	2331720	51374
2161	2333880	20631
2162	2336041	91261
2163	2338203	88199
2164	2340366	43450
2165	2342530	14589
2166	2344695	19500
2167	2346861	21591
2168	2349028	65535
2169	2351196	132828
2170	2353365	22502
2171	2355535	16247
2172	2357706	71498
2173	2359878	21621
2174	2362051	19154
2175	2364225	48818
2176	2366400	15979
2177	2368576	20141
2178	2370753	14942
2179	2372931	44710
2180	2375110	58602
2181	2377290	20399
2182	2379471	94364
2183	2381653	19652
2184	2383836	59306
2185	2386020	18904
2186	2388205	20531
2187	2390391	176286
2188	2392578	15707
2189	2394766	158196
2190	2396955	14471
2191	2399145	15043
2192	2401336	13814
2193	2403528	20849
2194	2405721	19978
2195	2407915	20845
2196	2410110	85580
2197	2412306	73502
2198	2414503	27312
2199	2416701	14411
2200	2418900	20787
2201	2421100	196018
2202	2423301	44964
2203	2425503	20241
2204	2427706	80350
2205	2429910	27246
2206	2432115	19225
2207	2434321	65811
2208	2436528	20955
2209	2438736	21212
2210	2440945	18776
2211	2443155	46270
2212	2445366	19858
2213	2447578	17848
2214	2449791	23013
2215	2452005	19726
2216	2454220	180795
2217	2456436	18541
2218	2458653	89399
2219	2460871	27844
2220	2463090	14565
2221	2465310	151275
2222	2467531	76544
2223	2469753	21822
2224	2471976	44654
2225	2474200	20160
2226	2476425	21190
2227	2478651	14363
2228	2480878	35007
2229	2483106	176375
2230	2485335	21492
2231	2487565	21699
2232	2489796	39286
2233	2492028	21619
2234	2494261	155158
2235	2496495	30665
2236	2498730	49969
2237	2500966	53338
2238	2503203	125102
2239	2505441	18411
2240	2507680	173260
2241	2509920	91693
2242	2512161	22583
2243	2514403	36694
2244	2516646	152819
2245	2518890	186817
2246	2521135	146060
2247	2523381	101107
2248	2525628	34378
2249	2527876	15442
2250	2530125	105498
2251	2532375	108822
2252	2534626	16463
2253	2536878	157729
2254	2539131	44667
2255	2541385	23625
2256	2543640	206208
2257	2545896	80047
2258	2548153	88406
2259	2550411	20088
2260	2552670	18540
2261	2554930	23981
2262	2557191	128517
2263	2559453	89570
2264	2561716	14749
2265	2563980	19541
2266	2566245	18906
2267	2568511	21068
2268	2570778	47571
2269	2573046	24219
2270	2575315	142672
2271	2577585	75128
2272	2579856	167618
2273	2582128	174173
2274	2584401	55564
2275	2586675	20004
2276	2588950	68102
2277	2591226	21251
2278	2593503	23190
2279	2595781	124735
2280	2598060	27233
2281	2600340	26134
2282	2602621	17564
2283	2604903	212418
2284	2607186	65739
2285	2609470	27058
2286	2611755	26133
2287	2614041	19981
2288	2616328	24946
2289	2618616	221587
2290	2620905	37839
2291	2623195	23490
2292	2625486	50090
2293	2627778	22274
2294	2630071	64004
2295	2632365	18982
2296	2634660	148846
2297	2636956	99455
2298	2639253	103159
2299	2641551	17805
2300	2643850	28694
2301	2646150	47516
2302	2648451	182681
2303	2650753	39135
2304	2653056	151842
2305	2655360	233156
2306	2657665	21700
2307	2659971	98520
2308	2662278	25786
2309	2664586	44057
2310	2666895	17822
2311	2669205	66494
2312	2671516	14907
2313	2673828	48430
2314	2676141	58019
2315	2678455	22567
2316	2680770	26618
2317	2683086	125212
2318	2685403	26912
2319	2687721	62271
2320	2690040	25715
2321	2692360	68772
2322	2694681	87194
2323	2697003	143641
2324	2699326	151834
2325	2701650	210029
2326	2703975	103020
2327	2706301	173584
2328	2708628	128425
2329	2710956	169309
2330	2713285	198084
2331	2715615	24941
2332	2717946	21725
2333	2720278	103730
2334	2722611	24918
2335	2724945	41490
2336	2727280	192349
2337	2729616	23711
2338	2731953	20234
2339	2734291	24122
2340	2736630	22426
2341	2738970	23757
2342	2741311	24021
2343	2743653	19960
2344	2745996	16718
2345	2748340	25810
2346	2750685	98867
2347	2753031	18731
2348	2755378	25246
2349	2757726	19199
2350	2760075	31407
2351	2762425	26570
2352	2764776	18007
2353	2767128	108963
2354	2769481	26083
2355	2771835	23708
2356	2774190	25996
2357	2776546	24874
2358	2778903	22644
2359	2781261	127934
2360	2783620	56626
2361	2785980	22457
2362	2788341	21131
2363	2790703	23220
2364	2793066	24234
2365	2795430	96532
2366	2797795	229777
2367	2800161	23369
2368	2802528	98823
2369	2804896	138491
2370	2807265	163654
2371	2809635	178045
2372	2812006	147295
2373	2814378	86489
2374	2816751	21568
2375	2819125	83107
2376	2821500	23495
2377	2823876	53874
2378	2826253	106649
2379	2828631	27309
2380	2831010	23428
2381	2833390	16190
2382	2835771	18746
2383	2838153	22310
2384	2840536	18813
2385	2842920	81547
2386	2845305	23928
2387	2847691	27703
2388	2850078	84775
2389	2852466	292564
2390	2854855	63438
2391	2857245	233599
2392	2859636	167224
2393	2862028	40021
2394	2864421	97940
2395	2866815	27472
2396	2869210	22765
2397	2871606	102751
2398	2874003	24641
2399	2876401	23211
2400	2878800	29374
2401	2881200	27133
2402	2883601	29538
2403	2886003	25022
2404	2888406	29804
2405	2890810	171786
2406	2893215	46428
2407	2895621	61813
2408	2898028	19447
2409	2900436	82629
2410	2902845	32082
2411	2905255	107442
2412	2907666	26262
2413	2910078	55531
2414	2912491	25524
2415	2914905	159450
2416	2917320	30736
2417	2919736	36858
2418	2922153	65549
2419	2924571	102901
2420	2926990	178903
2421	2929410	167159
2422	2931831	25742
2423	2934253	117995
2424	2936676	21316
2425	2939100	29762
2426	2941525	21560
2427	2943951	64319
2428	2946378	32403
2429	2948806	29116
2430	2951235	27182
2431	2953665	26972
2432	2956096	132594
2433	2958528	85243
2434	2960961	74826
2435	2963395	26743
2436	2965830	118282
2437	2968266	22245
2438	2970703	29625
2439	2973141	29020
2440	2975580	26809
2441	2978020	197075
2442	2980461	146121
2443	2982903	26326
2444	2985346	42897
2445	2987790	240290
2446	2990235	27055
2447	2992681	26687
2448	2995128	25705
2449	2997576	58531
2450	3000025	98107
2451	3002475	211101
2452	3004926	26823
2453	3007378	268437
2454	3009831	31182
2455	3012285	25459
2456	3014740	21726
2457	3017196	31353
2458	3019653	174521
2459	3022111	26966
2460	3024570	25616
2461	3027030	23252
2462	3029491	26557
2463	3031953	20916
2464	3034416	29320
2465	3036880	249121
2466	3039345	21912
2467	3041811	240125
2468	3044278	58016
2469	3046746	65989
2470	3049215	26537
2471	3051685	243017
2472	3054156	44907
2473	3056628	32717
2474	3059101	198140
2475	3061575	114066
2476	3064050	171353
2477	3066526	33946
2478	3069003	25993
2479	3071481	21350
2480	3073960	39576
2481	3076440	25041
2482	3078921	27196
2483	3081403	23249
2484	3083886	32814
2485	3086370	270918
2486	3088855	24318
2487	3091341	228603
2488	3093828	68754
2489	3096316	38652
2490	3098805	19545
2491	3101295	29864
2492	3103786	140284
2493	3106278	30523
2494	3108771	53689
2495	3111265	154760
2496	3113760	26296
2497	3116256	31448
2498	3118753	39246
2499	3121251	27706
2500	3123750	23396
2501	3126250	23336
2502	3128751	27634
2503	3131253	25976
2504	3133756	35387
2505	3136260	22993
2506	3138765	143683
2507	3141271	26095
2508	3143778	136818
2509	3146286	25238
2510	3148795	31570
2511	3151305	203243
2512	3153816	34584
2513	3156328	25840
2514	3158841	28929
2515	3161355	28259
2516	3163870	245443
2517	3166386	105245
2518	3168903	50881
2519	3171421	277937
2520	3173940	231822
2521	3176460	28311
2522	3178981	35833
2523	3181503	61969
2524	3184026	29337
2525	3186550	241675
2526	3189075	63752
2527	3191601	180401
2528	3194128	166042
2529	3196656	20165
2530	3199185	55648
2531	3201715	200786
2532	3204246	219036
2533	3206778	81138
2534	3209311	284640
2535	3211845	85586
2536	3214380	101652
2537	3216916	47076
2538	3219453	70162
2539	3221991	25362
2540	3224530	170324
2541	3227070	232498
2542	3229611	28525
2543	3232153	218234
2544	3234696	29731
2545	3237240	45528
2546	3239785	188184
2547	3242331	29518
2548	3244878	31996
2549	3247426	157979
2550	3249975	85588
2551	3252525	141930
2552	3255076	27797
2553	3257628	85096
2554	3260181	20356
2555	3262735	62124
2556	3265290	24883
2557	3267846	28530
2558	3270403	25485
2559	3272961	28169
2560	3275520	280684
2561	3278080	190940
2562	3280641	56033
2563	3283203	95812
2564	3285766	29431
2565	3288330	22457
2566	3290895	138535
2567	3293461	25764
2568	3296028	184338
2569	3298596	43307
2570	3301165	29591
2571	3303735	135350
2572	3306306	37516
2573	3308878	125709
2574	3311451	107510
2575	3314025	203578
2576	3316600	28154
2577	3319176	26757
2578	3321753	28481
2579	3324331	118126
2580	3326910	25778
2581	3329490	242894
2582	3332071	80450
2583	3334653	319874
2584	3337236	33607
2585	3339820	20222
2586	3342405	92197
2587	3344991	28152
2588	3347578	54685
2589	3350166	24084
2590	3352755	19300
2591	3355345	26932
2592	3357936	68370
2593	3360528	205078
2594	3363121	41386
2595	3365715	27357
2596	3368310	45022
2597	3370906	30516
2598	3373503	33491
2599	3376101	126474
2600	3378700	27309
2601	3381300	111903
2602	3383901	81056
2603	3386503	145796
2604	3389106	19882
2605	3391710	29820
2606	3394315	22431
2607	3396921	33389
2608	3399528	29022
2609	3402136	125825
2610	3404745	29288
2611	3407355	26054
2612	3409966	28446
2613	3412578	118817
2614	3415191	32771
2615	3417805	43896
2616	3420420	28732
2617	3423036	30519
2618	3425653	31906
2619	3428271	36251
2620	3430890	20980
2621	3433510	26494
2622	3436131	34404
2623	3438753	25805
2624	3441376	31383
2625	3444000	33693
2626	3446625	20474
2627	3449251	26581
2628	3451878	32238
2629	3454506	36611
2630	3457135	32922
2631	3459765	34755
2632	3462396	33021
2633	3465028	35872
2634	3467661	28047
2635	3470295	95290
2636	3472930	30834
2637	3475566	32341
2638	3478203	29101
2639	3480841	121119
2640	3483480	32563
2641	3486120	28142
2642	3488761	29559
2643	3491403	28436
2644	3494046	30501
2645	3496690	22894
2646	3499335	29496
2647	3501981	23157
2648	3504628	98531
2649	3507276	29639
2650	3509925	29367
2651	3512575	29552
2652	3515226	22731
2653	3517878	26158
2654	3520531	35893
2655	3523185	28959
2656	3525840	33303
2657	3528496	115601
2658	3531153	34002
2659	3533811	34242
2660	3536470	136290
2661	3539130	32959
2662	3541791	30064
2663	3544453	121325
2664	3547116	30513
2665	3549780	100301
2666	3552445	32970
2667	3555111	151587
2668	3557778	28921
2669	3560446	29505
2670	3563115	35556
2671	3565785	94278
2672	3568456	39435
2673	3571128	28858
2674	3573801	29923
2675	3576475	89960
2676	3579150	27529
2677	3581826	27213
2678	3584503	93315
2679	3587181	31462
2680	3589860	30309
2681	3592540	29907
2682	3595221	28923
2683	3597903	35253
2684	3600586	39516
2685	3603270	25301
2686	3605955	26281
2687	3608641	31062
2688	3611328	152036
2689	3614016	28722
2690	3616705	176675
2691	3619395	32643
2692	3622086	31604
2693	3624778	50618
2694	3627471	25931
2695	3630165	25154
2696	3632860	107551
2697	3635556	29186
2698	3638253	28084
2699	3640951	59534
2700	3643650	110377
2701	3646350	34648
2702	3649051	129757
2703	3651753	32887
2704	3654456	166177
2705	3657160	28601
2706	3659865	27844
2707	3662571	24720
2708	3665278	40256
2709	3667986	88734
2710	3670695	35547
2711	3673405	40294
2712	3676116	70565
2713	3678828	32402
2714	3681541	32085
2715	3684255	75802
2716	3686970	37764
2717	3689686	41771
2718	3692403	48312
2719	3695121	29783
2720	3697840	219451
2721	3700560	54099
2722	3703281	182899
2723	3706003	38104
2724	3708726	39406
2725	3711450	124010
2726	3714175	36315
2727	3716901	181387
2728	3719628	36636
2729	3722356	42967
2730	3725085	34726
2731	3727815	33702
2732	3730546	247115
2733	3733278	49248
2734	3736011	257787
2735	3738745	37129
2736	3741480	39890
2737	3744216	147186
2738	3746953	69814
2739	3749691	244407
2740	3752430	261646
2741	3755170	38292
2742	3757911	118377
2743	3760653	69739
2744	3763396	458432
2745	3766140	88694
2746	3768885	116044
2747	3771631	72745
2748	3774378	174085
2749	3777126	138140
2750	3779875	40171
2751	3782625	40086
2752	3785376	42708
2753	3788128	38279
2754	3790881	81093
2755	3793635	485210
2756	3796390	260885
2757	3799146	82551
2758	3801903	265730
2759	3804661	351371
2760	3807420	39934
2761	3810180	32455
2762	3812941	47960
2763	3815703	130475
2764	3818466	433207
2765	3821230	134989
2766	3823995	389340
2767	3826761	298791
2768	3829528	171662
2769	3832296	124218
2770	3835065	320130
2771	3837835	165896
2772	3840606	296897
2773	3843378	139030
2774	3846151	574473
2775	3848925	293426
2776	3851700	82943
2777	3854476	191211
2778	3857253	270081
2779	3860031	429808
2780	3862810	54221
2781	3865590	127767
2782	3868371	159910
2783	3871153	165813
2784	3873936	163682
2785	3876720	317408
2786	3879505	141890
2787	3882291	63650
2788	3885078	171276
2789	3887866	43908
2790	3890655	473579
2791	3893445	182149
2792	3896236	697925
2793	3899028	341296
2794	3901821	499963
2795	3904615	308705
2796	3907410	74321
2797	3910206	496037
2798	3913003	108745
2799	3915801	271651
2800	3918600	625547
2801	3921400	259910
2802	3924201	517672
2803	3927003	41777
2804	3929806	39792
2805	3932610	37126
2806	3935415	46405
2807	3938221	305923
2808	3941028	150432
2809	3943836	44794
2810	3946645	47723
2811	3949455	220496
2812	3952266	46988
2813	3955078	100872
2814	3957891	45310
2815	3960705	280723
2816	3963520	455268
2817	3966336	704981
2818	3969153	315253
2819	3971971	206586
2820	3974790	148994
2821	3977610	731838
2822	3980431	140643
2823	3983253	37852
2824	3986076	402697
2825	3988900	224683
2826	3991725	62895
2827	3994551	376400
2828	3997378	298383
2829	4000206	128923
2830	4003035	173188
2831	4005865	46858
2832	4008696	54102
2833	4011528	226529
2834	4014361	394738
2835	4017195	267725
2836	4020030	461106
2837	4022866	65018
2838	4025703	240338
2839	4028541	373997
2840	4031380	129705
2841	4034220	98019
2842	4037061	381211
2843	4039903	76730
2844	4042746	454839
2845	4045590	558794
2846	4048435	170811
2847	4051281	209475
2848	4054128	473025
2849	4056976	201285
2850	4059825	531631
2851	4062675	245352
2852	4065526	199462
2853	4068378	47209
2854	4071231	507267
2855	4074085	137884
2856	4076940	363125
2857	4079796	38713
2858	4082653	58907
2859	4085511	113709
2860	4088370	288630
2861	4091230	159258
2862	4094091	640335
2863	4096953	375326
2864	4099816	364560
2865	4102680	643212
2866	4105545	418482
2867	4108411	96693
2868	4111278	61680
2869	4114146	198178
2870	4117015	43623
2871	4119885	394636
2872	4122756	210508
2873	4125628	73067
2874	4128501	540128
2875	4131375	292904
2876	4134250	535270
2877	4137126	189914
2878	4140003	242868
2879	4142881	238375
2880	4145760	208487
2881	4148640	584865
2882	4151521	289041
2883	4154403	33124
2884	4157286	199619
2885	4160170	440244
2886	4163055	166567
2887	4165941	146236
2888	4168828	454388
2889	4171716	44135
2890	4174605	263814
2891	4177495	225822
2892	4180386	123446
2893	4183278	359949
2894	4186171	314757
2895	4189065	429181
2896	4191960	41898
2897	4194856	50200
2898	4197753	40598
2899	4200651	370025
2900	4203550	363818
2901	4206450	306103
2902	4209351	256395
2903	4212253	419364
2904	4215156	363307
2905	4218060	374558
2906	4220965	74835
2907	4223871	199379
2908	4226778	590957
2909	4229686	225688
2910	4232595	235889
2911	4235505	111231
2912	4238416	305841
2913	4241328	84001
2914	4244241	45211
2915	4247155	203043
2916	4250070	508947
2917	4252986	57911
2918	4255903	75081
2919	4258821	178816
2920	4261740	435213
2921	4264660	400050
2922	4267581	304799
2923	4270503	109565
2924	4273426	49538
2925	4276350	35872
2926	4279275	59510
2927	4282201	128020
2928	4285128	473276
2929	4288056	118630
2930	4290985	661456
2931	4293915	376885
2932	4296846	456380
2933	4299778	55245
2934	4302711	167587
2935	4305645	274110
2936	4308580	742157
2937	4311516	549084
2938	4314453	286884
2939	4317391	119460
2940	4320330	219566
2941	4323270	231211
2942	4326211	88865
2943	4329153	54601
2944	4332096	306474
2945	4335040	145369
2946	4337985	159519
2947	4340931	41607
2948	4343878	157031
2949	4346826	210502
2950	4349775	168921
2951	4352725	43556
2952	4355676	40910
2953	4358628	50087
2954	4361581	122267
2955	4364535	409996
2956	4367490	165754
2957	4370446	463469
2958	4373403	61452
2959	4376361	186427
2960	4379320	585636
2961	4382280	365622
2962	4385241	105253
2963	4388203	287489
2964	4391166	677196
2965	4394130	301802
2966	4397095	173475
2967	4400061	52627
2968	4403028	41658
2969	4405996	43145
2970	4408965	42185
2971	4411935	43980
2972	4414906	46744
2973	4417878	41454
2974	4420851	51168
2975	4423825	37885
2976	4426800	32712
2977	4429776	48746
2978	4432753	43647
2979	4435731	47516
2980	4438710	50312
2981	4441690	44403
2982	4444671	42406
2983	4447653	112307
2984	4450636	494905
2985	4453620	436219
2986	4456605	170543
2987	4459591	537851
2988	4462578	109833
2989	4465566	404319
2990	4468555	455979
2991	4471545	469190
2992	4474536	105571
2993	4477528	68863
2994	4480521	594540
2995	4483515	759036
2996	4486510	258484
2997	4489506	769377
2998	4492503	367685
2999	4495501	645721
3000	4498500	468244
3001	4501500	57950
3002	4504501	165682
3003	4507503	346345
3004	4510506	261418
3005	4513510	75393
3006	4516515	1013077
3007	4519521	78940
3008	4522528	288171
3009	4525536	547523
3010	4528545	243367
3011	4531555	181833
3012	4534566	671201
3013	4537578	390438
3014	4540591	429231
3015	4543605	406641
3016	4546620	46807
3017	4549636	313323
3018	4552653	51320
3019	4555671	49021
3020	4558690	59106
3021	4561710	46991
3022	4564731	362227
3023	4567753	288722
3024	4570776	144010
3025	4573800	98451
3026	4576825	57444
3027	4579851	107337
3028	4582878	702062
3029	4585906	188268
3030	4588935	167166
3031	4591965	145321
3032	4594996	312372
3033	4598028	135517
3034	4601061	434744
3035	4604095	127746
3036	4607130	330660
3037	4610166	616061
3038	4613203	44416
3039	4616241	307543
3040	4619280	141210
3041	4622320	415608
3042	4625361	340701
3043	4628403	522543
3044	4631446	237051
3045	4634490	352430
3046	4637535	298592
3047	4640581	113987
3048	4643628	515255
3049	4646676	213328
3050	4649725	654921
3051	4652775	524676
3052	4655826	47140
3053	4658878	50874
3054	4661931	47654
3055	4664985	174033
3056	4668040	316118
3057	4671096	735546
3058	4674153	398434
3059	4677211	601655
3060	4680270	334922
3061	4683330	555056
3062	4686391	43487
3063	4689453	171630
3064	4692516	529871
3065	4695580	49155
3066	4698645	42280
3067	4701711	36546
3068	4704778	45351
3069	4707846	145464
3070	4710915	580047
3071	4713985	529212
3072	4717056	197103
3073	4720128	238846
3074	4723201	137535
3075	4726275	259322
3076	4729350	44768
3077	4732426	171665
3078	4735503	44060
3079	4738581	287660
3080	4741660	416633
3081	4744740	58736
3082	4747821	766890
3083	4750903	540875
3084	4753986	432853
3085	4757070	580779
3086	4760155	372558
3087	4763241	100639
3088	4766328	49457
3089	4769416	69002
3090	4772505	191371
3091	4775595	603538
3092	4778686	165477
3093	4781778	905665
3094	4784871	824161
3095	4787965	206917
3096	4791060	39951
3097	4794156	375390
3098	4797253	340540
3099	4800351	461522
3100	4803450	361900
3101	4806550	44748
3102	4809651	354076
3103	4812753	594491
3104	4815856	207320
3105	4818960	627863
3106	4822065	476380
3107	4825171	626809
3108	4828278	500075
3109	4831386	182963
3110	4834495	447794
3111	4837605	830845
3112	4840716	948149
3113	4843828	251347
3114	4846941	462430
3115	4850055	217143
3116	4853170	513039
3117	4856286	176548
3118	4859403	217622
3119	4862521	447180
3120	4865640	208902
3121	4868760	555076
3122	4871881	145505
3123	4875003	837467
3124	4878126	401350
3125	4881250	414212
3126	4884375	189399
3127	4887501	382099
3128	4890628	52673
3129	4893756	44241
3130	4896885	43137
3131	4900015	92392
3132	4903146	645778
3133	4906278	553256
3134	4909411	480254
3135	4912545	707908
3136	4915680	730736
3137	4918816	408961
3138	4921953	713889
3139	4925091	346233
3140	4928230	78036
3141	4931370	548312
3142	4934511	633684
3143	4937653	351637
3144	4940796	351924
3145	4943940	707168
3146	4947085	764236
3147	4950231	822901
3148	4953378	664595
3149	4956526	744639
3150	4959675	734856
3151	4962825	1165503
3152	4965976	708996
3153	4969128	290667
3154	4972281	809640
3155	4975435	725638
3156	4978590	602304
3157	4981746	598360
3158	4984903	72955
3159	4988061	549759
3160	4991220	597771
3161	4994380	106471
3162	4997541	660893
3163	5000703	648405
3164	5003866	820491
3165	5007030	543068
3166	5010195	233835
3167	5013361	49952
3168	5016528	95313
3169	5019696	948847
3170	5022865	469065
3171	5026035	438066
3172	5029206	559963
3173	5032378	222445
3174	5035551	648452
3175	5038725	814133
3176	5041900	537157
3177	5045076	835463
3178	5048253	783610
3179	5051431	707140
3180	5054610	233433
3181	5057790	821432
3182	5060971	883002
3183	5064153	556704
3184	5067336	721392
3185	5070520	713632
3186	5073705	52925
3187	5076891	873054
3188	5080078	793967
3189	5083266	858253
3190	5086455	669491
3191	5089645	177378
3192	5092836	468955
3193	5096028	561218
3194	5099221	552509
3195	5102415	416187
3196	5105610	575663
3197	5108806	752161
3198	5112003	765027
3199	5115201	730098
3200	5118400	716101
3201	5121600	574555
3202	5124801	306891
3203	5128003	706924
3204	5131206	693057
3205	5134410	682710
3206	5137615	253231
3207	5140821	584778
3208	5144028	542189
3209	5147236	339947
3210	5150445	941866
3211	5153655	650433
3212	5156866	662259
3213	5160078	555033
3214	5163291	853021
3215	5166505	841046
3216	5169720	939644
3217	5172936	573813
3218	5176153	573408
3219	5179371	1049173
3220	5182590	1224710
3221	5185810	1119330
3222	5189031	843293
3223	5192253	841186
3224	5195476	494440
3225	5198700	642378
3226	5201925	749970
3227	5205151	709208
3228	5208378	755446
3229	5211606	231425
3230	5214835	540446
3231	5218065	732406
3232	5221296	729867
3233	5224528	350550
3234	5227761	820169
3235	5230995	630696
3236	5234230	325308
3237	5237466	765195
3238	5240703	563657
3239	5243941	724290
3240	5247180	996041
3241	5250420	743573
3242	5253661	525836
3243	5256903	761079
3244	5260146	633105
3245	5263390	43318
3246	5266635	232341
3247	5269881	39844
3248	5273128	481716
3249	5276376	950375
3250	5279625	513686
3251	5282875	651743
3252	5286126	512418
3253	5289378	827575
3254	5292631	454385
3255	5295885	322194
3256	5299140	1014908
3257	5302396	525427
3258	5305653	208987
3259	5308911	1041942
3260	5312170	573346
3261	5315430	251448
3262	5318691	702709
3263	5321953	572951
3264	5325216	625954
3265	5328480	166394
3266	5331745	986870
3267	5335011	843115
3268	5338278	1089269
3269	5341546	919076
3270	5344815	881604
3271	5348085	582638
3272	5351356	959425
3273	5354628	247987
3274	5357901	725098
3275	5361175	324790
3276	5364450	842456
3277	5367726	188235
3278	5371003	489584
3279	5374281	451364
3280	5377560	219807
3281	5380840	621373
3282	5384121	412044
3283	5387403	183618
3284	5390686	692022
3285	5393970	110794
3286	5397255	356008
3287	5400541	718974
3288	5403828	265871
3289	5407116	1085130
3290	5410405	567637
3291	5413695	543448
3292	5416986	145149
3293	5420278	1040829
3294	5423571	959340
3295	5426865	623799
3296	5430160	926146
3297	5433456	919306
3298	5436753	467132
3299	5440051	796523
3300	5443350	634527
3301	5446650	161751
3302	5449951	157122
3303	5453253	194556
3304	5456556	767983
3305	5459860	979468
3306	5463165	778471
3307	5466471	762046
3308	5469778	485924
3309	5473086	631195
3310	5476395	62183
3311	5479705	416500
3312	5483016	856233
3313	5486328	795161
3314	5489641	760991
3315	5492955	204248
3316	5496270	704998
3317	5499586	719741
3318	5502903	848527
3319	5506221	814429
3320	5509540	1047401
3321	5512860	989051
3322	5516181	963340
3323	5519503	576150
3324	5522826	902970
3325	5526150	800284
3326	5529475	156536
3327	5532801	360847
3328	5536128	781733
3329	5539456	307497
3330	5542785	788977
3331	5546115	612898
3332	5549446	861360
3333	5552778	633193
3334	5556111	965654
3335	5559445	521484
3336	5562780	893039
3337	5566116	708068
3338	5569453	824867
3339	5572791	407193
3340	5576130	129067
3341	5579470	369968
3342	5582811	62747
3343	5586153	110044
3344	5589496	97733
3345	5592840	1037857
3346	5596185	865856
3347	5599531	947843
3348	5602878	784404
3349	5606226	452394
3350	5609575	744310
3351	5612925	456102
3352	5616276	784843
3353	5619628	686842
3354	5622981	873949
3355	5626335	519038
3356	5629690	873528
3357	5633046	681292
3358	5636403	520868
3359	5639761	804445
3360	5643120	793297
3361	5646480	973766
3362	5649841	917466
3363	5653203	928810
3364	5656566	759306
3365	5659930	819098
3366	5663295	611296
3367	5666661	371828
3368	5670028	874278
3369	5673396	513247
3370	5676765	79763
3371	5680135	219608
3372	5683506	505453
3373	5686878	863686
3374	5690251	927269
3375	5693625	959476
3376	5697000	763523
3377	5700376	725914
3378	5703753	912596
3379	5707131	590061
3380	5710510	823346
3381	5713890	410847
3382	5717271	919059
3383	5720653	602170
3384	5724036	827854
3385	5727420	476180
3386	5730805	928687
3387	5734191	323907
3388	5737578	431269
3389	5740966	1045933
3390	5744355	206914
3391	5747745	913137
3392	5751136	880853
3393	5754528	750117
3394	5757921	919738
3395	5761315	336750
3396	5764710	796954
3397	5768106	114804
3398	5771503	1071392
3399	5774901	1037787
3400	5778300	1069062
3401	5781700	747369
3402	5785101	1418625
3403	5788503	853243
3404	5791906	1047317
3405	5795310	1057268
3406	5798715	954026
3407	5802121	829918
3408	5805528	941857
3409	5808936	501253
3410	5812345	944346
3411	5815755	680980
3412	5819166	398737
3413	5822578	872464
3414	5825991	813412
3415	5829405	708550
3416	5832820	540194
3417	5836236	650200
3418	5839653	996824
3419	5843071	497302
3420	5846490	614226
3421	5849910	684570
3422	5853331	831865
3423	5856753	439853
3424	5860176	658876
3425	5863600	849728
3426	5867025	872498
3427	5870451	802112
3428	5873878	880435
3429	5877306	850625
3430	5880735	810659
3431	5884165	423107
3432	5887596	968203
3433	5891028	755498
3434	5894461	996527
3435	5897895	429047
3436	5901330	1004763
3437	5904766	801205
3438	5908203	582436
3439	5911641	577511
3440	5915080	915008
3441	5918520	843308
3442	5921961	1002614
3443	5925403	836633
3444	5928846	1048305
3445	5932290	726504
3446	5935735	1063656
3447	5939181	762813
3448	5942628	1278057
3449	5946076	2092500
3450	5949525	1282854
3451	5952975	776625
3452	5956426	880531
3453	5959878	1000726
3454	5963331	963140
3455	5966785	955049
3456	5970240	578619
3457	5973696	994672
3458	5977153	920054
3459	5980611	1232551
3460	5984070	1406413
3461	5987530	1679218
3462	5990991	694858
3463	5994453	745395
3464	5997916	908004
3465	6001380	1157371
3466	6004845	932237
3467	6008311	1165683
3468	6011778	759505
3469	6015246	639125
3470	6018715	595223
3471	6022185	536090
3472	6025656	692332
3473	6029128	1297159
3474	6032601	334983
3475	6036075	1302814
3476	6039550	1019103
3477	6043026	950414
3478	6046503	1142758
3479	6049981	681388
3480	6053460	1049810
3481	6056940	967747
3482	6060421	1076659
3483	6063903	881163
3484	6067386	1693831
3485	6070870	929294
3486	6074355	1001295
3487	6077841	1074218
3488	6081328	452165
3489	6084816	1299781
3490	6088305	682299
3491	6091795	793976
3492	6095286	943841
3493	6098778	751205
3494	6102271	1213389
3495	6105765	984650
3496	6109260	835855
3497	6112756	962403
3498	6116253	1731311
3499	6119751	1085718
3500	6123250	903805
3501	6126750	988583
3502	6130251	705695
3503	6133753	582826
3504	6137256	895185
3505	6140760	886371
3506	6144265	658670
3507	6147771	1054628
3508	6151278	839936
3509	6154786	1030664
3510	6158295	931190
3511	6161805	995680
3512	6165316	1112786
3513	6168828	987360
3514	6172341	754877
3515	6175855	622693
3516	6179370	972816
3517	6182886	940563
3518	6186403	449478
3519	6189921	1071193
3520	6193440	991535
3521	6196960	794306
3522	6200481	565116
3523	6204003	957035
3524	6207526	948498
3525	6211050	1092659
3526	6214575	1116549
3527	6218101	856233
3528	6221628	1739738
3529	6225156	1075875
3530	6228685	477934
3531	6232215	838400
3532	6235746	1080532
3533	6239278	905680
3534	6242811	1010104
3535	6246345	1388070
3536	6249880	961014
3537	6253416	888464
3538	6256953	1016901
3539	6260491	1106512
3540	6264030	1428965
3541	6267570	1160286
3542	6271111	1197327
3543	6274653	1067738
3544	6278196	869574
3545	6281740	1405841
3546	6285285	1128855
3547	6288831	967386
3548	6292378	868878
3549	6295926	1310789
3550	6299475	910946
3551	6303025	927509
3552	6306576	1951797
3553	6310128	1013766
3554	6313681	811382
3555	6317235	1368967
3556	6320790	960469
3557	6324346	831931
3558	6327903	1264804
3559	6331461	1019905
3560	6335020	1058091
3561	6338580	830281
3562	6342141	1149856
3563	6345703	1037931
3564	6349266	1727885
3565	6352830	749664
3566	6356395	1743584
3567	6359961	1382139
3568	6363528	875509
3569	6367096	1442736
3570	6370665	1197034
3571	6374235	1022560
3572	6377806	993846
3573	6381378	1104629
3574	6384951	1131748
3575	6388525	1089573
3576	6392100	1063782
3577	6395676	745022
3578	6399253	651587
3579	6402831	1009558
3580	6406410	1094353
3581	6409990	1011297
3582	6413571	2113656
3583	6417153	1027441
3584	6420736	1019357
3585	6424320	1074206
3586	6427905	1025294
3587	6431491	947594
3588	6435078	1121885
3589	6438666	852631
3590	6442255	933461
3591	6445845	1022835
3592	6449436	984334
3593	6453028	781550
3594	6456621	1062909
3595	6460215	934725
3596	6463810	1832049
3597	6467406	1404355
3598	6471003	1096359
3599	6474601	1128078
3600	6478200	1101288
3601	6481800	937229
3602	6485401	911673
3603	6489003	1145607
3604	6492606	1088328
3605	6496210	1300344
3606	6499815	1827100
3607	6503421	1326197
3608	6507028	1100411
3609	6510636	1088944
3610	6514245	1126527
3611	6517855	1559812
3612	6521466	1555016
3613	6525078	1116603
3614	6528691	1039793
3615	6532305	1158430
3616	6535920	1099223
3617	6539536	984207
3618	6543153	2260908
3619	6546771	918880
3620	6550390	1119032
3621	6554010	1017065
3622	6557631	1101029
3623	6561253	1067051
3624	6564876	1386166
3625	6568500	1043104
3626	6572125	1334689
3627	6575751	1304983
3628	6579378	1027964
3629	6583006	1260386
3630	6586635	1402724
3631	6590265	1295316
3632	6593896	1214075
3633	6597528	1104487
3634	6601161	1122294
3635	6604795	1025053
3636	6608430	1915932
3637	6612066	1207441
3638	6615703	1099024
3639	6619341	1695600
3640	6622980	1007078
3641	6626620	1281916
3642	6630261	1226357
3643	6633903	1077051
3644	6637546	863937
3645	6641190	1574319
3646	6644835	1164608
3647	6648481	1462408
3648	6652128	2232471
3649	6655776	1123850
3650	6659425	2101888
3651	6663075	1122514
3652	6666726	1014025
3653	6670378	1068320
3654	6674031	1692968
3655	6677685	1039371
3656	6681340	1139949
3657	6684996	1076285
3658	6688653	1211029
3659	6692311	1748713
3660	6695970	1168469
3661	6699630	957700
3662	6703291	925737
3663	6706953	1420317
3664	6710616	974629
3665	6714280	1132235
3666	6717945	1013452
3667	6721611	2064261
3668	6725278	790038
3669	6728946	1563578
3670	6732615	1211633
3671	6736285	1677622
3672	6739956	1018603
3673	6743628	2029268
3674	6747301	1281981
3675	6750975	693922
3676	6754650	1804133
3677	6758326	1069510
3678	6762003	1410198
3679	6765681	1072591
3680	6769360	1162760
3681	6773040	744305
3682	6776721	883004
3683	6780403	2346677
3684	6784086	982734
3685	6787770	1149599
3686	6791455	1049537
3687	6795141	1133178
3688	6798828	1414617
3689	6802516	1245266
3690	6806205	983617
3691	6809895	1682446
3692	6813586	1666571
3693	6817278	1521112
3694	6820971	1127809
3695	6824665	1155100
3696	6828360	742233
3697	6832056	164095
3698	6835753	1338520
3699	6839451	1368183
3700	6843150	1744923
3701	6846850	1154651
3702	6850551	877873
3703	6854253	870240
3704	6857956	839047
3705	6861660	1387274
3706	6865365	982392
3707	6869071	1117460
3708	6872778	858989
3709	6876486	1574156
3710	6880195	2233380
3711	6883905	975414
3712	6887616	1625262
3713	6891328	1375914
3714	6895041	2402605
3715	6898755	1067147
3716	6902470	1383836
3717	6906186	2263134
3718	6909903	1332994
3719	6913621	1066722
3720	6917340	1169082
3721	6921060	1222679
3722	6924781	1594772
3723	6928503	2553760
3724	6932226	1331205
3725	6935950	1315026
3726	6939675	1209997
3727	6943401	1220837
3728	6947128	1335466
3729	6950856	954837
3730	6954585	878070
3731	6958315	1131764
3732	6962046	1372447
3733	6965778	975326
3734	6969511	1235980
3735	6973245	1553517
3736	6976980	1347247
3737	6980716	826310
3738	6984453	1411278
3739	6988191	1309734
3740	6991930	1123353
3741	6995670	1239386
3742	6999411	1248209
3743	7003153	834759
3744	7006896	1222736
3745	7010640	851615
3746	7014385	861722
3747	7018131	784311
3748	7021878	1136905
3749	7025626	1020132
3750	7029375	785395
3751	7033125	1344117
3752	7036876	1159187
3753	7040628	924367
3754	7044381	765777
3755	7048135	1081833
3756	7051890	1277064
3757	7055646	1208934
3758	7059403	1476413
3759	7063161	1471728
3760	7066920	2946205
3761	7070680	1080413
3762	7074441	1582577
3763	7078203	1250437
3764	7081966	2219316
3765	7085730	1432367
3766	7089495	2447808
3767	7093261	1232393
3768	7097028	860450
3769	7100796	1455968
3770	7104565	2550326
3771	7108335	1143216
3772	7112106	1215055
3773	7115878	1331611
3774	7119651	984538
3775	7123425	1426384
3776	7127200	1813116
3777	7130976	1283714
3778	7134753	2179899
3779	7138531	1166352
3780	7142310	911303
3781	7146090	1518869
3782	7149871	1337646
3783	7153653	1213611
3784	7157436	1148332
3785	7161220	1567009
3786	7165005	1177611
3787	7168791	1420763
3788	7172578	1580677
3789	7176366	1094626
3790	7180155	1397929
3791	7183945	780086
3792	7187736	1007064
3793	7191528	1101317
3794	7195321	1817035
3795	7199115	2295422
3796	7202910	2682933
3797	7206706	1109905
3798	7210503	1332161
3799	7214301	1518042
3800	7218100	2528468
3801	7221900	1606914
3802	7225701	1192204
3803	7229503	2261128
3804	7233306	1396153
3805	7237110	1257505
3806	7240915	2822990
3807	7244721	1311044
3808	7248528	1237810
3809	7252336	1900174
3810	7256145	1407147
3811	7259955	1048981
3812	7263766	1251178
3813	7267578	1851195
3814	7271391	2266859
3815	7275205	1131139
3816	7279020	945778
3817	7282836	1445189
3818	7286653	1336601
3819	7290471	1439864
3820	7294290	2331645
3821	7298110	1222311
3822	7301931	1633213
3823	7305753	2443580
3824	7309576	1266237
3825	7313400	2420924
3826	7317225	1362498
3827	7321051	1570944
3828	7324878	3215902
3829	7328706	1138700
3830	7332535	2370341
3831	7336365	1225061
3832	7340196	933842
3833	7344028	858989
3834	7347861	1341775
3835	7351695	2210583
3836	7355530	2570642
3837	7359366	1544977
3838	7363203	2635865
3839	7367041	1300177
3840	7370880	1956874
3841	7374720	3037311
3842	7378561	2060355
3843	7382403	896322
3844	7386246	1107723
3845	7390090	1235065
3846	7393935	1141228
3847	7397781	1184302
3848	7401628	1551466
3849	7405476	1216428
3850	7409325	1943365
3851	7413175	1215816
3852	7417026	1086168
3853	7420878	1885182
3854	7424731	1339574
3855	7428585	1166564
3856	7432440	1234034
3857	7436296	1489694
3858	7440153	1197509
3859	7444011	1213658
3860	7447870	1080436
3861	7451730	1591629
3862	7455591	1829062
3863	7459453	1275573
3864	7463316	2552348
3865	7467180	1602953
3866	7471045	2511762
3867	7474911	1501868
3868	7478778	1589812
3869	7482646	1078454
3870	7486515	1039084
3871	7490385	823120
3872	7494256	1216190
3873	7498128	1117091
3874	7502001	1364743
3875	7505875	1300473
3876	7509750	1932282
3877	7513626	1517029
3878	7517503	1333416
3879	7521381	2539059
3880	7525260	1350520
3881	7529140	1215135
3882	7533021	1339333
3883	7536903	984939
3884	7540786	1323143
3885	7544670	1989156
3886	7548555	1410110
3887	7552441	1245759
3888	7556328	1225977
3889	7560216	1192493
3890	7564105	1290765
3891	7567995	2068310
3892	7571886	2914004
3893	7575778	1274113
3894	7579671	2744642
3895	7583565	3181040
3896	7587460	1389363
3897	7591356	1767433
3898	7595253	1205350
3899	7599151	1938855
3900	7603050	1493285
3901	7606950	2166611
3902	7610851	1280294
3903	7614753	1251559
3904	7618656	1410551
3905	7622560	1165378
3906	7626465	1291822
3907	7630371	1334901
3908	7634278	1420982
3909	7638186	1312968
3910	7642095	1828151
3911	7646005	2413727
3912	7649916	1244562
3913	7653828	1272737
3914	7657741	2766213
3915	7661655	1456547
3916	7665570	1229939
3917	7669486	1129000
3918	7673403	1337596
3919	7677321	1131918
3920	7681240	989649
3921	7685160	1572912
3922	7689081	1901088
3923	7693003	1685358
3924	7696926	2217804
3925	7700850	1338032
3926	7704775	2741858
3927	7708701	1512200
3928	7712628	1940896
3929	7716556	1159296
3930	7720485	1138225
3931	7724415	1425534
3932	7728346	956862
3933	7732278	1620200
3934	7736211	1179121
3935	7740145	1257110
3936	7744080	1904556
3937	7748016	1131507
3938	7751953	1060819
3939	7755891	1719486
3940	7759830	1066680
3941	7763770	2328097
3942	7767711	1542358
3943	7771653	1141040
3944	7775596	1376448
3945	7779540	1296444
3946	7783485	2759908
3947	7787431	1450642
3948	7791378	1113552
3949	7795326	2287075
3950	7799275	3135140
3951	7803225	1300938
3952	7807176	1220061
3953	7811128	2559669
3954	7815081	2239730
3955	7819035	848400
3956	7822990	1842450
3957	7826946	1343233
3958	7830903	1235101
3959	7834861	1914787
3960	7838820	1320273
3961	7842780	1852806
3962	7846741	1224162
3963	7850703	1101249
3964	7854666	1401555
3965	7858630	2084259
3966	7862595	1274900
3967	7866561	2172322
3968	7870528	1381085
3969	7874496	1276969
3970	7878465	2303879
3971	7882435	1192369
3972	7886406	1069742
3973	7890378	992775
3974	7894351	1067729
3975	7898325	1838712
3976	7902300	1390043
3977	7906276	1219569
3978	7910253	3208793
3979	7914231	1573750
3980	7918210	2435293
3981	7922190	1855149
3982	7926171	1209621
3983	7930153	1303656
3984	7934136	1454166
3985	7938120	1082467
3986	7942105	1421955
3987	7946091	2426022
3988	7950078	1330245
3989	7954066	1248133
3990	7958055	1501123
3991	7962045	1138547
3992	7966036	2476735
3993	7970028	1117540
3994	7974021	1126125
3995	7978015	1337983
3996	7982010	2986998
3997	7986006	2434015
3998	7990003	1344710
3999	7994001	1155319
4000	7998000	1138536
4001	8002000	1057594
4002	8006001	2822148
4003	8010003	3090917
4004	8014006	1984407
4005	8018010	1382869
4006	8022015	1885798
4007	8026021	1248657
4008	8030028	1208228
4009	8034036	2175893
4010	8038045	1187755
4011	8042055	2051939
4012	8046066	1642629
4013	8050078	2605910
4014	8054091	1328529
4015	8058105	1543044
4016	8062120	3192411
4017	8066136	1443262
4018	8070153	1180975
4019	8074171	1293903
4020	8078190	1402109
4021	8082210	1746472
4022	8086231	1284302
4023	8090253	2479940
4024	8094276	1143344
4025	8098300	1864810
4026	8102325	2036609
4027	8106351	978639
4028	8110378	1211544
4029	8114406	1576122
4030	8118435	1632401
4031	8122465	1455598
4032	8126496	2290686
4033	8130528	1267469
4034	8134561	989606
4035	8138595	1896427
4036	8142630	3298909
4037	8146666	1445044
4038	8150703	1386785
4039	8154741	1729124
4040	8158780	1083399
4041	8162820	1634786
4042	8166861	1394862
4043	8170903	1069712
4044	8174946	2809019
4045	8178990	2213908
4046	8183035	1337720
4047	8187081	1234017
4048	8191128	1535332
4049	8195176	1108659
4050	8199225	1785257
4051	8203275	1588743
4052	8207326	1930762
4053	8211378	1564636
4054	8215431	2467094
4055	8219485	3610412
4056	8223540	1377262
4057	8227596	1416392
4058	8231653	1223098
4059	8235711	1432543
4060	8239770	1685337
4061	8243830	2966655
4062	8247891	1201079
4063	8251953	1437830
4064	8256016	1481586
4065	8260080	1913003
4066	8264145	1472952
4067	8268211	1327628
4068	8272278	1632548
4069	8276346	1678384
4070	8280415	1234267
4071	8284485	2396991
4072	8288556	1292397
4073	8292628	1187688
4074	8296701	1727190
4075	8300775	1367412
4076	8304850	1139090
4077	8308926	2422777
4078	8313003	2945161
4079	8317081	2652678
4080	8321160	1602744
4081	8325240	1234274
4082	8329321	2350772
4083	8333403	1611038
4084	8337486	1490413
4085	8341570	2487699
4086	8345655	1831536
4087	8349741	1954351
4088	8353828	1966178
4089	8357916	1260559
4090	8362005	1184229
4091	8366095	1913187
4092	8370186	1516295
4093	8374278	1215488
4094	8378371	1398938
4095	8382465	1358814
4096	8386560	2943698
4097	8390656	3759342
4098	8394753	1410168
4099	8398851	3975551
4100	8402950	1677388
4101	8407050	1856176
4102	8411151	2728879
4103	8415253	3019447
4104	8419356	2139280
4105	8423460	1964769
4106	8427565	3776045
4107	8431671	1751309
4108	8435778	3224823
4109	8439886	1514548
4110	8443995	1824438
4111	8448105	1754972
4112	8452216	1822573
4113	8456328	1795145
4114	8460441	3594567
4115	8464555	3470567
4116	8468670	1397189
4117	8472786	3373739
4118	8476903	1554683
4119	8481021	3414622
4120	8485140	1699698
4121	8489260	2109407
4122	8493381	1431431
4123	8497503	2103324
4124	8501626	2448669
4125	8505750	1578767
4126	8509875	3711317
4127	8514001	1570410
4128	8518128	3231513
4129	8522256	1563258
4130	8526385	1296385
4131	8530515	3881612
4132	8534646	1341476
4133	8538778	1402525
4134	8542911	2441772
4135	8547045	1580664
4136	8551180	1442165
4137	8555316	3109174
4138	8559453	3605379
4139	8563591	1639630
4140	8567730	1933645
4141	8571870	2042013
4142	8576011	1739357
4143	8580153	2762130
4144	8584296	1719000
4145	8588440	2282492
4146	8592585	1775244
4147	8596731	1695341
4148	8600878	1769698
4149	8605026	2081065
4150	8609175	1952771
4151	8613325	2087898
4152	8617476	1876973
4153	8621628	3494012
4154	8625781	1623140
4155	8629935	1144582
4156	8634090	2082419
4157	8638246	1748562
4158	8642403	3102983
4159	8646561	1727824
4160	8650720	1973323
4161	8654880	1546673
4162	8659041	2247663
4163	8663203	1573426
4164	8667366	1661838
4165	8671530	1896472
4166	8675695	1636835
4167	8679861	3842122
4168	8684028	1793907
4169	8688196	2829150
4170	8692365	1803499
4171	8696535	2108960
4172	8700706	4251134
4173	8704878	1682960
4174	8709051	2056281
4175	8713225	2276515
4176	8717400	1726543
4177	8721576	1379018
4178	8725753	1362951
4179	8729931	2266076
4180	8734110	1831959
4181	8738290	3332281
4182	8742471	3328016
4183	8746653	1536885
4184	8750836	4087465
4185	8755020	2138760
4186	8759205	1978539
4187	8763391	2656163
4188	8767578	3911894
4189	8771766	3750732
4190	8775955	2462020
4191	8780145	3157093
4192	8784336	1607575
4193	8788528	3183281
4194	8792721	3236700
4195	8796915	2243802
4196	8801110	3337536
4197	8805306	3214620
4198	8809503	1478247
4199	8813701	1805246
4200	8817900	3720421
4201	8822100	3419038
4202	8826301	1684954
4203	8830503	3384017
4204	8834706	1676104
4205	8838910	1818618
4206	8843115	2199979
4207	8847321	1059239
4208	8851528	1640610
4209	8855736	3289835
4210	8859945	1772879
4211	8864155	2084668
4212	8868366	1762889
4213	8872578	1823180
4214	8876791	2279784
4215	8881005	4281481
4216	8885220	1734202
4217	8889436	1519451
4218	8893653	2132617
4219	8897871	1930580
4220	8902090	1578628
4221	8906310	1825076
4222	8910531	1831130
4223	8914753	4461925
4224	8918976	2191897
4225	8923200	3671721
4226	8927425	1553407
4227	8931651	3583659
4228	8935878	2403798
4229	8940106	1970437
4230	8944335	3629440
4231	8948565	1449825
4232	8952796	2374380
4233	8957028	1757318
4234	8961261	3344768
4235	8965495	3731104
4236	8969730	1713033
4237	8973966	1917833
4238	8978203	2022342
4239	8982441	1947522
4240	8986680	3952727
4241	8990920	2573435
4242	8995161	3480033
4243	8999403	3878889
4244	9003646	1606649
4245	9007890	1727597
4246	9012135	1694117
4247	9016381	3459544
4248	9020628	2250225
4249	9024876	1982729
4250	9029125	1751565
4251	9033375	1981037
4252	9037626	3069370
4253	9041878	1948599
4254	9046131	1181143
4255	9050385	1589336
4256	9054640	3268212
4257	9058896	3295728
4258	9063153	1526779
4259	9067411	3501126
4260	9071670	1587920
4261	9075930	1680561
4262	9080191	3459897
4263	9084453	1786948
4264	9088716	1560690
4265	9092980	1370697
4266	9097245	1091900
4267	9101511	3495996
4268	9105778	3542014
4269	9110046	2237744
4270	9114315	1685871
4271	9118585	3435057
4272	9122856	1819475
4273	9127128	2054774
4274	9131401	1388165
4275	9135675	2174049
4276	9139950	2099105
4277	9144226	2607316
4278	9148503	3012998
4279	9152781	2458737
4280	9157060	3150424
4281	9161340	3067618
4282	9165621	1278477
4283	9169903	1512456
4284	9174186	2664776
4285	9178470	2772487
4286	9182755	2492739
4287	9187041	1825736
4288	9191328	3737689
4289	9195616	3639056
4290	9199905	2111505
4291	9204195	3223919
4292	9208486	3899423
4293	9212778	1709807
4294	9217071	3080651
4295	9221365	3987481
4296	9225660	2927745
4297	9229956	1866137
4298	9234253	2361869
4299	9238551	2449859
4300	9242850	1827447
4301	9247150	3856651
4302	9251451	1943605
4303	9255753	2171048
4304	9260056	2867951
4305	9264360	1538171
4306	9268665	2230915
4307	9272971	2254492
4308	9277278	2154239
4309	9281586	3802015
4310	9285895	2026940
4311	9290205	1861486
4312	9294516	3717506
4313	9298828	2012510
4314	9303141	4026418
4315	9307455	1795452
4316	9311770	2708301
4317	9316086	1425020
4318	9320403	1880416
4319	9324721	1837318
4320	9329040	3244956
4321	9333360	3592038
4322	9337681	2338440
4323	9342003	3457894
4324	9346326	1778688
4325	9350650	1557584
4326	9354975	4284725
4327	9359301	1875993
4328	9363628	2321889
4329	9367956	2818083
4330	9372285	1432582
4331	9376615	2713046
4332	9380946	1421231
4333	9385278	2181775
4334	9389611	3069842
4335	9393945	2081920
4336	9398280	2068305
4337	9402616	3981120
4338	9406953	1689418
4339	9411291	3596144
4340	9415630	3535121
4341	9419970	1517139
4342	9424311	1526564
4343	9428653	1156715
4344	9432996	1213492
4345	9437340	2305308
4346	9441685	3027292
4347	9446031	1594442
4348	9450378	1724958
4349	9454726	4430751
4350	9459075	1765083
4351	9463425	3748335
4352	9467776	4044999
4353	9472128	1755078
4354	9476481	1960106
4355	9480835	2275545
4356	9485190	2041059
4357	9489546	2008383
4358	9493903	3495411
4359	9498261	1858425
4360	9502620	1681604
4361	9506980	1721857
4362	9511341	3324829
4363	9515703	1930106
4364	9520066	3499060
4365	9524430	2325721
4366	9528795	2108052
4367	9533161	1833361
4368	9537528	2261324
4369	9541896	3061574
4370	9546265	1631724
4371	9550635	1881228
4372	9555006	2825016
4373	9559378	5241785
4374	9563751	1893726
4375	9568125	1837713
4376	9572500	2341554
4377	9576876	1510203
4378	9581253	2241277
4379	9585631	2009180
4380	9590010	3005072
4381	9594390	3187607
4382	9598771	1880612
4383	9603153	1898069
4384	9607536	1808045
4385	9611920	2073796
4386	9616305	1923476
4387	9620691	2453481
4388	9625078	3091940
4389	9629466	1795378
4390	9633855	2316569
4391	9638245	3975989
4392	9642636	1901278
4393	9647028	4209901
4394	9651421	3532245
4395	9655815	1959761
4396	9660210	2118341
4397	9664606	1770777
4398	9669003	2064781
4399	9673401	3079425
4400	9677800	1301342
4401	9682200	3728458
4402	9686601	2040366
4403	9691003	2587655
4404	9695406	4372374
4405	9699810	1972894
4406	9704215	2016810
4407	9708621	3491680
4408	9713028	1812254
4409	9717436	1952023
4410	9721845	2406914
4411	9726255	1984165
4412	9730666	2640729
4413	9735078	1891727
4414	9739491	3464975
4415	9743905	2273035
4416	9748320	2033954
4417	9752736	3353315
4418	9757153	1947347
4419	9761571	1615786
4420	9765990	1964337
4421	9770410	1957294
4422	9774831	1799154
4423	9779253	1981399
4424	9783676	2740748
4425	9788100	1353530
4426	9792525	3900381
4427	9796951	1894057
4428	9801378	2151925
4429	9805806	2201575
4430	9810235	1916843
4431	9814665	2655571
4432	9819096	1430234
4433	9823528	3018570
4434	9827961	1837265
4435	9832395	1496262
4436	9836830	1455036
4437	9841266	2296226
4438	9845703	1414209
4439	9850141	2149120
4440	9854580	2384705
4441	9859020	1894836
4442	9863461	2993224
4443	9867903	3793660
4444	9872346	4530108
4445	9876790	3187693
4446	9881235	3184643
4447	9885681	2302861
4448	9890128	2019946
4449	9894576	4018442
4450	9899025	1952045
4451	9903475	2038330
4452	9907926	2630859
4453	9912378	1625364
4454	9916831	2132911
4455	9921285	1606085
4456	9925740	1330801
4457	9930196	1901262
4458	9934653	4394086
4459	9939111	4268987
4460	9943570	2705912
4461	9948030	2615927
4462	9952491	2176457
4463	9956953	2396735
4464	9961416	1975079
4465	9965880	3610903
4466	9970345	2107003
4467	9974811	1685761
4468	9979278	2141092
4469	9983746	2920779
4470	9988215	1797209
4471	9992685	1995753
4472	9997156	2334971
4473	10001628	2726476
4474	10006101	1538340
4475	10010575	2169438
4476	10015050	2026963
4477	10019526	3432728
4478	10024003	1917967
4479	10028481	1624012
4480	10032960	2004043
4481	10037440	2158946
4482	10041921	1432121
4483	10046403	1317089
4484	10050886	1960932
4485	10055370	1850560
4486	10059855	1207508
4487	10064341	1744926
4488	10068828	1331275
4489	10073316	2159052
4490	10077805	2270701
4491	10082295	1875096
4492	10086786	1794706
4493	10091278	2161980
4494	10095771	1785591
4495	10100265	4251454
4496	10104760	2384885
4497	10109256	2924325
4498	10113753	2230731
4499	10118251	2667165
4500	10122750	1920075
4501	10127250	3502179
4502	10131751	1796138
4503	10136253	1967694
4504	10140756	2783812
4505	10145260	4054554
4506	10149765	4621906
4507	10154271	1455392
4508	10158778	2537742
4509	10163286	2548834
4510	10167795	2068672
4511	10172305	3915643
4512	10176816	1912172
4513	10181328	2528339
4514	10185841	4145643
4515	10190355	4521200
4516	10194870	2200451
4517	10199386	2284199
4518	10203903	2104431
4519	10208421	1371856
4520	10212940	1962571
4521	10217460	2240053
4522	10221981	1299146
4523	10226503	2158636
4524	10231026	1829217
4525	10235550	2074495
4526	10240075	2314276
4527	10244601	2504070
4528	10249128	2174839
4529	10253656	4819924
4530	10258185	2677473
4531	10262715	3847610
4532	10267246	4320196
4533	10271778	3726256
4534	10276311	1824020
4535	10280845	2659626
4536	10285380	4951618
4537	10289916	2077279
4538	10294453	2618313
4539	10298991	2050324
4540	10303530	2204914
4541	10308070	3834520
4542	10312611	2596135
4543	10317153	2822041
4544	10321696	2498452
4545	10326240	2036371
4546	10330785	1853680
4547	10335331	2010758
4548	10339878	2312189
4549	10344426	2359402
4550	10348975	1992056
4551	10353525	2643071
4552	10358076	1297695
4553	10362628	1235614
4554	10367181	4233611
4555	10371735	1921053
4556	10376290	1534871
4557	10380846	2399321
4558	10385403	4074394
4559	10389961	2132786
4560	10394520	3214405
4561	10399080	2033947
4562	10403641	2533534
4563	10408203	1887945
4564	10412766	1827737
4565	10417330	1466844
4566	10421895	3363780
4567	10426461	3835778
4568	10431028	2298523
4569	10435596	2109067
4570	10440165	3622973
4571	10444735	2436215
4572	10449306	2197854
4573	10453878	1500174
4574	10458451	1264191
4575	10463025	1338065
4576	10467600	2167230
4577	10472176	3843842
4578	10476753	2094889
4579	10481331	2462871
4580	10485910	2010275
4581	10490490	2165312
4582	10495071	2175440
4583	10499653	4644642
4584	10504236	1976415
4585	10508820	1379726
4586	10513405	2328994
4587	10517991	1877507
4588	10522578	1500976
4589	10527166	1400339
4590	10531755	3886124
4591	10536345	2249837
4592	10540936	2106850
4593	10545528	3387906
4594	10550121	3325733
4595	10554715	2600431
4596	10559310	2032591
4597	10563906	2481838
4598	10568503	2428129
4599	10573101	2572248
4600	10577700	2668292
4601	10582300	4393230
4602	10586901	2853865
4603	10591503	2109168
4604	10596106	2083333
4605	10600710	3059948
4606	10605315	3302875
4607	10609921	5074395
4608	10614528	2131290
4609	10619136	3021030
4610	10623745	1651782
4611	10628355	2674622
4612	10632966	2254190
4613	10637578	4180659
4614	10642191	2022875
4615	10646805	1855980
4616	10651420	1650679
4617	10656036	4191289
4618	10660653	1957706
4619	10665271	1874117
4620	10669890	1915705
4621	10674510	2130878
4622	10679131	3055373
4623	10683753	1569137
4624	10688376	3576731
4625	10693000	2244777
4626	10697625	3861392
4627	10702251	1851315
4628	10706878	2944530
4629	10711506	3879085
4630	10716135	4838151
4631	10720765	1849586
4632	10725396	4016184
4633	10730028	4060203
4634	10734661	3639295
4635	10739295	1756536
4636	10743930	1552613
4637	10748566	2856645
4638	10753203	1958618
4639	10757841	3399722
4640	10762480	1854186
4641	10767120	1616728
4642	10771761	2903285
4643	10776403	2143768
4644	10781046	1495373
4645	10785690	1246488
4646	10790335	1321970
4647	10794981	2434696
4648	10799628	3353244
4649	10804276	5158807
4650	10808925	2102186
4651	10813575	4354105
4652	10818226	2392386
4653	10822878	2324339
4654	10827531	1895802
4655	10832185	2094808
4656	10836840	2273220
4657	10841496	2217546
4658	10846153	2243952
4659	10850811	1812112
4660	10855470	3698173
4661	10860130	2297403
4662	10864791	4374402
4663	10869453	4826744
4664	10874116	2859082
4665	10878780	2092875
4666	10883445	4250972
4667	10888111	1867311
4668	10892778	3293506
4669	10897446	2457742
4670	10902115	2117036
4671	10906785	2760595
4672	10911456	3326844
4673	10916128	2389864
4674	10920801	2381255
4675	10925475	4827399
4676	10930150	2243547
4677	10934826	2620643
4678	10939503	6781817
4679	10944181	3053644
4680	10948860	4792497
4681	10953540	1838223
4682	10958221	1836931
4683	10962903	4567067
4684	10967586	2608549
4685	10972270	5086315
4686	10976955	2033350
4687	10981641	3188886
4688	10986328	4533340
4689	10991016	4366844
4690	10995705	4333013
4691	11000395	3974513
4692	11005086	2390556
4693	11009778	3336505
4694	11014471	3298294
4695	11019165	2747427
4696	11023860	2141255
4697	11028556	2139777
4698	11033253	4128932
4699	11037951	1680770
4700	11042650	1634672
4701	11047350	4005195
4702	11052051	1841024
4703	11056753	1412879
4704	11061456	4199521
4705	11066160	1960764
4706	11070865	2781500
4707	11075571	2317414
4708	11080278	2293384
4709	11084986	4186548
4710	11089695	2580128
4711	11094405	2172438
4712	11099116	5686949
4713	11103828	1980243
4714	11108541	4335207
4715	11113255	2036633
4716	11117970	5186996
4717	11122686	1607957
4718	11127403	2220786
4719	11132121	2573050
4720	11136840	2281463
4721	11141560	2427315
4722	11146281	2317077
4723	11151003	2376067
4724	11155726	4074688
4725	11160450	2290588
4726	11165175	2201222
4727	11169901	3585028
4728	11174628	3451501
4729	11179356	2069542
4730	11184085	4090718
4731	11188815	2247117
4732	11193546	4421275
4733	11198278	2127054
4734	11203011	1868587
4735	11207745	2583800
4736	11212480	2269568
4737	11217216	4581602
4738	11221953	2460638
4739	11226691	3101862
4740	11231430	2006075
4741	11236170	2365737
4742	11240911	1368067
4743	11245653	1290965
4744	11250396	1655543
4745	11255140	3862702
4746	11259885	2174569
4747	11264631	2605000
4748	11269378	2443095
4749	11274126	4780119
4750	11278875	2524163
4751	11283625	2450542
4752	11288376	2057852
4753	11293128	2251863
4754	11297881	3493848
4755	11302635	3839810
4756	11307390	4606624
4757	11312146	1924431
4758	11316903	5293848
4759	11321661	2501686
4760	11326420	4385567
4761	11331180	4664967
4762	11335941	3571551
4763	11340703	1565115
4764	11345466	3963995
4765	11350230	2188450
4766	11354995	4434575
4767	11359761	2233623
4768	11364528	4391454
4769	11369296	2606844
4770	11374065	3593843
4771	11378835	4920053
4772	11383606	2403718
4773	11388378	2529692
4774	11393151	2107270
4775	11397925	2918956
4776	11402700	2318071
4777	11407476	2491365
4778	11412253	2720255
4779	11417031	2434492
4780	11421810	4917722
4781	11426590	2775159
4782	11431371	4922568
4783	11436153	2195942
4784	11440936	4508447
4785	11445720	2114649
4786	11450505	2308017
4787	11455291	2459110
4788	11460078	2873582
4789	11464866	2178673
4790	11469655	1836067
4791	11474445	2522727
4792	11479236	4398143
4793	11484028	2603479
4794	11488821	2215492
4795	11493615	4923478
4796	11498410	2431837
4797	11503206	2647230
4798	11508003	2083430
4799	11512801	2522894
4800	11517600	2252007
4801	11522400	2075901
4802	11527201	1696046
4803	11532003	2380148
4804	11536806	2091109
4805	11541610	3553468
4806	11546415	4552896
4807	11551221	3851163
4808	11556028	2006741
4809	11560836	2519092
4810	11565645	2576679
4811	11570455	2088335
4812	11575266	1399011
4813	11580078	2859493
4814	11584891	2862316
4815	11589705	2449685
4816	11594520	2471057
4817	11599336	4473425
4818	11604153	2222632
4819	11608971	4220650
4820	11613790	2246116
4821	11618610	2678758
4822	11623431	2478074
4823	11628253	2732696
4824	11633076	2102190
4825	11637900	3974982
4826	11642725	2313185
4827	11647551	1907547
4828	11652378	2356321
4829	11657206	3092785
4830	11662035	3163554
4831	11666865	2392125
4832	11671696	4819102
4833	11676528	3102118
4834	11681361	2763313
4835	11686195	2081192
4836	11691030	3418353
4837	11695866	1975793
4838	11700703	3653043
4839	11705541	2389574
4840	11710380	2758857
4841	11715220	3843376
4842	11720061	4097537
4843	11724903	2181510
4844	11729746	2798374
4845	11734590	5499368
4846	11739435	2330396
4847	11744281	2533245
4848	11749128	1933519
4849	11753976	2386114
4850	11758825	4821259
4851	11763675	2121468
4852	11768526	2112349
4853	11773378	2493697
4854	11778231	3164586
4855	11783085	2360018
4856	11787940	2642483
4857	11792796	2093609
4858	11797653	2222716
4859	11802511	4935392
4860	11807370	3104458
4861	11812230	2359112
4862	11817091	5877568
4863	11821953	2930841
4864	11826816	6358274
4865	11831680	2099349
4866	11836545	2874738
4867	11841411	2698324
4868	11846278	2179776
4869	11851146	3366958
4870	11856015	2061978
4871	11860885	2105716
4872	11865756	1760371
4873	11870628	4592101
4874	11875501	3172710
4875	11880375	5686769
4876	11885250	2985165
4877	11890126	4977191
4878	11895003	4387867
4879	11899881	3289858
4880	11904760	2516050
4881	11909640	6223952
4882	11914521	6588455
4883	11919403	4158118
4884	11924286	4551334
4885	11929170	4326479
4886	11934055	3239734
4887	11938941	6471095
4888	11943828	3509727
4889	11948716	4455982
4890	11953605	2235231
4891	11958495	2638097
4892	11963386	2402947
4893	11968278	3704371
4894	11973171	2018399
4895	11978065	1566519
4896	11982960	1517716
4897	11987856	3015657
4898	11992753	3194135
4899	11997651	2382010
4900	12002550	4100798
4901	12007450	2389090
4902	12012351	2146742
4903	12017253	2265780
4904	12022156	5238546
4905	12027060	2283258
4906	12031965	3493899
4907	12036871	3614363
4908	12041778	2213950
4909	12046686	2438948
4910	12051595	2555762
4911	12056505	4943010
4912	12061416	2630452
4913	12066328	2181202
4914	12071241	2557814
4915	12076155	2578459
4916	12081070	6642789
4917	12085986	3300143
4918	12090903	22666049
4919	12095821	15563978
4920	12100740	16703097
4921	12105660	4996632
4922	12110581	7973680
4923	12115503	5068955
