100	4950	265
101	5050	44
102	5151	36
103	5253	37
104	5356	357
105	5460	234
106	5565	30
107	5671	44
108	5778	48
109	5886	67
110	5995	55
111	6105	46
112	6216	36
113	6328	150
114	6441	40
115	6555	203
116	6670	324
117	6786	38
118	6903	71
119	7021	245
120	7140	61
121	7260	49
122	7381	34
123	7503	67
124	7626	58
125	7750	59
126	7875	453
127	8001	39
128	8128	409
129	8256	69
130	8385	77
131	8515	52
132	8646	82
133	8778	475
134	8911	51
135	9045	66
136	9180	62
137	9316	45
138	9453	74
139	9591	48
140	9730	50
141	9870	51
142	10011	79
143	10153	54
144	10296	85
145	10440	81
146	10585	62
147	10731	61
148	10878	76
149	11026	61
150	11175	234
151	11325	56
152	11476	74
153	11628	91
154	11781	62
155	11935	90
156	12090	95
157	12246	104
158	12403	630
159	12561	95
160	12720	65
161	12880	86
162	13041	431
163	13203	455
164	13366	105
165	13530	278
166	13695	83
167	13861	99
168	14028	78
169	14196	113
170	14365	147
171	14535	112
172	14706	88
173	14878	63
174	15051	119
175	15225	148
176	15400	118
177	15576	110
178	15753	180
179	15931	691
180	16110	113
181	16290	1463
182	16471	93
183	16653	378
184	16836	96
185	17020	138
186	17205	184
187	17391	102
188	17578	413
189	17766	143
190	17955	129
191	18145	86
192	18336	133
193	18528	107
194	18721	103
195	18915	140
196	19110	115
197	19306	138
198	19503	98
199	19701	142
200	19900	103
201	20100	86
202	20301	216
203	20503	94
204	20706	145
205	20910	161
206	21115	668
207	21321	467
208	21528	1029
209	21736	1112
210	21945	138
211	22155	146
212	22366	182
213	22578	146
214	22791	127
215	23005	117
216	23220	568
217	23436	194
218	23653	176
219	23871	114
220	24090	165
221	24310	151
222	24531	836
223	24753	666
224	24976	177
225	25200	1210
226	25425	197
227	25651	241
228	25878	705
229	26106	436
230	26335	907
231	26565	194
232	26796	139
233	27028	258
234	27261	159
235	27495	213
236	27730	156
237	27966	157
238	28203	249
239	28441	195
240	28680	193
241	28920	235
242	29161	163
243	29403	2840
244	29646	263
245	29890	141
246	30135	268
247	30381	201
248	30628	149
249	30876	235
250	31125	189
251	31375	166
252	31626	201
253	31878	154
254	32131	241
255	32385	155
256	32640	2140
257	32896	257
258	33153	250
259	33411	263
260	33670	167
261	33930	283
262	34191	215
263	34453	421
264	34716	1095
265	34980	279
266	35245	658
267	35511	299
268	35778	291
269	36046	846
270	36315	317
271	36585	462
272	36856	235
273	37128	595
274	37401	447
275	37675	1558
276	37950	300
277	38226	428
278	38503	192
279	38781	239
280	39060	852
281	39340	189
282	39621	849
283	39903	275
284	40186	261
285	40470	702
286	40755	346
287	41041	206
288	41328	196
289	41616	412
290	41905	459
291	42195	1729
292	42486	1817
293	42778	437
294	43071	323
295	43365	1760
296	43660	229
297	43956	341
298	44253	305
299	44551	2513
300	44850	231
301	45150	227
302	45451	605
303	45753	355
304	46056	366
305	46360	221
306	46665	308
307	46971	325
308	47278	632
309	47586	339
310	47895	284
311	48205	372
312	48516	439
313	48828	300
314	49141	374
315	49455	387
316	49770	263
317	50086	600
318	50403	574
319	50721	838
320	51040	258
321	51360	313
322	51681	240
323	52003	305
324	52326	422
325	52650	359
326	52975	337
327	53301	449
328	53628	258
329	53956	321
330	54285	286
331	54615	475
332	54946	409
333	55278	605
334	55611	541
335	55945	321
336	56280	330
337	56616	1172
338	56953	347
339	57291	310
340	57630	394
341	57970	709
342	58311	715
343	58653	302
344	58996	366
345	59340	314
346	59685	289
347	60031	341
348	60378	297
349	60726	335
350	61075	4349
351	61425	402
352	61776	270
353	62128	867
354	62481	345
355	62835	313
356	63190	480
357	63546	789
358	63903	323
359	64261	1205
360	64620	707
361	64980	964
362	65341	322
363	65703	1386
364	66066	484
365	66430	431
366	66795	390
367	67161	755
368	67528	309
369	67896	319
370	68265	303
371	68635	296
372	69006	423
373	69378	344
374	69751	477
375	70125	1379
376	70500	1904
377	70876	407
378	71253	721
379	71631	483
380	72010	592
381	72390	412
382	72771	328
383	73153	609
384	73536	435
385	73920	464
386	74305	558
387	74691	396
388	75078	3583
389	75466	521
390	75855	808
391	76245	3415
392	76636	390
393	77028	414
394	77421	428
395	77815	349
396	78210	433
397	78606	419
398	79003	386
399	79401	386
400	79800	535
401	80200	437
402	80601	635
403	81003	634
404	81406	4840
405	81810	408
406	82215	375
407	82621	383
408	83028	620
409	83436	720
410	83845	1264
411	84255	4911
412	84666	3190
413	85078	400
414	85491	411
415	85905	413
416	86320	457
417	86736	429
418	87153	423
419	87571	460
420	87990	3222
421	88410	433
422	88831	819
423	89253	443
424	89676	431
425	90100	701
426	90525	453
427	90951	431
428	91378	471
429	91806	526
430	92235	4439
431	92665	680
432	93096	785
433	93528	500
434	93961	783
435	94395	920
436	94830	576
437	95266	1649
438	95703	579
439	96141	576
440	96580	2273
441	97020	1045
442	97461	640
443	97903	849
444	98346	582
445	98790	625
446	99235	2118
447	99681	658
448	100128	551
449	100576	548
450	101025	555
451	101475	729
452	101926	1375
453	102378	580
454	102831	881
455	103285	874
456	103740	770
457	104196	1198
458	104653	3892
459	105111	2981
460	105570	670
461	106030	770
462	106491	4687
463	106953	614
464	107416	606
465	107880	859
466	108345	616
467	108811	693
468	109278	631
469	109746	1802
470	110215	1709
471	110685	655
472	111156	983
473	111628	702
474	112101	757
475	112575	1144
476	113050	1102
477	113526	664
478	114003	704
479	114481	1136
480	114960	737
481	115440	1251
482	115921	957
483	116403	640
484	116886	661
485	117370	675
486	117855	715
487	118341	2579
488	118828	722
489	119316	697
490	119805	803
491	120295	1029
492	120786	823
493	121278	908
494	121771	673
495	122265	5593
496	122760	1781
497	123256	1139
498	123753	1704
499	124251	2831
500	124750	2990
501	125250	1566
502	125751	1345
503	126253	716
504	126756	1306
505	127260	7403
506	127765	890
507	128271	1394
508	128778	1366
509	129286	1271
510	129795	2135
511	130305	2760
512	130816	1236
513	131328	1338
514	131841	878
515	132355	791
516	132870	2923
517	133386	937
518	133903	820
519	134421	1428
520	134940	866
521	135460	1029
522	135981	1093
523	136503	3737
524	137026	817
525	137550	7850
526	138075	883
527	138601	2962
528	139128	833
529	139656	770
530	140185	1506
531	140715	893
532	141246	2341
533	141778	6612
534	142311	1381
535	142845	829
536	143380	1141
537	143916	1000
538	144453	1023
539	144991	1097
540	145530	941
541	146070	1285
542	146611	1568
543	147153	1106
544	147696	886
545	148240	760
546	148785	1049
547	149331	1294
548	149878	1341
549	150426	2721
550	150975	10624
551	151525	6786
552	152076	1699
553	152628	1066
554	153181	926
555	153735	4039
556	154290	912
557	154846	935
558	155403	10941
559	155961	971
560	156520	1487
561	157080	908
562	157641	869
563	158203	2743
564	158766	988
565	159330	1151
566	159895	972
567	160461	845
568	161028	858
569	161596	3617
570	162165	5491
571	162735	1849
572	163306	11346
573	163878	1039
574	164451	4622
575	165025	1184
576	165600	896
577	166176	1657
578	166753	910
579	167331	11821
580	167910	3276
581	168490	7435
582	169071	961
583	169653	1467
584	170236	1451
585	170820	1028
586	171405	3825
587	171991	993
588	172578	982
589	173166	8048
590	173755	885
591	174345	1572
592	174936	1289
593	175528	7540
594	176121	1153
595	176715	1432
596	177310	1661
597	177906	1048
598	178503	4675
599	179101	1429
600	179700	1110
601	180300	1880
602	180901	1055
603	181503	1040
604	182106	1068
605	182710	1079
606	183315	1017
607	183921	7257
608	184528	1650
609	185136	2185
610	185745	1812
611	186355	1334
612	186966	5168
613	187578	4221
614	188191	1130
615	188805	1142
616	189420	1126
617	190036	1476
618	190653	4018
619	191271	1288
620	191890	1121
621	192510	6531
622	193131	1214
623	193753	2691
624	194376	1368
625	195000	1195
626	195625	2716
627	196251	5046
628	196878	1433
629	197506	1210
630	198135	1137
631	198765	1188
632	199396	1190
633	200028	1085
634	200661	1627
635	201295	1180
636	201930	1124
637	202566	1252
638	203203	3914
639	203841	1537
640	204480	1278
641	205120	1301
642	205761	2118
643	206403	1215
644	207046	1793
645	207690	1291
646	208335	1822
647	208981	1892
648	209628	1644
649	210276	1255
650	210925	1166
651	211575	1142
652	212226	1349
653	212878	2066
654	213531	1571
655	214185	4950
656	214840	1685
657	215496	1272
658	216153	1863
659	216811	1383
660	217470	1403
661	218130	1285
662	218791	1425
663	219453	1318
664	220116	1378
665	220780	1696
666	221445	1353
667	222111	1733
668	222778	1204
669	223446	1172
670	224115	1309
671	224785	1192
672	225456	1251
673	226128	1331
674	226801	1283
675	227475	2171
676	228150	1329
677	228826	4221
678	229503	1380
679	230181	1997
680	230860	1345
681	231540	7113
682	232221	2106
683	232903	4200
684	233586	5572
685	234270	1400
686	234955	1585
687	235641	1215
688	236328	2113
689	237016	3264
690	237705	1413
691	238395	2205
692	239086	1384
693	239778	1458
694	240471	2005
695	241165	2951
696	241860	1360
697	242556	1443
698	243253	1412
699	243951	7735
700	244650	1485
701	245350	1391
702	246051	2242
703	246753	2044
704	247456	1538
705	248160	1530
706	248865	1394
707	249571	1542
708	250278	1380
709	250986	1444
710	251695	1362
711	252405	1531
712	253116	1993
713	253828	2116
714	254541	1695
715	255255	1502
716	255970	1577
717	256686	2390
718	257403	1689
719	258121	2369
720	258840	2328
721	259560	1909
722	260281	6263
723	261003	1426
724	261726	1939
725	262450	1793
726	263175	12783
727	263901	1715
728	264628	1481
729	265356	1468
730	266085	1438
731	266815	2945
732	267546	6057
733	268278	1556
734	269011	2023
735	269745	1510
736	270480	1388
737	271216	2755
738	271953	1396
739	272691	1492
740	273430	1550
741	274170	3833
742	274911	4064
743	275653	2687
744	276396	1589
745	277140	2232
746	277885	1512
747	278631	2661
748	279378	3221
749	280126	12953
750	280875	1705
751	281625	1777
752	282376	2041
753	283128	1666
754	283881	1660
755	284635	1705
756	285390	4924
757	286146	1385
758	286903	1571
759	287661	1984
760	288420	1987
761	289180	1626
762	289941	2258
763	290703	2695
764	291466	3497
765	292230	1658
766	292995	1704
767	293761	1822
768	294528	1688
769	295296	1535
770	296065	1560
771	296835	1758
772	297606	2575
773	298378	1540
774	299151	1712
775	299925	1720
776	300700	1582
777	301476	1552
778	302253	1910
779	303031	10518
780	303810	1904
781	304590	1760
782	305371	3080
783	306153	3011
784	306936	1698
785	307720	1936
786	308505	1775
787	309291	1883
788	310078	3375
789	310866	1813
790	311655	1686
791	312445	1841
792	313236	1682
793	314028	1845
794	314821	1601
795	315615	10310
796	316410	2837
797	317206	2350
798	318003	1683
799	318801	8964
800	319600	2791
801	320400	1732
802	321201	1818
803	322003	1996
804	322806	1733
805	323610	1883
806	324415	1567
807	325221	1666
808	326028	1779
809	326836	4906
810	327645	1754
811	328455	2867
812	329266	1842
813	330078	2947
814	330891	16304
815	331705	1815
816	332520	3308
817	333336	2348
818	334153	2089
819	334971	2145
820	335790	8789
821	336610	2308
822	337431	2146
823	338253	1902
824	339076	2612
825	339900	2305
826	340725	2584
827	341551	2364
828	342378	3007
829	343206	2462
830	344035	1824
831	344865	2332
832	345696	1875
833	346528	2141
834	347361	1996
835	348195	3004
836	349030	11026
837	349866	1939
838	350703	1736
839	351541	2001
840	352380	1951
841	353220	2004
842	354061	1891
843	354903	1738
844	355746	1789
845	356590	2106
846	357435	2116
847	358281	1875
848	359128	2720
849	359976	2137
850	360825	1789
851	361675	3149
852	362526	1692
853	363378	2556
854	364231	2190
855	365085	3047
856	365940	1896
857	366796	1793
858	367653	1857
859	368511	2408
860	369370	2913
861	370230	3454
862	371091	3155
863	371953	1913
864	372816	2322
865	373680	2429
866	374545	3665
867	375411	2384
868	376278	2510
869	377146	4100
870	378015	3139
871	378885	4163
872	379756	2305
873	380628	4395
874	381501	2298
875	382375	2412
876	383250	2591
877	384126	2404
878	385003	4377
879	385881	5884
880	386760	2375
881	387640	2366
882	388521	2393
883	389403	2349
884	390286	4285
885	391170	9898
886	392055	3005
887	392941	2333
888	393828	5221
889	394716	5095
890	395605	2250
891	396495	2493
892	397386	2317
893	398278	2514
894	399171	2537
895	400065	2443
896	400960	6863
897	401856	2503
898	402753	2759
899	403651	3810
900	404550	3554
901	405450	3728
902	406351	2498
903	407253	3239
904	408156	2344
905	409060	2441
906	409965	2691
907	410871	2540
908	411778	3157
909	412686	4006
910	413595	2592
911	414505	3973
912	415416	2655
913	416328	2537
914	417241	2293
915	418155	3041
916	419070	3622
917	419986	3894
918	420903	2559
919	421821	2604
920	422740	4334
921	423660	5934
922	424581	4035
923	425503	2757
924	426426	2606
925	427350	4033
926	428275	3348
927	429201	4502
928	430128	2699
929	431056	4681
930	431985	4318
931	432915	2934
932	433846	5888
933	434778	4220
934	435711	6339
935	436645	2645
936	437580	2872
937	438516	2600
938	439453	12867
939	440391	4447
940	441330	4456
941	442270	2677
942	443211	7246
943	444153	2657
944	445096	4062
945	446040	4868
946	446985	2661
947	447931	6916
948	448878	7691
949	449826	2488
950	450775	4546
951	451725	2583
952	452676	2670
953	453628	4152
954	454581	4016
955	455535	2674
956	456490	2910
957	457446	4214
958	458403	10510
959	459361	5780
960	460320	2836
961	461280	3757
962	462241	4015
963	463203	25387
964	464166	2853
965	465130	4312
966	466095	5016
967	467061	2724
968	468028	2777
969	468996	2813
970	469965	2928
971	470935	2925
972	471906	4891
973	472878	4444
974	473851	6037
975	474825	2626
976	475800	3104
977	476776	17681
978	477753	2993
979	478731	5314
980	479710	2716
981	480690	3063
982	481671	5203
983	482653	2821
984	483636	2892
985	484620	2828
986	485605	4924
987	486591	2891
988	487578	3413
989	488566	2738
990	489555	2886
991	490545	3748
992	491536	6677
993	492528	2764
994	493521	5072
995	494515	2984
996	495510	5143
997	496506	4889
998	497503	4318
999	498501	7025
1000	499500	2740
1001	500500	4703
1002	501501	6092
1003	502503	3528
1004	503506	3163
1005	504510	5193
1006	505515	3173
1007	506521	3804
1008	507528	3024
1009	508536	3712
1010	509545	3034
1011	510555	5939
1012	511566	3066
1013	512578	3005
1014	513591	2861
1015	514605	3489
1016	515620	3062
1017	516636	3062
1018	517653	3251
1019	518671	4448
1020	519690	2928
1021	520710	5373
1022	521731	6900
1023	522753	5824
1024	523776	4498
1025	524800	2849
1026	525825	3095
1027	526851	4807
1028	527878	3036
1029	528906	2898
1030	529935	2909
1031	530965	2933
1032	531996	4355
1033	533028	3170
1034	534061	4316
1035	535095	3296
1036	536130	2770
1037	537166	2827
1038	538203	6067
1039	539241	3673
1040	540280	2900
1041	541320	2976
1042	542361	10759
1043	543403	3021
1044	544446	3161
1045	545490	6465
1046	546535	2919
1047	547581	3026
1048	548628	3131
1049	549676	3125
1050	550725	2872
1051	551775	2950
1052	552826	2954
1053	553878	2891
1054	554931	4520
1055	555985	2910
1056	557040	2991
1057	558096	4518
1058	559153	3497
1059	560211	6391
1060	561270	2909
1061	562330	3090
1062	563391	4509
1063	564453	3565
1064	565516	3270
1065	566580	2952
1066	567645	3079
1067	568711	3380
1068	569778	7807
1069	570846	5173
1070	571915	3222
1071	572985	3144
1072	574056	3128
1073	575128	7438
1074	576201	3504
1075	577275	6641
1076	578350	3886
1077	579426	4366
1078	580503	3166
1079	581581	3133
1080	582660	3220
1081	583740	9219
1082	584821	3548
1083	585903	3190
1084	586986	6838
1085	588070	4930
1086	589155	4742
1087	590241	4711
1088	591328	25938
1089	592416	2991
1090	593505	3484
1091	594595	3117
1092	595686	3560
1093	596778	4733
1094	597871	3055
1095	598965	2996
1096	600060	3248
1097	601156	4783
1098	602253	6703
1099	603351	4646
1100	604450	3314
1101	605550	3019
1102	606651	4731
1103	607753	4716
1104	608856	3590
1105	609960	5930
1106	611065	21655
1107	612171	3722
1108	613278	3291
1109	614386	3932
1110	615495	3339
1111	616605	3482
1112	617716	3156
1113	618828	3145
1114	619941	4826
1115	621055	3045
1116	622170	4522
1117	623286	8228
1118	624403	4293
1119	625521	4908
1120	626640	3367
1121	627760	5216
1122	628881	9249
1123	630003	3150
1124	631126	3512
1125	632250	3844
1126	633375	3655
1127	634501	5221
1128	635628	3810
1129	636756	3469
1130	637885	5079
1131	639015	6353
1132	640146	3411
1133	641278	5587
1134	642411	3236
1135	643545	4101
1136	644680	4519
1137	645816	4611
1138	646953	3411
1139	648091	3520
1140	649230	3444
1141	650370	5140
1142	651511	3412
1143	652653	6402
1144	653796	3521
1145	654940	5097
1146	656085	5958
1147	657231	3516
1148	658378	3517
1149	659526	3576
1150	660675	3382
1151	661825	3363
1152	662976	3613
1153	664128	5142
1154	665281	5441
1155	666435	3315
1156	667590	3251
1157	668746	3816
1158	669903	6242
1159	671061	3706
1160	672220	14729
1161	673380	5432
1162	674541	3731
1163	675703	3587
1164	676866	4822
1165	678030	3936
1166	679195	4398
1167	680361	3589
1168	681528	3436
1169	682696	3927
1170	683865	3375
1171	685035	4099
1172	686206	3704
1173	687378	3407
1174	688551	3814
1175	689725	3478
1176	690900	3659
1177	692076	4058
1178	693253	3649
1179	694431	3902
1180	695610	3972
1181	696790	3593
1182	697971	3616
1183	699153	3751
1184	700336	3771
1185	701520	4049
1186	702705	3995
1187	703891	4188
1188	705078	5992
1189	706266	3824
1190	707455	3283
1191	708645	5608
1192	709836	5695
1193	711028	5317
1194	712221	3634
1195	713415	3617
1196	714610	3734
1197	715806	9847
1198	717003	3698
1199	718201	3865
1200	719400	4241
1201	720600	3694
1202	721801	5610
1203	723003	3645
1204	724206	3430
1205	725410	3650
1206	726615	5690
1207	727821	3520
1208	729028	5739
1209	730236	3722
1210	731445	3840
1211	732655	6135
1212	733866	7065
1213	735078	3781
1214	736291	3729
1215	737505	7945
1216	738720	5667
1217	739936	5154
1218	741153	5857
1219	742371	6757
1220	743590	8264
1221	744810	7971
1222	746031	12349
1223	747253	6006
1224	748476	6866
1225	749700	6089
1226	750925	5493
1227	752151	5821
1228	753378	3653
1229	754606	10182
1230	755835	4510
1231	757065	3880
1232	758296	6014
1233	759528	5960
1234	760761	4636
1235	761995	6234
1236	763230	4197
1237	764466	4000
1238	765703	4463
1239	766941	8922
1240	768180	11573
1241	769420	9271
1242	770661	3887
1243	771903	4295
1244	773146	4195
1245	774390	4097
1246	775635	17273
1247	776881	7472
1248	778128	4146
1249	779376	4174
1250	780625	3970
1251	781875	4076
1252	783126	3973
1253	784378	6454
1254	785631	4207
1255	786885	4148
1256	788140	14886
1257	789396	4206
1258	790653	4141
1259	791911	3780
1260	793170	6230
1261	794430	6417
1262	795691	6230
1263	796953	4013
1264	798216	11714
1265	799480	17355
1266	800745	4168
1267	802011	8352
1268	803278	4373
1269	804546	4914
1270	805815	7522
1271	807085	6671
1272	808356	5833
1273	809628	8106
1274	810901	4933
1275	812175	4437
1276	813450	4115
1277	814726	4933
1278	816003	25489
1279	817281	4309
1280	818560	5288
1281	819840	4610
1282	821121	4971
1283	822403	6206
1284	823686	6967
1285	824970	5051
1286	826255	7070
1287	827541	4784
1288	828828	6982
1289	830116	4399
1290	831405	4882
1291	832695	4427
1292	833986	5137
1293	835278	4586
1294	836571	4261
1295	837865	5713
1296	839160	18120
1297	840456	10924
1298	841753	4830
1299	843051	5789
1300	844350	4731
1301	845650	6839
1302	846951	7187
1303	848253	4478
1304	849556	4625
1305	850860	5651
1306	852165	4607
1307	853471	6035
1308	854778	4639
1309	856086	4706
1310	857395	4851
1311	858705	5057
1312	860016	5201
1313	861328	5814
1314	862641	4657
1315	863955	4539
1316	865270	9377
1317	866586	4524
1318	867903	4720
1319	869221	4833
1320	870540	7018
1321	871860	11775
1322	873181	4366
1323	874503	13281
1324	875826	4799
1325	877150	4818
1326	878475	6806
1327	879801	15150
1328	881128	4867
1329	882456	4437
1330	883785	4924
1331	885115	4708
1332	886446	7036
1333	887778	4785
1334	889111	4770
1335	890445	4663
1336	891780	4562
1337	893116	4809
1338	894453	7089
1339	895791	7561
1340	897130	5762
1341	898470	5733
1342	899811	7367
1343	901153	6065
1344	902496	7204
1345	903840	7361
1346	905185	5048
1347	906531	4698
1348	907878	4778
1349	909226	10167
1350	910575	5959
1351	911925	6833
1352	913276	6015
1353	914628	12555
1354	915981	10849
1355	917335	4585
1356	918690	7589
1357	920046	9605
1358	921403	8014
1359	922761	13858
1360	924120	4953
1361	925480	5175
1362	926841	7948
1363	928203	5587
1364	929566	6545
1365	930930	5674
1366	932295	5151
1367	933661	7928
1368	935028	23852
1369	936396	5786
1370	937765	8722
1371	939135	5305
1372	940506	6528
1373	941878	5876
1374	943251	7969
1375	944625	5529
1376	946000	5959
1377	947376	5584
1378	948753	5507
1379	950131	6341
1380	951510	5570
1381	952890	5714
1382	954271	18909
1383	955653	8564
1384	957036	5275
1385	958420	8293
1386	959805	5684
1387	961191	6670
1388	962578	5677
1389	963966	6905
1390	965355	5777
1391	966745	8517
1392	968136	6779
1393	969528	5589
1394	970921	7022
1395	972315	5541
1396	973710	5440
1397	975106	7227
1398	976503	5589
1399	977901	8210
1400	979300	5703
1401	980700	6577
1402	982101	5514
1403	983503	5453
1404	984906	7215
1405	986310	6512
1406	987715	6886
1407	989121	5313
1408	990528	5281
1409	991936	8674
1410	993345	9714
1411	994755	5807
1412	996166	15813
1413	997578	6983
1414	998991	5805
1415	1000405	5813
1416	1001820	8555
1417	1003236	6713
1418	1004653	5644
1419	1006071	8642
1420	1007490	6288
1421	1008910	6712
1422	1010331	11040
1423	1011753	5940
1424	1013176	14154
1425	1014600	6157
1426	1016025	6726
1427	1017451	7445
1428	1018878	6231
1429	1020306	5443
1430	1021735	6175
1431	1023165	6089
1432	1024596	5928
1433	1026028	6287
1434	1027461	12524
1435	1028895	7624
1436	1030330	6544
1437	1031766	7285
1438	1033203	7241
1439	1034641	5916
1440	1036080	5611
1441	1037520	5541
1442	1038961	9941
1443	1040403	5831
1444	1041846	6207
1445	1043290	6078
1446	1044735	8625
1447	1046181	23813
1448	1047628	6237
1449	1049076	6302
1450	1050525	6069
1451	1051975	6861
1452	1053426	8480
1453	1054878	5957
1454	1056331	5528
1455	1057785	5951
1456	1059240	8768
1457	1060696	5933
1458	1062153	7153
1459	1063611	5851
1460	1065070	8755
1461	1066530	18987
1462	1067991	6045
1463	1069453	7759
1464	1070916	6217
1465	1072380	6078
1466	1073845	7242
1467	1075311	5883
1468	1076778	6736
1469	1078246	6184
1470	1079715	9579
1471	1081185	7309
1472	1082656	9178
1473	1084128	11088
1474	1085601	9241
1475	1087075	6155
1476	1088550	5770
1477	1090026	6215
1478	1091503	8720
1479	1092981	7326
1480	1094460	6078
1481	1095940	9329
1482	1097421	6148
1483	1098903	6382
1484	1100386	9756
1485	1101870	7293
1486	1103355	6685
1487	1104841	9107
1488	1106328	5805
1489	1107816	5921
1490	1109305	8457
1491	1110795	13564
1492	1112286	5930
1493	1113778	6166
1494	1115271	11103
1495	1116765	6501
1496	1118260	6223
1497	1119756	18543
1498	1121253	11083
1499	1122751	21975
1500	1124250	13796
1501	1125750	9501
1502	1127251	14200
1503	1128753	6207
1504	1130256	6073
1505	1131760	6006
1506	1133265	6132
1507	1134771	6655
1508	1136278	6061
1509	1137786	8782
1510	1139295	17078
1511	1140805	8677
1512	1142316	6611
1513	1143828	7336
1514	1145341	7028
1515	1146855	6427
1516	1148370	6662
1517	1149886	6040
1518	1151403	8210
1519	1152921	6536
1520	1154440	9440
1521	1155960	15517
1522	1157481	10475
1523	1159003	16734
1524	1160526	8463
1525	1162050	7096
1526	1163575	6664
1527	1165101	9644
1528	1166628	9217
1529	1168156	11345
1530	1169685	6648
1531	1171215	11874
1532	1172746	6775
1533	1174278	9724
1534	1175811	6970
1535	1177345	8420
1536	1178880	6144
1537	1180416	6091
1538	1181953	7313
1539	1183491	6197
1540	1185030	6348
1541	1186570	6381
1542	1188111	9630
1543	1189653	9952
1544	1191196	9303
1545	1192740	13581
1546	1194285	6585
1547	1195831	6711
1548	1197378	9735
1549	1198926	7682
1550	1200475	10263
1551	1202025	21334
1552	1203576	11044
1553	1205128	6675
1554	1206681	6489
1555	1208235	7369
1556	1209790	6506
1557	1211346	6274
1558	1212903	10210
1559	1214461	9816
1560	1216020	18858
1561	1217580	6627
1562	1219141	10730
1563	1220703	9677
1564	1222266	6592
1565	1223830	6340
1566	1225395	9595
1567	1226961	7175
1568	1228528	6578
1569	1230096	6570
1570	1231665	10015
1571	1233235	10663
1572	1234806	6785
1573	1236378	6380
1574	1237951	10386
1575	1239525	6302
1576	1241100	9770
1577	1242676	6308
1578	1244253	10675
1579	1245831	14989
1580	1247410	11121
1581	1248990	10617
1582	1250571	10053
1583	1252153	13209
1584	1253736	16285
1585	1255320	7056
1586	1256905	7229
1587	1258491	10370
1588	1260078	6774
1589	1261666	10431
1590	1263255	6796
1591	1264845	10067
1592	1266436	6936
1593	1268028	6831
1594	1269621	10309
1595	1271215	8841
1596	1272810	6882
1597	1274406	6785
1598	1276003	8026
1599	1277601	10886
1600	1279200	6902
1601	1280800	6865
1602	1282401	6754
1603	1284003	6526
1604	1285606	7990
1605	1287210	9189
1606	1288815	10360
1607	1290421	15876
1608	1292028	11135
1609	1293636	7135
1610	1295245	10249
1611	1296855	7371
1612	1298466	6818
1613	1300078	7393
1614	1301691	10417
1615	1303305	7168
1616	1304920	7037
1617	1306536	10679
1618	1308153	10717
1619	1309771	6924
1620	1311390	7487
1621	1313010	10536
1622	1314631	6849
1623	1316253	10331
1624	1317876	6773
1625	1319500	10697
1626	1321125	10721
1627	1322751	7337
1628	1324378	7008
1629	1326006	6702
1630	1327635	7429
1631	1329265	12176
1632	1330896	7602
1633	1332528	7621
1634	1334161	7655
1635	1335795	6903
1636	1337430	7108
1637	1339066	7039
1638	1340703	6834
1639	1342341	7202
1640	1343980	16992
1641	1345620	7239
1642	1347261	7549
1643	1348903	7240
1644	1350546	6876
1645	1352190	10694
1646	1353835	7100
1647	1355481	7101
1648	1357128	6942
1649	1358776	7844
1650	1360425	7364
1651	1362075	8224
1652	1363726	8124
1653	1365378	16501
1654	1367031	7338
1655	1368685	6950
1656	1370340	14574
1657	1371996	9773
1658	1373653	9181
1659	1375311	8947
1660	1376970	7246
1661	1378630	7330
1662	1380291	7276
1663	1381953	11005
1664	1383616	32481
1665	1385280	11644
1666	1386945	6899
1667	1388611	11219
1668	1390278	14978
1669	1391946	11936
1670	1393615	7673
1671	1395285	10801
1672	1396956	7299
1673	1398628	7288
1674	1400301	7677
1675	1401975	7333
1676	1403650	8374
1677	1405326	7262
1678	1407003	7393
1679	1408681	10019
1680	1410360	9181
1681	1412040	7634
1682	1413721	8688
1683	1415403	7397
1684	1417086	9332
1685	1418770	7171
1686	1420455	11754
1687	1422141	7892
1688	1423828	7069
1689	1425516	7093
1690	1427205	7140
1691	1428895	9013
1692	1430586	12318
1693	1432278	11990
1694	1433971	11939
1695	1435665	9103
1696	1437360	11818
1697	1439056	11552
1698	1440753	28842
1699	1442451	8070
1700	1444150	7819
1701	1445850	7590
1702	1447551	7810
1703	1449253	7799
1704	1450956	11719
1705	1452660	7760
1706	1454365	11749
1707	1456071	7401
1708	1457778	7444
1709	1459486	7230
1710	1461195	12000
1711	1462905	9993
1712	1464616	20164
1713	1466328	8346
1714	1468041	9980
1715	1469755	8781
1716	1471470	7622
1717	1473186	11288
1718	1474903	10993
1719	1476621	12014
1720	1478340	7711
1721	1480060	8629
1722	1481781	11468
1723	1483503	11939
1724	1485226	11327
1725	1486950	11851
1726	1488675	8899
1727	1490401	7578
1728	1492128	7886
1729	1493856	7983
1730	1495585	7558
1731	1497315	13653
1732	1499046	7556
1733	1500778	7378
1734	1502511	8026
1735	1504245	7695
1736	1505980	7664
1737	1507716	11559
1738	1509453	7586
1739	1511191	13055
1740	1512930	9147
1741	1514670	11590
1742	1516411	9683
1743	1518153	11793
1744	1519896	7792
1745	1521640	7677
1746	1523385	7614
1747	1525131	11302
1748	1526878	11888
1749	1528626	7682
1750	1530375	14513
1751	1532125	10745
1752	1533876	11986
1753	1535628	13874
1754	1537381	9832
1755	1539135	9129
1756	1540890	8034
1757	1542646	12300
1758	1544403	11850
1759	1546161	8267
1760	1547920	8902
1761	1549680	12547
1762	1551441	52667
1763	1553203	19496
1764	1554966	8044
1765	1556730	12494
1766	1558495	8467
1767	1560261	11261
1768	1562028	7940
1769	1563796	8200
1770	1565565	8984
1771	1567335	8111
1772	1569106	13276
1773	1570878	12380
1774	1572651	13847
1775	1574425	13576
1776	1576200	8132
1777	1577976	7788
1778	1579753	7910
1779	1581531	9346
1780	1583310	9973
1781	1585090	12245
1782	1586871	12462
1783	1588653	16773
1784	1590436	8127
1785	1592220	12195
1786	1594005	7973
1787	1595791	8293
1788	1597578	12789
1789	1599366	8015
1790	1601155	9643
1791	1602945	12546
1792	1604736	8205
1793	1606528	19076
1794	1608321	9583
1795	1610115	10687
1796	1611910	10096
1797	1613706	14484
1798	1615503	10390
1799	1617301	10317
1800	1619100	14549
1801	1620900	9966
1802	1622701	14244
1803	1624503	10045
1804	1626306	13991
1805	1628110	10799
1806	1629915	17799
1807	1631721	15348
1808	1633528	10009
1809	1635336	18468
1810	1637145	11042
1811	1638955	11072
1812	1640766	19310
1813	1642578	37389
1814	1644391	9259
1815	1646205	18285
1816	1648020	14899
1817	1649836	15964
1818	1651653	13268
1819	1653471	11033
1820	1655290	14719
1821	1657110	27738
1822	1658931	10872
1823	1660753	10836
1824	1662576	10477
1825	1664400	8984
1826	1666225	16216
1827	1668051	10648
1828	1669878	18756
1829	1671706	15541
1830	1673535	10894
1831	1675365	10792
1832	1677196	16633
1833	1679028	10669
1834	1680861	9229
1835	1682695	12802
1836	1684530	31314
1837	1686366	15597
1838	1688203	16275
1839	1690041	10309
1840	1691880	18505
1841	1693720	10569
1842	1695561	9575
1843	1697403	14622
1844	1699246	11495
1845	1701090	16085
1846	1702935	97620
1847	1704781	10142
1848	1706628	15745
1849	1708476	11128
1850	1710325	24841
1851	1712175	9867
1852	1714026	10783
1853	1715878	9891
1854	1717731	14272
1855	1719585	11046
1856	1721440	11532
1857	1723296	15590
1858	1725153	11196
1859	1727011	10863
1860	1728870	14482
1861	1730730	10709
1862	1732591	14440
1863	1734453	9624
1864	1736316	9626
1865	1738180	11452
1866	1740045	11122
1867	1741911	11072
1868	1743778	12380
1869	1745646	17005
1870	1747515	9482
1871	1749385	15460
1872	1751256	10873
1873	1753128	14303
1874	1755001	10094
1875	1756875	9604
1876	1758750	11067
1877	1760626	21958
1878	1762503	15159
1879	1764381	11054
1880	1766260	12404
1881	1768140	15445
1882	1770021	15502
1883	1771903	14743
1884	1773786	21305
1885	1775670	18827
1886	1777555	21171
1887	1779441	17509
1888	1781328	10533
1889	1783216	15549
1890	1785105	11098
1891	1786995	14735
1892	1788886	14571
1893	1790778	10711
1894	1792671	18924
1895	1794565	32490
1896	1796460	10230
1897	1798356	26607
1898	1800253	11237
1899	1802151	13904
1900	1804050	22929
1901	1805950	10733
1902	1807851	10585
1903	1809753	20086
1904	1811656	22913
1905	1813560	16721
1906	1815465	13572
1907	1817371	16279
1908	1819278	10640
1909	1821186	11275
1910	1823095	12340
1911	1825005	10649
1912	1826916	16059
1913	1828828	16304
1914	1830741	16499
1915	1832655	26701
1916	1834570	10359
1917	1836486	14187
1918	1838403	13429
1919	1840321	10534
1920	1842240	9856
1921	1844160	24718
1922	1846081	11622
1923	1848003	11675
1924	1849926	13568
1925	1851850	11721
1926	1853775	26293
1927	1855701	33232
1928	1857628	17600
1929	1859556	19215
1930	1861485	47415
1931	1863415	11833
1932	1865346	31593
1933	1867278	11118
1934	1869211	11114
1935	1871145	17013
1936	1873080	26079
1937	1875016	14052
1938	1876953	15613
1939	1878891	33569
1940	1880830	16440
1941	1882770	12039
1942	1884711	12690
1943	1886653	13565
1944	1888596	12296
1945	1890540	9846
1946	1892485	16063
1947	1894431	19170
1948	1896378	11301
1949	1898326	16697
1950	1900275	14396
1951	1902225	22848
1952	1904176	10815
1953	1906128	14159
1954	1908081	10056
1955	1910035	10137
1956	1911990	12869
1957	1913946	17379
1958	1915903	11614
1959	1917861	10066
1960	1919820	16367
1961	1921780	12449
1962	1923741	10467
1963	1925703	17657
1964	1927666	30348
1965	1929630	13670
1966	1931595	16748
1967	1933561	14803
1968	1935528	19120
1969	1937496	11769
1970	1939465	11150
1971	1941435	11154
1972	1943406	11340
1973	1945378	11310
1974	1947351	18138
1975	1949325	27525
1976	1951300	21853
1977	1953276	11645
1978	1955253	14364
1979	1957231	40933
1980	1959210	28760
1981	1961190	11881
1982	1963171	11346
1983	1965153	21836
1984	1967136	12303
1985	1969120	12933
1986	1971105	12133
1987	1973091	14863
1988	1975078	12752
1989	1977066	12157
1990	1979055	12878
1991	1981045	20819
1992	1983036	12337
1993	1985028	18890
1994	1987021	12604
1995	1989015	12163
1996	1991010	18489
1997	1993006	12360
1998	1995003	16816
1999	1997001	14832
2000	1999000	19873
2001	2001000	20980
2002	2003001	32848
2003	2005003	14063
2004	2007006	12522
2005	2009010	12186
2006	2011015	28855
2007	2013021	12183
2008	2015028	24158
2009	2017036	15810
2010	2019045	11879
2011	2021055	19349
2012	2023066	18479
2013	2025078	16904
2014	2027091	12684
2015	2029105	11968
2016	2031120	17062
2017	2033136	12380
2018	2035153	18169
2019	2037171	17193
2020	2039190	23751
2021	2041210	12649
2022	2043231	17574
2023	2045253	32372
2024	2047276	19562
2025	2049300	11182
2026	2051325	16692
2027	2053351	22153
2028	2055378	16326
2029	2057406	12567
2030	2059435	13717
2031	2061465	24925
2032	2063496	16654
2033	2065528	18479
2034	2067561	11946
2035	2069595	13092
2036	2071630	13206
2037	2073666	21491
2038	2075703	12420
2039	2077741	12868
2040	2079780	18845
2041	2081820	13114
2042	2083861	11074
2043	2085903	19618
2044	2087946	13129
2045	2089990	12294
2046	2092035	18742
2047	2094081	20657
2048	2096128	18897
2049	2098176	11057
2050	2100225	11356
2051	2102275	12618
2052	2104326	16574
2053	2106378	11082
2054	2108431	10777
2055	2110485	16444
2056	2112540	11486
2057	2114596	16984
2058	2116653	11405
2059	2118711	11067
2060	2120770	11317
2061	2122830	17049
2062	2124891	11795
2063	2126953	30672
2064	2129016	14787
2065	2131080	20439
2066	2133145	18203
2067	2135211	10988
2068	2137278	16548
2069	2139346	11986
2070	2141415	82560
2071	2143485	50795
2072	2145556	14993
2073	2147628	17287
2074	2149701	18848
2075	2151775	17714
2076	2153850	11495
2077	2155926	17301
2078	2158003	11562
2079	2160081	17836
2080	2162160	11473
2081	2164240	11106
2082	2166321	18296
2083	2168403	11803
2084	2170486	11259
2085	2172570	11290
2086	2174655	15283
2087	2176741	28068
2088	2178828	24075
2089	2180916	13753
2090	2183005	28738
2091	2185095	12796
2092	2187186	11578
2093	2189278	41132
2094	2191371	15347
2095	2193465	11780
2096	2195560	11412
2097	2197656	11105
2098	2199753	11173
2099	2201851	16872
2100	2203950	42901
2101	2206050	11484
2102	2208151	23337
2103	2210253	15105
2104	2212356	26855
2105	2214460	29475
2106	2216565	14879
2107	2218671	17164
2108	2220778	11430
2109	2222886	27742
2110	2224995	33448
2111	2227105	13908
2112	2229216	11808
2113	2231328	11428
2114	2233441	17983
2115	2235555	61324
2116	2237670	11651
2117	2239786	18139
2118	2241903	25811
2119	2244021	16239
2120	2246140	17335
2121	2248260	16949
2122	2250381	21710
2123	2252503	13940
2124	2254626	11276
2125	2256750	12066
2126	2258875	13856
2127	2261001	11873
2128	2263128	17580
2129	2265256	11592
2130	2267385	11778
2131	2269515	14997
2132	2271646	32436
2133	2273778	19904
2134	2275911	21657
2135	2278045	23112
2136	2280180	22934
2137	2282316	18462
2138	2284453	12013
2139	2286591	17664
2140	2288730	11901
2141	2290870	11711
2142	2293011	13689
2143	2295153	12513
2144	2297296	14844
2145	2299440	17541
2146	2301585	11630
2147	2303731	28434
2148	2305878	12475
2149	2308026	17753
2150	2310175	11875
2151	2312325	17902
2152	2314476	12236
2153	2316628	18730
2154	2318781	12807
2155	2320935	27619
2156	2323090	12026
2157	2325246	11950
2158	2327403	14041
2159	2329561	14679
2160	2331720	13575
2161	2333880	18656
2162	2336041	14628
2163	2338203	12925
2164	2340366	19536
2165	2342530	12534
2166	2344695	11250
2167	2346861	11660
2168	2349028	18417
2169	2351196	18875
2170	2353365	18698
2171	2355535	13039
2172	2357706	12699
2173	2359878	12757
2174	2362051	11487
2175	2364225	13573
2176	2366400	12943
2177	2368576	11793
2178	2370753	12424
2179	2372931	20034
2180	2375110	19024
2181	2377290	26304
2182	2379471	13409
2183	2381653	12804
2184	2383836	14012
2185	2386020	12460
2186	2388205	18332
2187	2390391	14640
2188	2392578	24744
2189	2394766	14608
2190	2396955	27497
2191	2399145	18498
2192	2401336	12547
2193	2403528	18672
2194	2405721	17951
2195	2407915	20694
2196	2410110	13858
2197	2412306	19288
2198	2414503	21130
2199	2416701	15273
2200	2418900	18494
2201	2421100	12971
2202	2423301	19172
2203	2425503	12763
2204	2427706	20342
2205	2429910	19119
2206	2432115	18600
2207	2434321	14338
2208	2436528	12636
2209	2438736	26472
2210	2440945	25112
2211	2443155	13899
2212	2445366	18853
2213	2447578	20840
2214	2449791	23803
2215	2452005	19816
2216	2454220	14344
2217	2456436	12796
2218	2458653	14257
2219	2460871	19670
2220	2463090	12901
2221	2465310	13281
2222	2467531	12753
2223	2469753	12525
2224	2471976	19356
2225	2474200	12757
2226	2476425	12123
2227	2478651	12364
2228	2480878	19256
2229	2483106	12888
2230	2485335	12797
2231	2487565	20049
2232	2489796	12957
2233	2492028	13290
2234	2494261	13314
2235	2496495	12187
2236	2498730	12404
2237	2500966	22107
2238	2503203	14013
2239	2505441	32241
2240	2507680	13152
2241	2509920	33781
2242	2512161	25430
2243	2514403	22061
2244	2516646	13018
2245	2518890	13174
2246	2521135	13156
2247	2523381	13069
2248	2525628	21443
2249	2527876	12710
2250	2530125	13209
2251	2532375	13636
2252	2534626	13114
2253	2536878	16184
2254	2539131	19736
2255	2541385	26801
2256	2543640	13139
2257	2545896	14573
2258	2548153	14279
2259	2550411	20627
2260	2552670	13299
2261	2554930	19905
2262	2557191	13613
2263	2559453	13598
2264	2561716	12887
2265	2563980	20886
2266	2566245	17179
2267	2568511	13140
2268	2570778	13436
2269	2573046	13876
2270	2575315	13177
2271	2577585	14458
2272	2579856	14548
2273	2582128	13350
2274	2584401	13794
2275	2586675	13204
2276	2588950	29383
2277	2591226	22218
2278	2593503	12425
2279	2595781	18787
2280	2598060	18560
2281	2600340	20209
2282	2602621	13148
2283	2604903	13278
2284	2607186	21227
2285	2609470	15421
2286	2611755	13330
2287	2614041	20426
2288	2616328	25152
2289	2618616	13548
2290	2620905	20584
2291	2623195	13815
2292	2625486	14243
2293	2627778	13850
2294	2630071	20572
2295	2632365	13273
2296	2634660	13539
2297	2636956	23683
2298	2639253	16193
2299	2641551	13383
2300	2643850	20496
2301	2646150	18706
2302	2648451	13636
2303	2650753	14432
2304	2653056	20888
2305	2655360	14392
2306	2657665	30357
2307	2659971	13986
2308	2662278	14089
2309	2664586	21073
2310	2666895	14042
2311	2669205	20850
2312	2671516	13983
2313	2673828	16276
2314	2676141	19615
2315	2678455	14367
2316	2680770	20134
2317	2683086	14213
2318	2685403	20221
2319	2687721	17213
2320	2690040	14467
2321	2692360	20893
2322	2694681	15898
2323	2697003	22611
2324	2699326	15594
2325	2701650	14328
2326	2703975	15764
2327	2706301	22060
2328	2708628	26207
2329	2710956	22716
2330	2713285	22831
2331	2715615	45520
2332	2717946	14532
2333	2720278	16683
2334	2722611	14204
2335	2724945	21325
2336	2727280	14640
2337	2729616	26105
2338	2731953	21181
2339	2734291	21329
2340	2736630	24510
2341	2738970	42939
2342	2741311	33045
2343	2743653	21426
2344	2745996	38192
2345	2748340	14676
2346	2750685	15430
2347	2753031	14384
2348	2755378	14356
2349	2757726	14189
2350	2760075	14425
2351	2762425	13969
2352	2764776	14265
2353	2767128	14990
2354	2769481	15316
2355	2771835	14975
2356	2774190	13758
2357	2776546	14277
2358	2778903	14628
2359	2781261	23529
2360	2783620	45549
2361	2785980	31499
2362	2788341	25932
2363	2790703	14720
2364	2793066	14441
2365	2795430	15881
2366	2797795	17722
2367	2800161	14581
2368	2802528	19976
2369	2804896	15290
2370	2807265	64637
2371	2809635	16630
2372	2812006	15035
2373	2814378	16663
2374	2816751	14687
2375	2819125	17163
2376	2821500	16709
2377	2823876	15220
2378	2826253	14848
2379	2828631	22429
2380	2831010	24043
2381	2833390	31272
2382	2835771	23286
2383	2838153	21702
2384	2840536	22404
2385	2842920	24183
2386	2845305	43442
2387	2847691	14977
2388	2850078	23594
2389	2852466	16840
2390	2854855	21598
2391	2857245	15983
2392	2859636	16074
2393	2862028	21479
2394	2864421	19265
2395	2866815	15890
2396	2869210	16485
2397	2871606	22442
2398	2874003	16175
2399	2876401	16415
2400	2878800	29094
2401	2881200	45380
2402	2883601	39213
2403	2886003	36520
2404	2888406	15956
2405	2890810	17643
2406	2893215	24069
2407	2895621	16104
2408	2898028	26219
2409	2900436	27229
2410	2902845	45641
2411	2905255	19393
2412	2907666	29973
2413	2910078	30044
2414	2912491	15822
2415	2914905	16540
2416	2917320	24940
2417	2919736	15810
2418	2922153	15697
2419	2924571	24016
2420	2926990	16693
2421	2929410	20207
2422	2931831	16935
2423	2934253	22640
2424	2936676	16288
2425	2939100	24132
2426	2941525	34362
2427	2943951	24276
2428	2946378	27545
2429	2948806	30854
2430	2951235	24077
2431	2953665	16347
2432	2956096	16419
2433	2958528	24644
2434	2960961	26005
2435	2963395	45839
2436	2965830	19560
2437	2968266	25203
2438	2970703	16658
2439	2973141	16567
2440	2975580	24274
2441	2978020	16638
2442	2980461	20778
2443	2982903	26969
2444	2985346	21143
2445	2987790	19128
2446	2990235	41140
2447	2992681	16465
2448	2995128	16838
2449	2997576	17393
2450	3000025	28957
2451	3002475	17312
2452	3004926	16637
2453	3007378	16750
2454	3009831	44903
2455	3012285	24976
2456	3014740	34311
2457	3017196	25662
2458	3019653	20961
2459	3022111	24224
2460	3024570	15763
2461	3027030	16956
2462	3029491	25835
2463	3031953	17043
2464	3034416	24811
2465	3036880	20384
2466	3039345	31331
2467	3041811	16903
2468	3044278	30444
2469	3046746	64080
2470	3049215	45283
2471	3051685	18412
2472	3054156	25520
2473	3056628	41001
2474	3059101	17425
2475	3061575	25654
2476	3064050	26231
2477	3066526	17396
2478	3069003	16742
2479	3071481	24732
2480	3073960	24780
2481	3076440	16811
2482	3078921	16676
2483	3081403	25030
2484	3083886	17933
2485	3086370	18460
2486	3088855	26316
2487	3091341	17434
2488	3093828	33616
2489	3096316	24331
2490	3098805	24735
2491	3101295	28114
2492	3103786	20613
2493	3106278	18678
2494	3108771	25250
2495	3111265	30232
2496	3113760	16619
2497	3116256	21349
2498	3118753	26281
2499	3121251	26275
2500	3123750	32211
2501	3126250	25096
2502	3128751	17308
2503	3131253	16310
2504	3133756	17189
2505	3136260	16434
2506	3138765	21987
2507	3141271	17860
2508	3143778	19679
2509	3146286	17451
2510	3148795	28157
2511	3151305	17874
2512	3153816	17936
2513	3156328	19554
2514	3158841	24253
2515	3161355	37385
2516	3163870	18133
2517	3166386	30165
2518	3168903	26736
2519	3171421	17566
2520	3173940	18528
2521	3176460	25458
2522	3178981	18667
2523	3181503	49315
2524	3184026	60616
2525	3186550	17907
2526	3189075	28100
2527	3191601	18755
2528	3194128	18084
2529	3196656	16853
2530	3199185	18013
2531	3201715	18128
2532	3204246	17407
2533	3206778	16757
2534	3209311	18638
2535	3211845	26953
2536	3214380	23073
2537	3216916	26067
2538	3219453	26797
2539	3221991	17857
2540	3224530	18825
2541	3227070	17760
2542	3229611	18606
2543	3232153	19198
2544	3234696	26152
2545	3237240	26225
2546	3239785	26001
2547	3242331	16883
2548	3244878	28465
2549	3247426	18373
2550	3249975	18242
2551	3252525	25219
2552	3255076	18165
2553	3257628	26980
2554	3260181	19461
2555	3262735	58726
2556	3265290	17429
2557	3267846	26155
2558	3270403	26440
2559	3272961	17526
2560	3275520	26217
2561	3278080	29153
2562	3280641	20863
2563	3283203	28339
2564	3285766	27766
2565	3288330	17411
2566	3290895	18857
2567	3293461	17828
2568	3296028	19196
2569	3298596	31643
2570	3301165	18708
2571	3303735	27270
2572	3306306	49122
2573	3308878	18346
2574	3311451	17350
2575	3314025	20447
2576	3316600	18184
2577	3319176	17925
2578	3321753	44065
2579	3324331	17420
2580	3326910	17654
2581	3329490	18098
2582	3332071	20004
2583	3334653	21286
2584	3337236	17583
2585	3339820	53668
2586	3342405	17923
2587	3344991	17785
2588	3347578	19837
2589	3350166	23761
2590	3352755	28635
2591	3355345	18167
2592	3357936	27014
2593	3360528	27899
2594	3363121	27559
2595	3365715	19862
2596	3368310	18822
2597	3370906	17994
2598	3373503	17944
2599	3376101	20238
2600	3378700	17598
2601	3381300	17076
2602	3383901	19378
2603	3386503	20367
2604	3389106	17708
2605	3391710	18126
2606	3394315	16938
2607	3396921	24293
2608	3399528	21543
2609	3402136	22345
2610	3404745	18080
2611	3407355	17620
2612	3409966	17483
2613	3412578	27393
2614	3415191	45055
2615	3417805	33663
2616	3420420	27440
2617	3423036	36193
2618	3425653	29131
2619	3428271	42309
2620	3430890	26778
2621	3433510	17882
2622	3436131	28613
2623	3438753	36175
2624	3441376	39998
2625	3444000	50033
2626	3446625	34627
2627	3449251	46065
2628	3451878	35531
2629	3454506	48365
2630	3457135	44613
2631	3459765	50428
2632	3462396	27145
2633	3465028	35896
2634	3467661	19189
2635	3470295	21295
2636	3472930	21045
2637	3475566	52251
2638	3478203	27272
2639	3480841	19318
2640	3483480	18933
2641	3486120	45062
2642	3488761	27396
2643	3491403	44535
2644	3494046	34833
2645	3496690	18313
2646	3499335	18178
2647	3501981	18274
2648	3504628	27337
2649	3507276	18336
2650	3509925	42125
2651	3512575	47995
2652	3515226	31402
2653	3517878	18386
2654	3520531	47928
2655	3523185	50888
2656	3525840	18212
2657	3528496	27830
2658	3531153	45699
2659	3533811	34388
2660	3536470	22296
2661	3539130	18806
2662	3541791	18691
2663	3544453	21554
2664	3547116	19180
2665	3549780	29182
2666	3552445	62513
2667	3555111	62327
2668	3557778	29247
2669	3560446	43465
2670	3563115	64951
2671	3565785	35800
2672	3568456	45526
2673	3571128	27486
2674	3573801	107279
2675	3576475	24345
2676	3579150	21895
2677	3581826	28175
2678	3584503	23180
2679	3587181	28648
2680	3589860	29032
2681	3592540	29248
2682	3595221	28364
2683	3597903	29554
2684	3600586	32156
2685	3603270	28480
2686	3605955	31539
2687	3608641	20076
2688	3611328	19931
2689	3614016	19060
2690	3616705	22802
2691	3619395	18344
2692	3622086	19229
2693	3624778	22194
2694	3627471	18753
2695	3630165	18062
2696	3632860	22180
2697	3635556	21383
2698	3638253	19202
2699	3640951	19756
2700	3643650	25110
2701	3646350	19044
2702	3649051	21502
2703	3651753	19205
2704	3654456	33489
2705	3657160	19154
2706	3659865	18887
2707	3662571	29171
2708	3665278	19687
2709	3667986	22535
2710	3670695	25012
2711	3673405	19861
2712	3676116	21741
2713	3678828	19779
2714	3681541	36375
2715	3684255	30848
2716	3686970	33827
2717	3689686	33731
2718	3692403	39772
2719	3695121	19143
2720	3697840	22267
2721	3700560	35207
2722	3703281	23836
2723	3706003	23522
2724	3708726	24527
2725	3711450	31017
2726	3714175	25015
2727	3716901	53260
2728	3719628	23503
2729	3722356	66270
2730	3725085	54398
2731	3727815	23547
2732	3730546	23418
2733	3733278	23855
2734	3736011	31045
2735	3738745	41502
2736	3741480	37846
2737	3744216	25664
2738	3746953	37707
2739	3749691	27802
2740	3752430	24408
2741	3755170	48446
2742	3757911	24272
2743	3760653	30290
2744	3763396	52965
2745	3766140	24247
2746	3768885	25042
2747	3771631	138890
2748	3774378	201948
2749	3777126	30687
2750	3779875	31418
2751	3782625	57029
2752	3785376	30792
2753	3788128	34710
2754	3790881	36920
2755	3793635	61249
2756	3796390	50170
2757	3799146	45521
2758	3801903	48778
2759	3804661	34285
2760	3807420	24191
2761	3810180	36312
2762	3812941	25597
2763	3815703	22931
2764	3818466	42977
2765	3821230	58886
2766	3823995	73671
2767	3826761	144090
2768	3829528	29081
2769	3832296	43537
2770	3835065	112345
2771	3837835	29954
2772	3840606	94285
2773	3843378	191058
2774	3846151	162167
2775	3848925	43452
2776	3851700	36918
2777	3854476	111434
2778	3857253	35041
2779	3860031	97780
2780	3862810	74896
2781	3865590	104731
2782	3868371	174569
2783	3871153	68450
2784	3873936	47447
2785	3876720	37860
2786	3879505	24886
2787	3882291	30954
2788	3885078	50197
2789	3887866	36773
2790	3890655	110932
2791	3893445	48402
2792	3896236	217161
2793	3899028	438101
2794	3901821	191625
2795	3904615	103158
2796	3907410	92080
2797	3910206	73299
2798	3913003	117227
2799	3915801	26742
2800	3918600	114149
2801	3921400	37172
2802	3924201	30984
2803	3927003	50683
2804	3929806	35541
2805	3932610	24778
2806	3935415	50321
2807	3938221	24312
2808	3941028	36566
2809	3943836	28690
2810	3946645	26189
2811	3949455	35569
2812	3952266	30795
2813	3955078	40897
2814	3957891	116687
2815	3960705	162148
2816	3963520	113958
2817	3966336	139266
2818	3969153	37907
2819	3971971	176759
2820	3974790	128574
2821	3977610	77097
2822	3980431	26775
2823	3983253	29838
2824	3986076	26594
2825	3988900	37880
2826	3991725	29450
2827	3994551	29155
2828	3997378	137717
2829	4000206	29869
2830	4003035	36245
2831	4005865	26321
2832	4008696	209212
2833	4011528	25904
2834	4014361	35324
2835	4017195	165084
2836	4020030	212481
2837	4022866	26346
2838	4025703	29829
2839	4028541	30157
2840	4031380	38473
2841	4034220	142736
2842	4037061	280770
2843	4039903	27478
2844	4042746	149645
2845	4045590	200623
2846	4048435	210400
2847	4051281	104891
2848	4054128	139748
2849	4056976	160582
2850	4059825	36254
2851	4062675	79041
2852	4065526	36852
2853	4068378	96234
2854	4071231	63690
2855	4074085	203619
2856	4076940	125629
2857	4079796	36200
2858	4082653	88518
2859	4085511	25659
2860	4088370	25071
2861	4091230	35660
2862	4094091	170964
2863	4096953	30531
2864	4099816	47491
2865	4102680	165966
2866	4105545	149796
2867	4108411	50853
2868	4111278	40282
2869	4114146	185573
2870	4117015	28095
2871	4119885	25410
2872	4122756	45366
2873	4125628	53491
2874	4128501	170673
2875	4131375	127696
2876	4134250	265961
2877	4137126	77050
2878	4140003	37916
2879	4142881	50775
2880	4145760	52782
2881	4148640	159413
2882	4151521	124142
2883	4154403	24328
2884	4157286	36754
2885	4160170	172369
2886	4163055	132066
2887	4165941	317808
2888	4168828	174407
2889	4171716	30979
2890	4174605	30897
2891	4177495	43856
2892	4180386	251599
2893	4183278	259840
2894	4186171	187975
2895	4189065	255155
2896	4191960	25947
2897	4194856	36198
2898	4197753	38122
2899	4200651	166991
2900	4203550	168839
2901	4206450	45243
2902	4209351	241681
2903	4212253	125370
2904	4215156	60562
2905	4218060	52196
2906	4220965	53329
2907	4223871	88977
2908	4226778	67129
2909	4229686	185263
2910	4232595	211346
2911	4235505	44894
2912	4238416	57294
2913	4241328	253544
2914	4244241	27342
2915	4247155	47537
2916	4250070	189890
2917	4252986	51049
2918	4255903	25481
2919	4258821	42270
2920	4261740	204327
2921	4264660	27817
2922	4267581	37347
2923	4270503	32543
2924	4273426	28409
2925	4276350	32667
2926	4279275	25420
2927	4282201	37589
2928	4285128	104670
2929	4288056	64213
2930	4290985	211182
2931	4293915	33807
2932	4296846	188598
2933	4299778	26164
2934	4302711	38460
2935	4305645	54586
2936	4308580	240271
2937	4311516	193064
2938	4314453	45982
2939	4317391	131997
2940	4320330	165232
2941	4323270	165379
2942	4326211	183053
2943	4329153	44559
2944	4332096	46452
2945	4335040	134888
2946	4337985	197055
2947	4340931	41248
2948	4343878	26672
2949	4346826	123207
2950	4349775	150144
2951	4352725	45901
2952	4355676	38013
2953	4358628	57701
2954	4361581	144743
2955	4364535	196002
2956	4367490	41604
2957	4370446	62815
2958	4373403	52863
2959	4376361	44331
2960	4379320	58319
2961	4382280	198345
2962	4385241	47230
2963	4388203	220971
2964	4391166	337961
2965	4394130	296948
2966	4397095	59728
2967	4400061	71775
2968	4403028	51823
2969	4405996	46807
2970	4408965	72367
2971	4411935	57444
2972	4414906	27231
2973	4417878	43236
2974	4420851	61306
2975	4423825	39050
2976	4426800	44685
2977	4429776	69271
2978	4432753	64721
2979	4435731	52163
2980	4438710	53181
2981	4441690	27982
2982	4444671	25724
2983	4447653	44149
2984	4450636	55434
2985	4453620	250398
2986	4456605	45496
2987	4459591	60428
2988	4462578	40338
2989	4465566	145353
2990	4468555	266308
2991	4471545	29084
2992	4474536	42965
2993	4477528	50227
2994	4480521	283258
2995	4483515	166927
2996	4486510	270873
2997	4489506	176444
2998	4492503	175725
2999	4495501	171852
3000	4498500	52725
3001	4501500	152872
3002	4504501	288141
3003	4507503	166604
3004	4510506	139277
3005	4513510	28031
3006	4516515	96444
3007	4519521	38689
3008	4522528	226738
3009	4525536	162836
3010	4528545	137496
3011	4531555	39602
3012	4534566	167405
3013	4537578	34271
3014	4540591	147073
3015	4543605	224958
3016	4546620	25990
3017	4549636	77365
3018	4552653	27590
3019	4555671	41887
3020	4558690	48173
3021	4561710	40252
3022	4564731	44814
3023	4567753	49180
3024	4570776	79397
3025	4573800	57934
3026	4576825	53589
3027	4579851	41299
3028	4582878	170501
3029	4585906	286934
3030	4588935	34836
3031	4591965	254581
3032	4594996	224465
3033	4598028	348115
3034	4601061	217086
3035	4604095	50219
3036	4607130	113459
3037	4610166	99021
3038	4613203	40746
3039	4616241	33328
3040	4619280	210275
3041	4622320	187695
3042	4625361	32730
3043	4628403	78997
3044	4631446	200905
3045	4634490	137700
3046	4637535	75391
3047	4640581	156928
3048	4643628	193780
3049	4646676	37456
3050	4649725	181573
3051	4652775	139345
3052	4655826	45773
3053	4658878	32104
3054	4661931	87874
3055	4664985	45240
3056	4668040	132446
3057	4671096	194254
3058	4674153	176545
3059	4677211	254816
3060	4680270	221675
3061	4683330	191403
3062	4686391	61901
3063	4689453	28313
3064	4692516	172703
3065	4695580	266023
3066	4698645	28250
3067	4701711	26578
3068	4704778	27145
3069	4707846	58677
3070	4710915	251195
3071	4713985	59279
3072	4717056	132127
3073	4720128	479485
3074	4723201	26430
3075	4726275	141136
3076	4729350	36830
3077	4732426	173230
3078	4735503	34088
3079	4738581	34102
3080	4741660	88305
3081	4744740	225344
3082	4747821	264174
3083	4750903	63294
3084	4753986	174459
3085	4757070	34861
3086	4760155	162850
3087	4763241	112844
3088	4766328	27036
3089	4769416	119947
3090	4772505	44993
3091	4775595	269121
3092	4778686	430543
3093	4781778	266602
3094	4784871	212172
3095	4787965	101835
3096	4791060	50800
3097	4794156	29284
3098	4797253	103827
3099	4800351	152045
3100	4803450	124231
3101	4806550	60993
3102	4809651	26505
3103	4812753	149607
3104	4815856	55933
3105	4818960	124422
3106	4822065	463181
3107	4825171	256649
3108	4828278	113285
3109	4831386	127319
3110	4834495	318973
3111	4837605	97914
3112	4840716	146401
3113	4843828	240770
3114	4846941	197335
3115	4850055	38192
3116	4853170	249827
3117	4856286	212104
3118	4859403	31413
3119	4862521	287777
3120	4865640	201806
3121	4868760	182478
3122	4871881	200238
3123	4875003	224486
3124	4878126	370878
3125	4881250	274350
3126	4884375	234304
3127	4887501	62207
3128	4890628	41471
3129	4893756	30569
3130	4896885	30660
3131	4900015	50678
3132	4903146	314921
3133	4906278	447549
3134	4909411	381388
3135	4912545	451693
3136	4915680	237491
3137	4918816	130666
3138	4921953	203746
3139	4925091	194465
3140	4928230	66111
3141	4931370	484626
3142	4934511	213034
3143	4937653	153614
3144	4940796	190829
3145	4943940	228047
3146	4947085	343275
3147	4950231	347639
3148	4953378	189450
3149	4956526	351334
3150	4959675	727817
3151	4962825	453415
3152	4965976	220653
3153	4969128	160554
3154	4972281	266222
3155	4975435	244210
3156	4978590	170621
3157	4981746	262322
3158	4984903	42914
3159	4988061	394652
3160	4991220	76234
3161	4994380	122408
3162	4997541	245898
3163	5000703	141552
3164	5003866	347145
3165	5007030	203575
3166	5010195	94699
3167	5013361	119572
3168	5016528	50309
3169	5019696	832349
3170	5022865	273065
3171	5026035	86632
3172	5029206	245733
3173	5032378	271173
3174	5035551	305585
3175	5038725	116884
3176	5041900	217183
3177	5045076	311145
3178	5048253	293639
3179	5051431	447034
3180	5054610	449443
3181	5057790	197613
3182	5060971	145686
3183	5064153	236880
3184	5067336	284887
3185	5070520	133341
3186	5073705	246883
3187	5076891	197649
3188	5080078	336068
3189	5083266	256975
3190	5086455	244468
3191	5089645	72106
3192	5092836	510504
3193	5096028	435053
3194	5099221	88908
3195	5102415	270291
3196	5105610	295177
3197	5108806	316542
3198	5112003	179057
3199	5115201	70692
3200	5118400	492510
3201	5121600	311122
3202	5124801	135202
3203	5128003	178009
3204	5131206	536515
3205	5134410	445742
3206	5137615	191346
3207	5140821	247966
3208	5144028	350365
3209	5147236	332984
3210	5150445	403923
3211	5153655	322218
3212	5156866	198966
3213	5160078	348338
3214	5163291	253197
3215	5166505	166808
3216	5169720	246727
3217	5172936	224866
3218	5176153	128814
3219	5179371	215326
3220	5182590	232611
3221	5185810	297373
3222	5189031	212617
3223	5192253	206984
3224	5195476	216826
3225	5198700	163097
3226	5201925	419073
3227	5205151	327566
3228	5208378	258880
3229	5211606	247259
3230	5214835	290201
3231	5218065	390164
3232	5221296	186350
3233	5224528	192810
3234	5227761	501590
3235	5230995	170142
3236	5234230	232246
3237	5237466	566062
3238	5240703	269217
3239	5243941	146337
3240	5247180	349438
3241	5250420	193653
3242	5253661	65948
3243	5256903	236955
3244	5260146	199629
3245	5263390	121814
3246	5266635	74290
3247	5269881	27993
3248	5273128	298563
3249	5276376	375411
3250	5279625	100506
3251	5282875	279313
3252	5286126	395866
3253	5289378	363596
3254	5292631	282107
3255	5295885	29703
3256	5299140	196145
3257	5302396	200227
3258	5305653	98877
3259	5308911	204471
3260	5312170	331040
3261	5315430	49527
3262	5318691	341498
3263	5321953	228781
3264	5325216	123855
3265	5328480	132806
3266	5331745	286688
3267	5335011	271365
3268	5338278	204495
3269	5341546	234587
3270	5344815	271524
3271	5348085	444995
3272	5351356	189939
3273	5354628	140844
3274	5357901	178688
3275	5361175	333077
3276	5364450	276845
3277	5367726	176140
3278	5371003	54144
3279	5374281	67022
3280	5377560	65396
3281	5380840	177952
3282	5384121	127279
3283	5387403	36980
3284	5390686	204589
3285	5393970	269297
3286	5397255	46507
3287	5400541	379652
3288	5403828	62481
3289	5407116	363743
3290	5410405	328625
3291	5413695	89866
3292	5416986	75388
3293	5420278	415018
3294	5423571	69202
3295	5426865	374851
3296	5430160	428645
3297	5433456	302797
3298	5436753	52714
3299	5440051	394896
3300	5443350	218035
3301	5446650	38236
3302	5449951	48979
3303	5453253	35147
3304	5456556	340141
3305	5459860	268727
3306	5463165	212768
3307	5466471	319338
3308	5469778	254200
3309	5473086	233792
3310	5476395	314128
3311	5479705	55294
3312	5483016	340913
3313	5486328	474532
3314	5489641	282451
3315	5492955	196071
3316	5496270	241324
3317	5499586	210956
3318	5502903	256908
3319	5506221	562747
3320	5509540	435357
3321	5512860	220362
3322	5516181	258034
3323	5519503	318840
3324	5522826	387191
3325	5526150	321256
3326	5529475	423167
3327	5532801	32841
3328	5536128	343656
3329	5539456	191046
3330	5542785	194867
3331	5546115	271930
3332	5549446	342729
3333	5552778	371194
3334	5556111	312434
3335	5559445	215197
3336	5562780	319832
3337	5566116	277615
3338	5569453	308207
3339	5572791	223562
3340	5576130	37042
3341	5579470	196531
3342	5582811	416440
3343	5586153	182847
3344	5589496	204656
3345	5592840	400665
3346	5596185	304401
3347	5599531	342982
3348	5602878	398404
3349	5606226	172128
3350	5609575	220976
3351	5612925	309248
3352	5616276	388950
3353	5619628	324933
3354	5622981	294928
3355	5626335	406307
3356	5629690	850548
3357	5633046	481832
3358	5636403	272686
3359	5639761	287921
3360	5643120	357977
3361	5646480	214395
3362	5649841	479173
3363	5653203	646712
3364	5656566	438191
3365	5659930	513641
3366	5663295	284686
3367	5666661	39687
3368	5670028	311896
3369	5673396	360461
3370	5676765	34920
3371	5680135	426724
3372	5683506	67928
3373	5686878	500569
3374	5690251	266630
3375	5693625	223110
3376	5697000	201840
3377	5700376	237425
3378	5703753	301532
3379	5707131	331109
3380	5710510	498809
3381	5713890	164819
3382	5717271	487438
3383	5720653	62688
3384	5724036	402786
3385	5727420	302533
3386	5730805	411677
3387	5734191	349810
3388	5737578	251703
3389	5740966	330358
3390	5744355	277463
3391	5747745	193823
3392	5751136	302314
3393	5754528	338021
3394	5757921	362830
3395	5761315	337093
3396	5764710	463956
3397	5768106	273975
3398	5771503	775340
3399	5774901	917025
3400	5778300	518814
3401	5781700	577572
3402	5785101	337402
3403	5788503	313103
3404	5791906	359965
3405	5795310	362404
3406	5798715	246297
3407	5802121	348479
3408	5805528	431036
3409	5808936	292915
3410	5812345	224154
3411	5815755	258771
3412	5819166	131420
3413	5822578	819236
3414	5825991	305091
3415	5829405	191639
3416	5832820	176112
3417	5836236	281801
3418	5839653	536439
3419	5843071	215601
3420	5846490	213593
3421	5849910	244240
3422	5853331	424027
3423	5856753	292691
3424	5860176	366213
3425	5863600	320786
3426	5867025	558473
3427	5870451	48603
3428	5873878	277200
3429	5877306	913902
3430	5880735	244301
3431	5884165	378616
3432	5887596	381853
3433	5891028	318841
3434	5894461	372301
3435	5897895	375096
3436	5901330	818200
3437	5904766	445100
3438	5908203	369311
3439	5911641	235458
3440	5915080	605072
3441	5918520	275762
3442	5921961	293556
3443	5925403	302851
3444	5928846	344727
3445	5932290	392657
3446	5935735	985283
3447	5939181	1304186
3448	5942628	299111
3449	5946076	408670
3450	5949525	278969
3451	5952975	303215
3452	5956426	608942
3453	5959878	523020
3454	5963331	437528
3455	5966785	293934
3456	5970240	455940
3457	5973696	904749
3458	5977153	288976
3459	5980611	429582
3460	5984070	345944
3461	5987530	295084
3462	5990991	535013
3463	5994453	321165
3464	5997916	868960
3465	6001380	784346
3466	6004845	565349
3467	6008311	293838
3468	6011778	206380
3469	6015246	280958
3470	6018715	368212
3471	6022185	283282
3472	6025656	319917
3473	6029128	312298
3474	6032601	580433
3475	6036075	663742
3476	6039550	549266
3477	6043026	444400
3478	6046503	317390
3479	6049981	272471
3480	6053460	1225262
3481	6056940	365345
3482	6060421	755242
3483	6063903	305705
3484	6067386	310969
3485	6070870	721127
3486	6074355	275130
3487	6077841	285376
3488	6081328	62324
3489	6084816	228985
3490	6088305	280343
3491	6091795	303582
3492	6095286	454025
3493	6098778	279362
3494	6102271	275423
3495	6105765	672110
3496	6109260	480991
3497	6112756	740408
3498	6116253	389435
3499	6119751	261980
3500	6123250	314190
3501	6126750	360918
3502	6130251	293528
3503	6133753	465147
3504	6137256	493377
3505	6140760	293534
3506	6144265	500035
3507	6147771	394750
3508	6151278	511474
3509	6154786	838805
3510	6158295	561639
3511	6161805	1149976
3512	6165316	521197
3513	6168828	537743
3514	6172341	324459
3515	6175855	527592
3516	6179370	527154
3517	6182886	398692
3518	6186403	398632
3519	6189921	885530
3520	6193440	475055
3521	6196960	416318
3522	6200481	357781
3523	6204003	994680
3524	6207526	617815
3525	6211050	666871
3526	6214575	750295
3527	6218101	579591
3528	6221628	348429
3529	6225156	433691
3530	6228685	382761
3531	6232215	560326
3532	6235746	585921
3533	6239278	538141
3534	6242811	328248
3535	6246345	316672
3536	6249880	195281
3537	6253416	314505
3538	6256953	434710
3539	6260491	221910
3540	6264030	405923
3541	6267570	523901
3542	6271111	541512
3543	6274653	803593
3544	6278196	519732
3545	6281740	494345
3546	6285285	1043112
3547	6288831	528302
3548	6292378	1020332
3549	6295926	554020
3550	6299475	543815
3551	6303025	656330
3552	6306576	443954
3553	6310128	250118
3554	6313681	299630
3555	6317235	357473
3556	6320790	578694
3557	6324346	471285
3558	6327903	401478
3559	6331461	286992
3560	6335020	443561
3561	6338580	332760
3562	6342141	471990
3563	6345703	410309
3564	6349266	268143
3565	6352830	473275
3566	6356395	348351
3567	6359961	297000
3568	6363528	474397
3569	6367096	328628
3570	6370665	758341
3571	6374235	321961
3572	6377806	1131396
3573	6381378	307688
3574	6384951	265199
3575	6388525	508583
3576	6392100	371165
3577	6395676	532337
3578	6399253	303053
3579	6402831	375480
3580	6406410	857036
3581	6409990	215299
3582	6413571	379162
3583	6417153	644190
3584	6420736	661301
3585	6424320	474366
3586	6427905	539499
3587	6431491	588912
3588	6435078	489613
3589	6438666	269450
3590	6442255	643232
3591	6445845	351626
3592	6449436	325941
3593	6453028	413485
3594	6456621	336713
3595	6460215	855655
3596	6463810	730065
3597	6467406	702644
3598	6471003	477053
3599	6474601	777192
3600	6478200	254018
3601	6481800	373413
3602	6485401	777516
3603	6489003	355057
3604	6492606	478869
3605	6496210	571116
3606	6499815	407660
3607	6503421	725669
3608	6507028	623333
3609	6510636	497033
3610	6514245	1248312
3611	6517855	772495
3612	6521466	1004327
3613	6525078	696322
3614	6528691	324453
3615	6532305	397275
3616	6535920	218249
3617	6539536	465670
3618	6543153	507897
3619	6546771	907321
3620	6550390	501452
3621	6554010	991109
3622	6557631	456771
3623	6561253	449947
3624	6564876	453240
3625	6568500	433756
3626	6572125	685471
3627	6575751	1007665
3628	6579378	551663
3629	6583006	440484
3630	6586635	292475
3631	6590265	561799
3632	6593896	528536
3633	6597528	746678
3634	6601161	428662
3635	6604795	447293
3636	6608430	371250
3637	6612066	257431
3638	6615703	880763
3639	6619341	892672
3640	6622980	385532
3641	6626620	490296
3642	6630261	343493
3643	6633903	569827
3644	6637546	475624
3645	6641190	491334
3646	6644835	899952
3647	6648481	612160
3648	6652128	444092
3649	6655776	1196450
3650	6659425	496016
3651	6663075	360866
3652	6666726	735655
3653	6670378	890370
3654	6674031	638416
3655	6677685	311897
3656	6681340	539754
3657	6684996	767631
3658	6688653	658582
3659	6692311	378817
3660	6695970	331331
3661	6699630	458716
3662	6703291	571717
3663	6706953	822697
3664	6710616	556589
3665	6714280	861666
3666	6717945	333623
3667	6721611	586872
3668	6725278	278181
3669	6728946	400781
3670	6732615	1155863
3671	6736285	1240944
3672	6739956	873583
3673	6743628	402053
3674	6747301	451755
3675	6750975	502550
3676	6754650	550505
3677	6758326	485670
3678	6762003	897227
3679	6765681	459305
3680	6769360	274875
3681	6773040	483946
3682	6776721	1038020
3683	6780403	410835
3684	6784086	687144
3685	6787770	614800
3686	6791455	982374
3687	6795141	387948
3688	6798828	405860
3689	6802516	490710
3690	6806205	846545
3691	6809895	905009
3692	6813586	587402
3693	6817278	705886
3694	6820971	668813
3695	6824665	424638
3696	6828360	321198
3697	6832056	595558
3698	6835753	547867
3699	6839451	425933
3700	6843150	384640
3701	6846850	278299
3702	6850551	485972
3703	6854253	295346
3704	6857956	679263
3705	6861660	1107824
3706	6865365	350479
3707	6869071	544672
3708	6872778	541521
3709	6876486	714176
3710	6880195	368923
3711	6883905	485719
3712	6887616	498209
3713	6891328	610096
3714	6895041	432741
3715	6898755	367119
3716	6902470	774128
3717	6906186	487126
3718	6909903	407927
3719	6913621	706924
3720	6917340	766361
3721	6921060	384135
3722	6924781	802493
3723	6928503	534564
3724	6932226	805535
3725	6935950	1123934
3726	6939675	1217429
3727	6943401	336673
3728	6947128	827390
3729	6950856	810311
3730	6954585	389946
3731	6958315	552511
3732	6962046	1144995
3733	6965778	722907
3734	6969511	529061
3735	6973245	407006
3736	6976980	568221
3737	6980716	359624
3738	6984453	344004
3739	6988191	772334
3740	6991930	1231460
3741	6995670	596614
3742	6999411	493375
3743	7003153	406269
3744	7006896	325519
3745	7010640	423467
3746	7014385	308775
3747	7018131	617825
3748	7021878	562575
3749	7025626	347091
3750	7029375	755049
3751	7033125	370809
3752	7036876	388585
3753	7040628	354907
3754	7044381	426869
3755	7048135	803021
3756	7051890	741740
3757	7055646	896058
3758	7059403	794233
3759	7063161	947841
3760	7066920	402224
3761	7070680	387956
3762	7074441	556760
3763	7078203	467419
3764	7081966	474944
3765	7085730	518813
3766	7089495	429456
3767	7093261	483452
3768	7097028	656837
3769	7100796	881078
3770	7104565	478921
3771	7108335	799092
3772	7112106	922110
3773	7115878	1185651
3774	7119651	552954
3775	7123425	421538
3776	7127200	483531
3777	7130976	467827
3778	7134753	404400
3779	7138531	379150
3780	7142310	613995
3781	7146090	338864
3782	7149871	781011
3783	7153653	936125
3784	7157436	497236
3785	7161220	534228
3786	7165005	1056288
3787	7168791	1040956
3788	7172578	612880
3789	7176366	708554
3790	7180155	659910
3791	7183945	335624
3792	7187736	407984
3793	7191528	403379
3794	7195321	903293
3795	7199115	696270
3796	7202910	454611
3797	7206706	842235
3798	7210503	480566
3799	7214301	652676
3800	7218100	287572
3801	7221900	408787
3802	7225701	607809
3803	7229503	927615
3804	7233306	1004017
3805	7237110	572965
3806	7240915	540268
3807	7244721	908781
3808	7248528	484671
3809	7252336	514919
3810	7256145	531782
3811	7259955	778588
3812	7263766	852231
3813	7267578	961726
3814	7271391	449241
3815	7275205	790086
3816	7279020	733494
3817	7282836	1054432
3818	7286653	400091
3819	7290471	500812
3820	7294290	405507
3821	7298110	461155
3822	7301931	444776
3823	7305753	374381
3824	7309576	379860
3825	7313400	435815
3826	7317225	842176
3827	7321051	1172472
3828	7324878	491039
3829	7328706	344453
3830	7332535	452278
3831	7336365	515141
3832	7340196	348871
3833	7344028	691703
3834	7347861	866753
3835	7351695	352579
3836	7355530	510708
3837	7359366	686858
3838	7363203	389045
3839	7367041	782312
3840	7370880	479030
3841	7374720	428894
3842	7378561	592469
3843	7382403	1076211
3844	7386246	820449
3845	7390090	732818
3846	7393935	839412
3847	7397781	915607
3848	7401628	728341
3849	7405476	793364
3850	7409325	557626
3851	7413175	551270
3852	7417026	527236
3853	7420878	441063
3854	7424731	480517
3855	7428585	852126
3856	7432440	488998
3857	7436296	541214
3858	7440153	692302
3859	7444011	551189
3860	7447870	444025
3861	7451730	450695
3862	7455591	331062
3863	7459453	1010425
3864	7463316	496722
3865	7467180	1016382
3866	7471045	466048
3867	7474911	911500
3868	7478778	921463
3869	7482646	712943
3870	7486515	506020
3871	7490385	877817
3872	7494256	635944
3873	7498128	952060
3874	7502001	980487
3875	7505875	706847
3876	7509750	565930
3877	7513626	553813
3878	7517503	590313
3879	7521381	598705
3880	7525260	842997
3881	7529140	620803
3882	7533021	563153
3883	7536903	791497
3884	7540786	864630
3885	7544670	396395
3886	7548555	468777
3887	7552441	690123
3888	7556328	747107
3889	7560216	819417
3890	7564105	858317
3891	7567995	398250
3892	7571886	365466
3893	7575778	513544
3894	7579671	792301
3895	7583565	587204
3896	7587460	1558856
3897	7591356	951909
3898	7595253	495235
3899	7599151	677603
3900	7603050	436998
3901	7606950	475752
3902	7610851	471084
3903	7614753	974537
3904	7618656	527563
3905	7622560	971901
3906	7626465	543218
3907	7630371	413606
3908	7634278	321670
3909	7638186	604306
3910	7642095	353090
3911	7646005	549042
3912	7649916	898003
3913	7653828	639420
3914	7657741	579717
3915	7661655	1026221
3916	7665570	520730
3917	7669486	1088752
3918	7673403	1060235
3919	7677321	740573
3920	7681240	936515
3921	7685160	685744
3922	7689081	367838
3923	7693003	536979
3924	7696926	428361
3925	7700850	306448
3926	7704775	490776
3927	7708701	1191020
3928	7712628	1090703
3929	7716556	1145535
3930	7720485	394253
3931	7724415	514225
3932	7728346	702970
3933	7732278	858280
3934	7736211	841985
3935	7740145	860031
3936	7744080	462875
3937	7748016	476196
3938	7751953	1136033
3939	7755891	1019312
3940	7759830	887940
3941	7763770	435652
3942	7767711	767491
3943	7771653	818441
3944	7775596	946218
3945	7779540	657610
3946	7783485	416206
3947	7787431	508493
3948	7791378	1004601
3949	7795326	615253
3950	7799275	699928
3951	7803225	920290
3952	7807176	985990
3953	7811128	461438
3954	7815081	283267
3955	7819035	420233
3956	7822990	532338
3957	7826946	825322
3958	7830903	633958
3959	7834861	885335
3960	7838820	564079
3961	7842780	458762
3962	7846741	314953
3963	7850703	915673
3964	7854666	879326
3965	7858630	275996
3966	7862595	412568
3967	7866561	400498
3968	7870528	961544
3969	7874496	1006536
3970	7878465	674062
3971	7882435	444763
3972	7886406	657237
3973	7890378	641275
3974	7894351	358845
3975	7898325	370300
3976	7902300	331828
3977	7906276	853687
3978	7910253	542056
3979	7914231	495729
3980	7918210	689417
3981	7922190	462461
3982	7926171	657571
3983	7930153	1328722
3984	7934136	576436
3985	7938120	699475
3986	7942105	653430
3987	7946091	399258
3988	7950078	554221
3989	7954066	894063
3990	7958055	1194590
3991	7962045	487226
3992	7966036	516630
3993	7970028	1154377
3994	7974021	471911
3995	7978015	927356
3996	7982010	682315
3997	7986006	447422
3998	7990003	435502
3999	7994001	676193
4000	7998000	390614
4001	8002000	646198
4002	8006001	677517
4003	8010003	481944
4004	8014006	626916
4005	8018010	812316
4006	8022015	932766
4007	8026021	1573821
4008	8030028	532353
4009	8034036	481340
4010	8038045	255493
4011	8042055	425094
4012	8046066	576255
4013	8050078	458155
4014	8054091	568178
4015	8058105	576552
4016	8062120	505805
4017	8066136	795310
4018	8070153	961003
4019	8074171	1052828
4020	8078190	616694
4021	8082210	1108058
4022	8086231	552954
4023	8090253	608373
4024	8094276	527730
4025	8098300	497190
4026	8102325	442868
4027	8106351	801770
4028	8110378	551634
4029	8114406	1120489
4030	8118435	937075
4031	8122465	859339
4032	8126496	495590
4033	8130528	517131
4034	8134561	1167360
4035	8138595	609662
4036	8142630	534795
4037	8146666	593002
4038	8150703	422873
4039	8154741	414005
4040	8158780	380452
4041	8162820	423915
4042	8166861	400421
4043	8170903	763786
4044	8174946	1002576
4045	8178990	1222656
4046	8183035	1365228
4047	8187081	812844
4048	8191128	774050
4049	8195176	774915
4050	8199225	1048596
4051	8203275	519778
4052	8207326	625938
4053	8211378	668162
4054	8215431	720497
4055	8219485	428984
4056	8223540	721556
4057	8227596	602042
4058	8231653	786696
4059	8235711	642234
4060	8239770	433060
4061	8243830	391666
4062	8247891	1000735
4063	8251953	832372
4064	8256016	1304978
4065	8260080	1252262
4066	8264145	510290
4067	8268211	933825
4068	8272278	762136
4069	8276346	1351227
4070	8280415	970166
4071	8284485	719714
4072	8288556	389305
4073	8292628	931309
4074	8296701	1141836
4075	8300775	807104
4076	8304850	1080872
4077	8308926	551389
4078	8313003	410894
4079	8317081	328207
4080	8321160	313353
4081	8325240	615712
4082	8329321	577872
4083	8333403	761490
4084	8337486	744757
4085	8341570	1174706
4086	8345655	771326
4087	8349741	1125777
4088	8353828	572685
4089	8357916	1371238
4090	8362005	834948
4091	8366095	830758
4092	8370186	407959
4093	8374278	867037
4094	8378371	645236
4095	8382465	465234
4096	8386560	1180870
4097	8390656	607797
4098	8394753	842956
4099	8398851	558647
4100	8402950	868888
4101	8407050	792010
4102	8411151	1210948
4103	8415253	753123
4104	8419356	857597
4105	8423460	1545618
4106	8427565	626977
4107	8431671	766074
4108	8435778	521323
4109	8439886	1133898
4110	8443995	601924
4111	8448105	1075500
4112	8452216	441044
4113	8456328	765657
4114	8460441	633061
4115	8464555	878739
4116	8468670	522759
4117	8472786	570133
4118	8476903	685582
4119	8481021	381632
4120	8485140	882357
4121	8489260	1373057
4122	8493381	1033265
4123	8497503	781735
4124	8501626	395618
4125	8505750	890902
4126	8509875	559585
4127	8514001	944390
4128	8518128	321468
4129	8522256	503782
4130	8526385	776490
4131	8530515	603431
4132	8534646	1142272
4133	8538778	813307
4134	8542911	425558
4135	8547045	892283
4136	8551180	1299964
4137	8555316	1042585
4138	8559453	754920
4139	8563591	634195
4140	8567730	1295200
4141	8571870	1333659
4142	8576011	717429
4143	8580153	745333
4144	8584296	874849
4145	8588440	1163747
4146	8592585	1159882
4147	8596731	1301421
4148	8600878	576234
4149	8605026	1490449
4150	8609175	1477851
4151	8613325	913760
4152	8617476	715164
4153	8621628	453608
4154	8625781	626408
4155	8629935	984375
4156	8634090	1278958
4157	8638246	643378
4158	8642403	950972
4159	8646561	990065
4160	8650720	666235
4161	8654880	822114
4162	8659041	507958
4163	8663203	626141
4164	8667366	897464
4165	8671530	1379932
4166	8675695	1194763
4167	8679861	876931
4168	8684028	1172071
4169	8688196	1305769
4170	8692365	1092093
4171	8696535	472618
4172	8700706	872638
4173	8704878	448840
4174	8709051	793121
4175	8713225	641359
4176	8717400	775238
4177	8721576	646202
4178	8725753	828021
4179	8729931	906181
4180	8734110	873934
4181	8738290	556604
4182	8742471	406431
4183	8746653	742541
4184	8750836	879413
4185	8755020	1029458
4186	8759205	715350
4187	8763391	991720
4188	8767578	552521
4189	8771766	744045
4190	8775955	536553
4191	8780145	521853
4192	8784336	675474
4193	8788528	605961
4194	8792721	708405
4195	8796915	708717
4196	8801110	801354
4197	8805306	793819
4198	8809503	562567
4199	8813701	1533463
4200	8817900	1202170
4201	8822100	591452
4202	8826301	644244
4203	8830503	562442
4204	8834706	1440944
4205	8838910	919575
4206	8843115	652281
4207	8847321	749413
4208	8851528	457650
4209	8855736	440970
4210	8859945	652159
4211	8864155	1449492
4212	8868366	538169
4213	8872578	806004
4214	8876791	948139
4215	8881005	478979
4216	8885220	783985
4217	8889436	893447
4218	8893653	894211
4219	8897871	1484703
4220	8902090	845302
4221	8906310	900151
4222	8910531	1019436
4223	8914753	597695
4224	8918976	1007921
4225	8923200	591083
4226	8927425	1044108
4227	8931651	725835
4228	8935878	1382321
4229	8940106	1080410
4230	8944335	627276
4231	8948565	667140
4232	8952796	480424
4233	8957028	765845
4234	8961261	1059098
4235	8965495	674639
4236	8969730	867814
4237	8973966	1361364
4238	8978203	1532581
4239	8982441	737233
4240	8986680	907521
4241	8990920	892645
4242	8995161	1058592
4243	8999403	438826
4244	9003646	1166015
4245	9007890	934271
4246	9012135	485943
4247	9016381	511002
4248	9020628	1096471
4249	9024876	1286505
4250	9029125	685885
4251	9033375	774059
4252	9037626	559433
4253	9041878	748608
4254	9046131	619313
4255	9050385	460472
4256	9054640	579237
4257	9058896	654865
4258	9063153	572828
4259	9067411	925763
4260	9071670	578264
4261	9075930	637356
4262	9080191	540751
4263	9084453	776111
4264	9088716	1097370
4265	9092980	714839
4266	9097245	875771
4267	9101511	722856
4268	9105778	885847
4269	9110046	1153591
4270	9114315	572162
4271	9118585	1090302
4272	9122856	850933
4273	9127128	679869
4274	9131401	2567484
4275	9135675	1660943
4276	9139950	792913
4277	9144226	996417
4278	9148503	635133
4279	9152781	433067
4280	9157060	939880
4281	9161340	660971
4282	9165621	932011
4283	9169903	959661
4284	9174186	585648
4285	9178470	1222757
4286	9182755	1394947
4287	9187041	1036522
4288	9191328	615385
4289	9195616	707223
4290	9199905	836173
4291	9204195	711666
4292	9208486	700584
4293	9212778	1336779
4294	9217071	1434071
4295	9221365	986208
4296	9225660	1418087
4297	9229956	734479
4298	9234253	1798119
4299	9238551	1635543
4300	9242850	984232
4301	9247150	558526
4302	9251451	1238424
4303	9255753	884068
4304	9260056	736081
4305	9264360	992143
4306	9268665	1587205
4307	9272971	697494
4308	9277278	610748
4309	9281586	940245
4310	9285895	1757975
4311	9290205	1142728
4312	9294516	770303
4313	9298828	768493
4314	9303141	397771
4315	9307455	1198374
4316	9311770	550164
4317	9316086	820082
4318	9320403	1174438
4319	9324721	787880
4320	9329040	747962
4321	9333360	656700
4322	9337681	543120
4323	9342003	699798
4324	9346326	875236
4325	9350650	1179259
4326	9354975	652873
4327	9359301	845785
4328	9363628	605623
4329	9367956	985388
4330	9372285	763390
4331	9376615	682829
4332	9380946	1154335
4333	9385278	807054
4334	9389611	1178021
4335	9393945	551669
4336	9398280	1747654
4337	9402616	860523
4338	9406953	750897
4339	9411291	588483
4340	9415630	642158
4341	9419970	655536
4342	9424311	791299
4343	9428653	561463
4344	9432996	820069
4345	9437340	660809
4346	9441685	675434
4347	9446031	1239745
4348	9450378	1367048
4349	9454726	806440
4350	9459075	764928
4351	9463425	750965
4352	9467776	579633
4353	9472128	1184451
4354	9476481	892575
4355	9480835	1957087
4356	9485190	1316174
4357	9489546	615378
4358	9493903	481307
4359	9498261	761706
4360	9502620	1028962
4361	9506980	629083
4362	9511341	515840
4363	9515703	610142
4364	9520066	742430
4365	9524430	856231
4366	9528795	1387284
4367	9533161	915136
4368	9537528	773977
4369	9541896	717118
4370	9546265	488932
4371	9550635	1671072
4372	9555006	1671159
4373	9559378	1997575
4374	9563751	1823604
4375	9568125	1299341
4376	9572500	3899269
4377	9576876	1700599
4378	9581253	1548152
4379	9585631	1307440
4380	9590010	990057
4381	9594390	650937
4382	9598771	785091
4383	9603153	1617688
4384	9607536	926351
4385	9611920	1470317
4386	9616305	674593
4387	9620691	572441
4388	9625078	475616
4389	9629466	599851
4390	9633855	612233
4391	9638245	531258
4392	9642636	721332
4393	9647028	948589
4394	9651421	794371
4395	9655815	890145
4396	9660210	1567215
4397	9664606	1113413
4398	9669003	833231
4399	9673401	581495
4400	9677800	930957
4401	9682200	641888
4402	9686601	823688
4403	9691003	775721
4404	9695406	878106
4405	9699810	1676184
4406	9704215	676285
4407	9708621	580770
4408	9713028	665555
4409	9717436	1192329
4410	9721845	1794155
4411	9726255	671652
4412	9730666	1860940
4413	9735078	868968
4414	9739491	765960
4415	9743905	813260
4416	9748320	616675
4417	9752736	671003
4418	9757153	536670
4419	9761571	1742140
4420	9765990	763419
4421	9770410	2628621
4422	9774831	847616
4423	9779253	647051
4424	9783676	718331
4425	9788100	883777
4426	9792525	1007871
4427	9796951	1823009
4428	9801378	1094281
4429	9805806	786222
4430	9810235	1098844
4431	9814665	546155
4432	9819096	771752
4433	9823528	663996
4434	9827961	1357618
4435	9832395	737150
4436	9836830	1072223
4437	9841266	1399287
4438	9845703	1095722
4439	9850141	918969
4440	9854580	1596077
4441	9859020	592253
4442	9863461	1572112
4443	9867903	1016810
4444	9872346	803635
4445	9876790	871652
4446	9881235	1354010
4447	9885681	1243973
4448	9890128	514124
4449	9894576	973728
4450	9899025	635626
4451	9903475	625183
4452	9907926	534979
4453	9912378	1036293
4454	9916831	1229209
4455	9921285	1154257
4456	9925740	1584007
4457	9930196	1089201
4458	9934653	728166
4459	9939111	609733
4460	9943570	1349396
4461	9948030	1492053
4462	9952491	670222
4463	9956953	1792419
4464	9961416	757576
4465	9965880	520014
4466	9970345	852772
4467	9974811	1405455
4468	9979278	863223
4469	9983746	638712
4470	9988215	1257091
4471	9992685	1097356
4472	9997156	2031872
4473	10001628	640877
4474	10006101	928129
4475	10010575	1008599
4476	10015050	1190229
4477	10019526	620574
4478	10024003	663177
4479	10028481	1400611
4480	10032960	1099417
4481	10037440	696885
4482	10041921	678093
4483	10046403	981720
4484	10050886	783186
4485	10055370	688859
4486	10059855	994965
4487	10064341	970006
4488	10068828	974207
4489	10073316	831545
4490	10077805	1364783
4491	10082295	710848
4492	10086786	842970
4493	10091278	419590
4494	10095771	910000
4495	10100265	677721
4496	10104760	1956094
4497	10109256	2131498
4498	10113753	1665239
4499	10118251	916676
4500	10122750	1001153
4501	10127250	685549
4502	10131751	511592
4503	10136253	1174519
4504	10140756	1162931
4505	10145260	806127
4506	10149765	569259
4507	10154271	818202
4508	10158778	718057
4509	10163286	515944
4510	10167795	1097979
4511	10172305	1598895
4512	10176816	828580
4513	10181328	2047967
4514	10185841	1295605
4515	10190355	836751
4516	10194870	1430167
4517	10199386	951629
4518	10203903	872171
4519	10208421	1315601
4520	10212940	982824
4521	10217460	626846
4522	10221981	1343006
4523	10226503	1257761
4524	10231026	1430723
4525	10235550	1730314
4526	10240075	718003
4527	10244601	2251728
4528	10249128	1210965
4529	10253656	754902
4530	10258185	1256688
4531	10262715	640359
4532	10267246	940243
4533	10271778	841257
4534	10276311	523700
4535	10280845	1075073
4536	10285380	902586
4537	10289916	755284
4538	10294453	660836
4539	10298991	1356581
4540	10303530	1165319
4541	10308070	842596
4542	10312611	895686
4543	10317153	709833
4544	10321696	1279325
4545	10326240	1009352
4546	10330785	555917
4547	10335331	965806
4548	10339878	1523117
4549	10344426	1336900
4550	10348975	1423034
4551	10353525	724417
4552	10358076	653158
4553	10362628	970514
4554	10367181	477423
4555	10371735	1224364
4556	10376290	658030
4557	10380846	1177353
4558	10385403	1356791
4559	10389961	848709
4560	10394520	990891
4561	10399080	853911
4562	10403641	1536862
4563	10408203	851046
4564	10412766	1160382
4565	10417330	595838
4566	10421895	625524
4567	10426461	758514
4568	10431028	1538806
4569	10435596	1288511
4570	10440165	1397626
4571	10444735	793624
4572	10449306	755652
4573	10453878	655643
4574	10458451	549837
4575	10463025	472194
4576	10467600	654305
4577	10472176	628995
4578	10476753	1245389
4579	10481331	1358572
4580	10485910	1045624
4581	10490490	2299996
4582	10495071	1283645
4583	10499653	939750
4584	10504236	728176
4585	10508820	1037329
4586	10513405	1229169
4587	10517991	783942
4588	10522578	910144
4589	10527166	959349
4590	10531755	484261
4591	10536345	1186268
4592	10540936	1094252
4593	10545528	1623615
4594	10550121	1510635
4595	10554715	1527405
4596	10559310	1094164
4597	10563906	1938714
4598	10568503	1168681
4599	10573101	649474
4600	10577700	1284098
4601	10582300	797571
4602	10586901	1557489
4603	10591503	1158917
4604	10596106	1375138
4605	10600710	1950760
4606	10605315	1155362
4607	10609921	824197
4608	10614528	1891743
4609	10619136	769327
4610	10623745	1374693
4611	10628355	2234149
4612	10632966	1003902
4613	10637578	914062
4614	10642191	834913
4615	10646805	635264
4616	10651420	542765
4617	10656036	1093375
4618	10660653	921008
4619	10665271	1179077
4620	10669890	1020562
4621	10674510	882330
4622	10679131	738212
4623	10683753	859312
4624	10688376	710212
4625	10693000	956817
4626	10697625	651337
4627	10702251	836586
4628	10706878	1250903
4629	10711506	1244072
4630	10716135	627623
4631	10720765	826216
4632	10725396	792362
4633	10730028	516351
4634	10734661	510581
4635	10739295	627191
4636	10743930	1107388
4637	10748566	666928
4638	10753203	770788
4639	10757841	458435
4640	10762480	887671
4641	10767120	901021
4642	10771761	1222635
4643	10776403	691529
4644	10781046	787039
4645	10785690	910329
4646	10790335	601061
4647	10794981	1107442
4648	10799628	1001521
4649	10804276	853180
4650	10808925	716072
4651	10813575	921819
4652	10818226	887966
4653	10822878	1679713
4654	10827531	1218685
4655	10832185	2154248
4656	10836840	1740472
4657	10841496	1262437
4658	10846153	1193815
4659	10850811	603419
4660	10855470	858705
4661	10860130	1615742
4662	10864791	549352
4663	10869453	696596
4664	10874116	1374145
4665	10878780	620110
4666	10883445	1011143
4667	10888111	1011084
4668	10892778	955249
4669	10897446	2889358
4670	10902115	737191
4671	10906785	1959331
4672	10911456	1977019
4673	10916128	1570220
4674	10920801	872631
4675	10925475	930135
4676	10930150	848629
4677	10934826	1617792
4678	10939503	1150371
4679	10944181	1712642
4680	10948860	613104
4681	10953540	902627
4682	10958221	987216
4683	10962903	634195
4684	10967586	1561198
4685	10972270	810117
4686	10976955	956038
4687	10981641	1489455
4688	10986328	1000993
4689	10991016	959251
4690	10995705	553321
4691	11000395	786133
4692	11005086	1188965
4693	11009778	1728395
4694	11014471	1603746
4695	11019165	1445663
4696	11023860	1392898
4697	11028556	1164722
4698	11033253	915931
4699	11037951	757084
4700	11042650	669791
4701	11047350	635920
4702	11052051	804619
4703	11056753	866795
4704	11061456	650092
4705	11066160	2156149
4706	11070865	1676406
4707	11075571	1275986
4708	11080278	1472758
4709	11084986	569812
4710	11089695	1888567
4711	11094405	1346565
4712	11099116	1080696
4713	11103828	899748
4714	11108541	849466
4715	11113255	1172208
4716	11117970	592739
4717	11122686	2767423
4718	11127403	1476244
4719	11132121	2301398
4720	11136840	1177028
4721	11141560	1839097
4722	11146281	1767547
4723	11151003	659370
4724	11155726	731304
4725	11160450	916273
4726	11165175	823702
4727	11169901	859580
4728	11174628	951482
4729	11179356	1486756
4730	11184085	1258446
4731	11188815	543783
4732	11193546	556216
4733	11198278	853095
4734	11203011	1204080
4735	11207745	1178999
4736	11212480	1299033
4737	11217216	594530
4738	11221953	2017929
4739	11226691	1586713
4740	11231430	734148
4741	11236170	1077299
4742	11240911	632197
4743	11245653	1072647
4744	11250396	817839
4745	11255140	1048471
4746	11259885	1914311
4747	11264631	1700546
4748	11269378	998913
4749	11274126	820661
4750	11278875	1776582
4751	11283625	1791328
4752	11288376	1194667
4753	11293128	826174
4754	11297881	760260
4755	11302635	1320720
4756	11307390	769181
4757	11312146	922283
4758	11316903	1089452
4759	11321661	1662528
4760	11326420	947069
4761	11331180	511137
4762	11335941	854438
4763	11340703	844920
4764	11345466	1102679
4765	11350230	962957
4766	11354995	756613
4767	11359761	902743
4768	11364528	607786
4769	11369296	1072487
4770	11374065	1400126
4771	11378835	565800
4772	11383606	895085
4773	11388378	1404367
4774	11393151	1871850
4775	11397925	2166273
4776	11402700	1156950
4777	11407476	1904814
4778	11412253	1906599
4779	11417031	1059475
4780	11421810	926539
4781	11426590	1161703
4782	11431371	679281
4783	11436153	905744
4784	11440936	689649
4785	11445720	1737556
4786	11450505	1265691
4787	11455291	1822238
4788	11460078	2265646
4789	11464866	1100733
4790	11469655	893616
4791	11474445	686482
4792	11479236	679473
4793	11484028	1151212
4794	11488821	693395
4795	11493615	1465955
4796	11498410	1637796
4797	11503206	2012875
4798	11508003	1227570
4799	11512801	2033904
4800	11517600	1091636
4801	11522400	1103655
4802	11527201	865653
4803	11532003	1350219
4804	11536806	730092
4805	11541610	905352
4806	11546415	934033
4807	11551221	859984
4808	11556028	1084562
4809	11560836	1715472
4810	11565645	2107260
4811	11570455	851905
4812	11575266	808559
4813	11580078	1087948
4814	11584891	2018020
4815	11589705	782685
4816	11594520	1170928
4817	11599336	927763
4818	11604153	855631
4819	11608971	635054
4820	11613790	1021445
4821	11618610	1624386
4822	11623431	1545420
4823	11628253	1681786
4824	11633076	1047697
4825	11637900	1128695
4826	11642725	631246
4827	11647551	1772976
4828	11652378	861143
4829	11657206	823073
4830	11662035	1255115
4831	11666865	1235087
4832	11671696	701660
4833	11676528	1895174
4834	11681361	2111319
4835	11686195	1144716
4836	11691030	1593152
4837	11695866	1035113
4838	11700703	980089
4839	11705541	878783
4840	11710380	1069016
4841	11715220	879194
4842	11720061	804158
4843	11724903	718671
4844	11729746	1611912
4845	11734590	1110208
4846	11739435	964652
4847	11744281	1810020
4848	11749128	2058777
4849	11753976	986000
4850	11758825	828830
4851	11763675	1003170
4852	11768526	1396216
4853	11773378	834117
4854	11778231	1532233
4855	11783085	758381
4856	11787940	759360
4857	11792796	1569569
4858	11797653	1301740
4859	11802511	603650
4860	11807370	1921488
4861	11812230	1289792
4862	11817091	984774
4863	11821953	1563748
4864	11826816	1068619
4865	11831680	849825
4866	11836545	2525460
4867	11841411	2593698
4868	11846278	875418
4869	11851146	1971475
4870	11856015	832762
4871	11860885	760642
4872	11865756	1629486
4873	11870628	994369
4874	11875501	1895884
4875	11880375	829722
4876	11885250	1631752
4877	11890126	578566
4878	11895003	957150
4879	11899881	964045
4880	11904760	1577868
4881	11909640	3683580
4882	11914521	1277707
4883	11919403	1955092
4884	11924286	1203757
4885	11929170	1004322
4886	11934055	788360
4887	11938941	1412130
4888	11943828	2103143
4889	11948716	1096587
4890	11953605	1058251
4891	11958495	2083738
4892	11963386	1417754
4893	11968278	971296
4894	11973171	825808
4895	11978065	807762
4896	11982960	1180298
4897	11987856	1444734
4898	11992753	2076674
4899	11997651	1208450
4900	12002550	886764
4901	12007450	735011
4902	12012351	2277282
4903	12017253	1574210
4904	12022156	1946309
4905	12027060	986972
4906	12031965	1107749
4907	12036871	2450251
4908	12041778	1993605
4909	12046686	669703
4910	12051595	1014860
4911	12056505	1041395
4912	12061416	1897842
4913	12066328	1570407
4914	12071241	1639099
4915	12076155	3443351
4916	12081070	2642721
4917	12085986	2541941
4918	12090903	6472824
4919	12095821	4025931
4920	12100740	8981064
4921	12105660	5194618
4922	12110581	5339416
4923	12115503	2978465
