100	4950	0
101	5050	15
102	5151	0
103	5253	0
104	5356	0
105	5460	1
106	5565	0
107	5671	0
108	5778	0
109	5886	1
110	5995	0
111	6105	0
112	6216	1
113	6328	1
114	6441	0
115	6555	2
116	6670	1
117	6786	0
118	6903	0
119	7021	89
120	7140	1
121	7260	3
122	7381	0
123	7503	1
124	7626	2
125	7750	1
126	7875	1
127	8001	1
128	8128	0
129	8256	1
130	8385	1
131	8515	1
132	8646	2
133	8778	366
134	8911	1
135	9045	0
136	9180	1
137	9316	1
138	9453	1
139	9591	1
140	9730	3
141	9870	0
142	10011	1
143	10153	1
144	10296	1
145	10440	0
146	10585	1
147	10731	1
148	10878	1
149	11026	1
150	11175	1
151	11325	1
152	11476	1
153	11628	10
154	11781	0
155	11935	1
156	12090	1
157	12246	7
158	12403	22
159	12561	1
160	12720	1
161	12880	1
162	13041	1
163	13203	3
164	13366	1
165	13530	1
166	13695	1
167	13861	2
168	14028	1
169	14196	2
170	14365	1
171	14535	1
172	14706	2
173	14878	2
174	15051	1
175	15225	2
176	15400	2
177	15576	3
178	15753	146
179	15931	1
180	16110	1
181	16290	0
182	16471	1
183	16653	1
184	16836	1
185	17020	1
186	17205	126
187	17391	1
188	17578	1
189	17766	2
190	17955	1
191	18145	1
192	18336	1
193	18528	1
194	18721	1
195	18915	1
196	19110	2
197	19306	0
198	19503	3
199	19701	2
200	19900	1
201	20100	2
202	20301	1
203	20503	1
204	20706	2
205	20910	1
206	21115	1
207	21321	7
208	21528	2
209	21736	1
210	21945	1
211	22155	2
212	22366	1
213	22578	2
214	22791	4
215	23005	2
216	23220	2
217	23436	4
218	23653	0
219	23871	3
220	24090	2
221	24310	2
222	24531	2
223	24753	1
224	24976	2
225	25200	2
226	25425	2
227	25651	2
228	25878	2
229	26106	2
230	26335	1
231	26565	6
232	26796	137
233	27028	1
234	27261	1
235	27495	2
236	27730	2
237	27966	2
238	28203	1
239	28441	7
240	28680	2
241	28920	2
242	29161	1
243	29403	1
244	29646	2
245	29890	9
246	30135	1
247	30381	1
248	30628	1
249	30876	1
250	31125	2
251	31375	1
252	31626	1
253	31878	1
254	32131	2
255	32385	1
256	32640	2
257	32896	3
258	33153	1
259	33411	1
260	33670	1
261	33930	3
262	34191	1
263	34453	2
264	34716	2
265	34980	84
266	35245	1
267	35511	2
268	35778	1
269	36046	2
270	36315	3
271	36585	2
272	36856	2
273	37128	3
274	37401	2
275	37675	6
276	37950	3
277	38226	2
278	38503	1
279	38781	2
280	39060	1
281	39340	16
282	39621	2
283	39903	1
284	40186	2
285	40470	1
286	40755	1
287	41041	2
288	41328	2
289	41616	2
290	41905	1
291	42195	1
292	42486	1
293	42778	2
294	43071	2
295	43365	1
296	43660	1
297	43956	1
298	44253	2
299	44551	2
300	44850	1
301	45150	1
302	45451	2
303	45753	1
304	46056	1
305	46360	2
306	46665	2
307	46971	2
308	47278	2
309	47586	1
310	47895	2
311	48205	1
312	48516	2
313	48828	1
314	49141	2
315	49455	3
316	49770	3
317	50086	3
318	50403	2
319	50721	2
320	51040	1
321	51360	1
322	51681	2
323	52003	5
324	52326	1
325	52650	1
326	52975	2
327	53301	1
328	53628	1
329	53956	2
330	54285	2
331	54615	1
332	54946	2
333	55278	2
334	55611	1
335	55945	2
336	56280	1
337	56616	4
338	56953	4
339	57291	2
340	57630	1
341	57970	2
342	58311	3
343	58653	3
344	58996	3
345	59340	3
346	59685	4
347	60031	3
348	60378	2
349	60726	3
350	61075	3
351	61425	3
352	61776	1
353	62128	2
354	62481	2
355	62835	3
356	63190	4
357	63546	3
358	63903	2
359	64261	3
360	64620	1
361	64980	3
362	65341	1
363	65703	3
364	66066	3
365	66430	3
366	66795	3
367	67161	2
368	67528	1
369	67896	3
370	68265	3
371	68635	3
372	69006	2
373	69378	2
374	69751	3
375	70125	1
376	70500	3
377	70876	2
378	71253	4
379	71631	5
380	72010	2
381	72390	2
382	72771	4
383	73153	3
384	73536	5
385	73920	1
386	74305	2
387	74691	2
388	75078	3
389	75466	3
390	75855	2
391	76245	3
392	76636	2
393	77028	2
394	77421	3
395	77815	2
396	78210	2
397	78606	2
398	79003	3
399	79401	3
400	79800	3
401	80200	3
402	80601	3
403	81003	4
404	81406	2
405	81810	1
406	82215	2
407	82621	2
408	83028	3
409	83436	1
410	83845	2
411	84255	5
412	84666	2
413	85078	5
414	85491	4
415	85905	4
416	86320	3
417	86736	3
418	87153	2
419	87571	4
420	87990	4
421	88410	2
422	88831	5
423	89253	3
424	89676	2
425	90100	2
426	90525	5
427	90951	4
428	91378	4
429	91806	4
430	92235	3
431	92665	2
432	93096	3
433	93528	2
434	93961	4
435	94395	2
436	94830	3
437	95266	2
438	95703	2
439	96141	2
440	96580	2
441	97020	3
442	97461	2
443	97903	3
444	98346	3
445	98790	3
446	99235	3
447	99681	4
448	100128	3
449	100576	2
450	101025	3
451	101475	4
452	101926	2
453	102378	3
454	102831	3
455	103285	3
456	103740	3
457	104196	2
458	104653	2
459	105111	2
460	105570	2
461	106030	3
462	106491	7
463	106953	8
464	107416	3
465	107880	2
466	108345	3
467	108811	3
468	109278	2
469	109746	4
470	110215	3
471	110685	3
472	111156	4
473	111628	3
474	112101	4
475	112575	3
476	113050	4
477	113526	3
478	114003	2
479	114481	4
480	114960	4
481	115440	3
482	115921	2
483	116403	3
484	116886	4
485	117370	3
486	117855	4
487	118341	149
488	118828	3
489	119316	3
490	119805	4
491	120295	3
492	120786	3
493	121278	4
494	121771	2
495	122265	9
496	122760	3
497	123256	3
498	123753	4
499	124251	4
500	124750	3
501	125250	4
502	125751	3
503	126253	4
504	126756	4
505	127260	4
506	127765	53
507	128271	3
508	128778	5
509	129286	3
510	129795	6
511	130305	4
512	130816	4
513	131328	14
514	131841	18
515	132355	6
516	132870	3
517	133386	2
518	133903	7
519	134421	2
520	134940	4
521	135460	7
522	135981	7
523	136503	5
524	137026	4
525	137550	6
526	138075	3
527	138601	3
528	139128	7
529	139656	6
530	140185	3
531	140715	6
532	141246	5
533	141778	3
534	142311	4
535	142845	5
536	143380	6
537	143916	3
538	144453	5
539	144991	3
540	145530	7
541	146070	3
542	146611	7
543	147153	5
544	147696	5
545	148240	5
546	148785	5
547	149331	3
548	149878	3
549	150426	3
550	150975	7
551	151525	4
552	152076	6
553	152628	170
554	153181	6
555	153735	8
556	154290	2
557	154846	5
558	155403	3
559	155961	5
560	156520	7
561	157080	2
562	157641	6
563	158203	3
564	158766	6
565	159330	8
566	159895	6
567	160461	4
568	161028	3
569	161596	3
570	162165	8
571	162735	3
572	163306	3
573	163878	118
574	164451	4
575	165025	6
576	165600	4
577	166176	3
578	166753	5
579	167331	5
580	167910	2
581	168490	5
582	169071	6
583	169653	3
584	170236	5
585	170820	6
586	171405	4
587	171991	5
588	172578	129
589	173166	3
590	173755	5
591	174345	2
592	174936	6
593	175528	3
594	176121	6
595	176715	5
596	177310	6
597	177906	4
598	178503	12
599	179101	6
600	179700	6
601	180300	7
602	180901	6
603	181503	4
604	182106	4
605	182710	5
606	183315	4
607	183921	4
608	184528	3
609	185136	13
610	185745	7
611	186355	5
612	186966	3
613	187578	14
614	188191	5
615	188805	40
616	189420	5
617	190036	6
618	190653	3
619	191271	4
620	191890	4
621	192510	6
622	193131	4
623	193753	7
624	194376	6
625	195000	4
626	195625	3
627	196251	3
628	196878	5
629	197506	4
630	198135	5
631	198765	3
632	199396	5
633	200028	7
634	200661	6
635	201295	3
636	201930	4
637	202566	6
638	203203	6
639	203841	9
640	204480	6
641	205120	10
642	205761	6
643	206403	3
644	207046	5
645	207690	5
646	208335	4
647	208981	3
648	209628	5
649	210276	4
650	210925	4
651	211575	4
652	212226	3
653	212878	6
654	213531	4
655	214185	4
656	214840	6
657	215496	7
658	216153	6
659	216811	72
660	217470	6
661	218130	3
662	218791	6
663	219453	4
664	220116	3
665	220780	5
666	221445	5
667	222111	3
668	222778	6
669	223446	5
670	224115	5
671	224785	5
672	225456	4
673	226128	5
674	226801	3
675	227475	6
676	228150	6
677	228826	37
678	229503	5
679	230181	6
680	230860	9
681	231540	3
682	232221	7
683	232903	3
684	233586	4
685	234270	6
686	234955	7
687	235641	12
688	236328	6
689	237016	5
690	237705	8
691	238395	4
692	239086	8
693	239778	4
694	240471	12
695	241165	8
696	241860	6
697	242556	7
698	243253	7
699	243951	4
700	244650	44
701	245350	8
702	246051	8
703	246753	6
704	247456	7
705	248160	5
706	248865	7
707	249571	4
708	250278	5
709	250986	6
710	251695	5
711	252405	3
712	253116	5
713	253828	7
714	254541	145
715	255255	6
716	255970	25
717	256686	6
718	257403	5
719	258121	7
720	258840	5
721	259560	5
722	260281	6
723	261003	3
724	261726	8
725	262450	8
726	263175	7
727	263901	7
728	264628	7
729	265356	9
730	266085	7
731	266815	7
732	267546	7
733	268278	7
734	269011	7
735	269745	3
736	270480	7
737	271216	12
738	271953	5
739	272691	8
740	273430	8
741	274170	9
742	274911	3
743	275653	12
744	276396	8
745	277140	5
746	277885	5
747	278631	12
748	279378	9
749	280126	92
750	280875	3
751	281625	9
752	282376	9
753	283128	8
754	283881	5
755	284635	7
756	285390	6
757	286146	6
758	286903	4
759	287661	8
760	288420	8
761	289180	6
762	289941	8
763	290703	5
764	291466	5
765	292230	8
766	292995	5
767	293761	3
768	294528	4
769	295296	9
770	296065	5
771	296835	6
772	297606	9
773	298378	9
774	299151	8
775	299925	8
776	300700	7
777	301476	11
778	302253	3
779	303031	6
780	303810	63
781	304590	11
782	305371	9
783	306153	12
784	306936	7
785	307720	6
786	308505	4
787	309291	9
788	310078	6
789	310866	83
790	311655	8
791	312445	8
792	313236	156
793	314028	5
794	314821	6
795	315615	5
796	316410	8
797	317206	8
798	318003	8
799	318801	9
800	319600	8
801	320400	8
802	321201	6
803	322003	6
804	322806	3
805	323610	10
806	324415	9
807	325221	9
808	326028	9
809	326836	4
810	327645	77
811	328455	7
812	329266	6
813	330078	4
814	330891	8
815	331705	8
816	332520	14
817	333336	10
818	334153	5
819	334971	12
820	335790	8
821	336610	9
822	337431	10
823	338253	60
824	339076	9
825	339900	9
826	340725	6
827	341551	10
828	342378	10
829	343206	9
830	344035	11
831	344865	4
832	345696	8
833	346528	9
834	347361	9
835	348195	4
836	349030	8
837	349866	9
838	350703	9
839	351541	9
840	352380	9
841	353220	13
842	354061	9
843	354903	7
844	355746	9
845	356590	11
846	357435	6
847	358281	5
848	359128	10
849	359976	15
850	360825	10
851	361675	4
852	362526	11
853	363378	17
854	364231	10
855	365085	9
856	365940	9
857	366796	4
858	367653	5
859	368511	10
860	369370	14
861	370230	10
862	371091	6
863	371953	12
864	372816	10
865	373680	4
866	374545	21
867	375411	8
868	376278	7
869	377146	7
870	378015	5
871	378885	6
872	379756	7
873	380628	7
874	381501	5
875	382375	6
876	383250	7
877	384126	120
878	385003	6
879	385881	50
880	386760	137
881	387640	7
882	388521	56
883	389403	5
884	390286	7
885	391170	5
886	392055	5
887	392941	5
888	393828	11
889	394716	8
890	395605	7
891	396495	7
892	397386	7
893	398278	6
894	399171	6
895	400065	18
896	400960	5
897	401856	92
898	402753	6
899	403651	5
900	404550	5
901	405450	6
902	406351	7
903	407253	4
904	408156	4
905	409060	8
906	409965	24
907	410871	7
908	411778	5
909	412686	7
910	413595	7
911	414505	6
912	415416	5
913	416328	8
914	417241	7
915	418155	8
916	419070	7
917	419986	6
918	420903	6
919	421821	6
920	422740	7
921	423660	7
922	424581	10
923	425503	7
924	426426	8
925	427350	8
926	428275	6
927	429201	7
928	430128	5
929	431056	7
930	431985	7
931	432915	6
932	433846	7
933	434778	7
934	435711	5
935	436645	7
936	437580	77
937	438516	6
938	439453	6
939	440391	5
940	441330	102
941	442270	7
942	443211	8
943	444153	48
944	445096	5
945	446040	7
946	446985	6
947	447931	4
948	448878	7
949	449826	6
950	450775	7
951	451725	5
952	452676	226
953	453628	6
954	454581	44
955	455535	5
956	456490	9
957	457446	5
958	458403	7
959	459361	5
960	460320	8
961	461280	7
962	462241	5
963	463203	7
964	464166	6
965	465130	7
966	466095	8
967	467061	7
968	468028	5
969	468996	5
970	469965	5
971	470935	5
972	471906	6
973	472878	7
974	473851	7
975	474825	7
976	475800	5
977	476776	7
978	477753	130
979	478731	45
980	479710	5
981	480690	8
982	481671	8
983	482653	7
984	483636	5
985	484620	8
986	485605	7
987	486591	7
988	487578	9
989	488566	37
990	489555	6
991	490545	7
992	491536	8
993	492528	5
994	493521	6
995	494515	5
996	495510	6
997	496506	7
998	497503	5
999	498501	7
1000	499500	6
1001	500500	5
1002	501501	5
1003	502503	7
1004	503506	6
1005	504510	7
1006	505515	5
1007	506521	5
1008	507528	5
1009	508536	9
1010	509545	15
1011	510555	6
1012	511566	5
1013	512578	5
1014	513591	9
1015	514605	7
1016	515620	11
1017	516636	8
1018	517653	6
1019	518671	7
1020	519690	5
1021	520710	7
1022	521731	7
1023	522753	7
1024	523776	8
1025	524800	12
1026	525825	12
1027	526851	14
1028	527878	6
1029	528906	7
1030	529935	12
1031	530965	15
1032	531996	5
1033	533028	7
1034	534061	7
1035	535095	13
1036	536130	14
1037	537166	10
1038	538203	6
1039	539241	16
1040	540280	13
1041	541320	15
1042	542361	14
1043	543403	7
1044	544446	161
1045	545490	12
1046	546535	13
1047	547581	145
1048	548628	10
1049	549676	11
1050	550725	13
1051	551775	12
1052	552826	8
1053	553878	5
1054	554931	10
1055	555985	5
1056	557040	178
1057	558096	15
1058	559153	9
1059	560211	12
1060	561270	11
1061	562330	117
1062	563391	4
1063	564453	13
1064	565516	103
1065	566580	11
1066	567645	12
1067	568711	13
1068	569778	6
1069	570846	10
1070	571915	10
1071	572985	10
1072	574056	19
1073	575128	6
1074	576201	7
1075	577275	11
1076	578350	5
1077	579426	512
1078	580503	96
1079	581581	11
1080	582660	13
1081	583740	15
1082	584821	5
1083	585903	148
1084	586986	11
1085	588070	12
1086	589155	10
1087	590241	12
1088	591328	12
1089	592416	19
1090	593505	11
1091	594595	139
1092	595686	8
1093	596778	5
1094	597871	12
1095	598965	13
1096	600060	7
1097	601156	110
1098	602253	14
1099	603351	18
1100	604450	14
1101	605550	13
1102	606651	11
1103	607753	11
1104	608856	98
1105	609960	13
1106	611065	15
1107	612171	14
1108	613278	4
1109	614386	13
1110	615495	6
1111	616605	14
1112	617716	5
1113	618828	11
1114	619941	6
1115	621055	8
1116	622170	10
1117	623286	15
1118	624403	6
1119	625521	12
1120	626640	12
1121	627760	9
1122	628881	94
1123	630003	6
1124	631126	10
1125	632250	6
1126	633375	11
1127	634501	5
1128	635628	7
1129	636756	8
1130	637885	13
1131	639015	16
1132	640146	137
1133	641278	5
1134	642411	11
1135	643545	6
1136	644680	16
1137	645816	7
1138	646953	14
1139	648091	10
1140	649230	12
1141	650370	14
1142	651511	13
1143	652653	14
1144	653796	7
1145	654940	7
1146	656085	7
1147	657231	197
1148	658378	14
1149	659526	11
1150	660675	15
1151	661825	13
1152	662976	11
1153	664128	10
1154	665281	12
1155	666435	14
1156	667590	5
1157	668746	20
1158	669903	7
1159	671061	20
1160	672220	8
1161	673380	16
1162	674541	5
1163	675703	9
1164	676866	13
1165	678030	5
1166	679195	152
1167	680361	13
1168	681528	12
1169	682696	13
1170	683865	17
1171	685035	12
1172	686206	13
1173	687378	12
1174	688551	20
1175	689725	13
1176	690900	9
1177	692076	13
1178	693253	12
1179	694431	12
1180	695610	14
1181	696790	13
1182	697971	8
1183	699153	18
1184	700336	7
1185	701520	8
1186	702705	105
1187	703891	13
1188	705078	11
1189	706266	12
1190	707455	16
1191	708645	6
1192	709836	8
1193	711028	7
1194	712221	13
1195	713415	19
1196	714610	14
1197	715806	13
1198	717003	12
1199	718201	12
1200	719400	7
1201	720600	11
1202	721801	11
1203	723003	150
1204	724206	14
1205	725410	7
1206	726615	9
1207	727821	22
1208	729028	7
1209	730236	12
1210	731445	9
1211	732655	11
1212	733866	24
1213	735078	17
1214	736291	33
1215	737505	14
1216	738720	8
1217	739936	13
1218	741153	13
1219	742371	10
1220	743590	11
1221	744810	28
1222	746031	10
1223	747253	6
1224	748476	7
1225	749700	10
1226	750925	13
1227	752151	6
1228	753378	8
1229	754606	8
1230	755835	157
1231	757065	7
1232	758296	12
1233	759528	12
1234	760761	149
1235	761995	12
1236	763230	7
1237	764466	13
1238	765703	24
1239	766941	12
1240	768180	93
1241	769420	10
1242	770661	14
1243	771903	9
1244	773146	14
1245	774390	12
1246	775635	10
1247	776881	11
1248	778128	7
1249	779376	13
1250	780625	11
1251	781875	11
1252	783126	11
1253	784378	12
1254	785631	8
1255	786885	10
1256	788140	12
1257	789396	12
1258	790653	7
1259	791911	13
1260	793170	8
1261	794430	11
1262	795691	7
1263	796953	10
1264	798216	10
1265	799480	10
1266	800745	11
1267	802011	7
1268	803278	7
1269	804546	8
1270	805815	11
1271	807085	9
1272	808356	14
1273	809628	9
1274	810901	15
1275	812175	6
1276	813450	7
1277	814726	12
1278	816003	143
1279	817281	12
1280	818560	16
1281	819840	18
1282	821121	12
1283	822403	180
1284	823686	12
1285	824970	10
1286	826255	12
1287	827541	173
1288	828828	9
1289	830116	133
1290	831405	11
1291	832695	10
1292	833986	12
1293	835278	51
1294	836571	8
1295	837865	133
1296	839160	12
1297	840456	6
1298	841753	9
1299	843051	12
1300	844350	13
1301	845650	11
1302	846951	8
1303	848253	155
1304	849556	12
1305	850860	10
1306	852165	10
1307	853471	10
1308	854778	187
1309	856086	10
1310	857395	43
1311	858705	9
1312	860016	12
1313	861328	13
1314	862641	7
1315	863955	9
1316	865270	12
1317	866586	9
1318	867903	5
1319	869221	8
1320	870540	12
1321	871860	10
1322	873181	11
1323	874503	10
1324	875826	149
1325	877150	12
1326	878475	12
1327	879801	102
1328	881128	12
1329	882456	8
1330	883785	153
1331	885115	13
1332	886446	6
1333	887778	10
1334	889111	10
1335	890445	6
1336	891780	10
1337	893116	14
1338	894453	16
1339	895791	15
1340	897130	190
1341	898470	12
1342	899811	39
1343	901153	11
1344	902496	12
1345	903840	6
1346	905185	11
1347	906531	70
1348	907878	9
1349	909226	7
1350	910575	17
1351	911925	12
1352	913276	12
1353	914628	10
1354	915981	6
1355	917335	18
1356	918690	12
1357	920046	8
1358	921403	15
1359	922761	9
1360	924120	10
1361	925480	10
1362	926841	9
1363	928203	13
1364	929566	6
1365	930930	6
1366	932295	15
1367	933661	9
1368	935028	8
1369	936396	8
1370	937765	7
1371	939135	12
1372	940506	11
1373	941878	131
1374	943251	8
1375	944625	8
1376	946000	14
1377	947376	12
1378	948753	13
1379	950131	156
1380	951510	11
1381	952890	17
1382	954271	8
1383	955653	13
1384	957036	9
1385	958420	9
1386	959805	11
1387	961191	8
1388	962578	161
1389	963966	7
1390	965355	13
1391	966745	8
1392	968136	10
1393	969528	11
1394	970921	10
1395	972315	6
1396	973710	12
1397	975106	129
1398	976503	12
1399	977901	12
1400	979300	13
1401	980700	8
1402	982101	8
1403	983503	13
1404	984906	7
1405	986310	13
1406	987715	14
1407	989121	8
1408	990528	11
1409	991936	12
1410	993345	17
1411	994755	93
1412	996166	15
1413	997578	13
1414	998991	9
1415	1000405	50
1416	1001820	10
1417	1003236	11
1418	1004653	10
1419	1006071	10
1420	1007490	7
1421	1008910	9
1422	1010331	12
1423	1011753	9
1424	1013176	9
1425	1014600	9
1426	1016025	11
1427	1017451	57
1428	1018878	45
1429	1020306	12
1430	1021735	11
1431	1023165	11
1432	1024596	52
1433	1026028	9
1434	1027461	9
1435	1028895	9
1436	1030330	165
1437	1031766	9
1438	1033203	8
1439	1034641	105
1440	1036080	9
1441	1037520	7
1442	1038961	9
1443	1040403	8
1444	1041846	16
1445	1043290	11
1446	1044735	10
1447	1046181	14
1448	1047628	11
1449	1049076	11
1450	1050525	15
1451	1051975	10
1452	1053426	9
1453	1054878	14
1454	1056331	13
1455	1057785	14
1456	1059240	10
1457	1060696	50
1458	1062153	10
1459	1063611	10
1460	1065070	9
1461	1066530	11
1462	1067991	12
1463	1069453	34
1464	1070916	14
1465	1072380	9
1466	1073845	10
1467	1075311	125
1468	1076778	11
1469	1078246	138
1470	1079715	12
1471	1081185	9
1472	1082656	10
1473	1084128	89
1474	1085601	11
1475	1087075	9
1476	1088550	10
1477	1090026	10
1478	1091503	12
1479	1092981	8
1480	1094460	87
1481	1095940	12
1482	1097421	81
1483	1098903	13
1484	1100386	13
1485	1101870	11
1486	1103355	9
1487	1104841	11
1488	1106328	9
1489	1107816	110
1490	1109305	108
1491	1110795	19
1492	1112286	9
1493	1113778	9
1494	1115271	12
1495	1116765	17
1496	1118260	11
1497	1119756	10
1498	1121253	12
1499	1122751	9
1500	1124250	11
1501	1125750	19
1502	1127251	15
1503	1128753	9
1504	1130256	10
1505	1131760	11
1506	1133265	171
1507	1134771	11
1508	1136278	13
1509	1137786	10
1510	1139295	75
1511	1140805	13
1512	1142316	121
1513	1143828	14
1514	1145341	14
1515	1146855	7
1516	1148370	13
1517	1149886	9
1518	1151403	10
1519	1152921	11
1520	1154440	9
1521	1155960	10
1522	1157481	10
1523	1159003	15
1524	1160526	10
1525	1162050	13
1526	1163575	12
1527	1165101	12
1528	1166628	14
1529	1168156	11
1530	1169685	13
1531	1171215	14
1532	1172746	18
1533	1174278	11
1534	1175811	11
1535	1177345	76
1536	1178880	11
1537	1180416	14
1538	1181953	146
1539	1183491	40
1540	1185030	15
1541	1186570	10
1542	1188111	15
1543	1189653	16
1544	1191196	16
1545	1192740	18
1546	1194285	9
1547	1195831	12
1548	1197378	15
1549	1198926	15
1550	1200475	15
1551	1202025	10
1552	1203576	12
1553	1205128	17
1554	1206681	217
1555	1208235	9
1556	1209790	9
1557	1211346	13
1558	1212903	12
1559	1214461	109
1560	1216020	15
1561	1217580	14
1562	1219141	13
1563	1220703	11
1564	1222266	18
1565	1223830	11
1566	1225395	10
1567	1226961	70
1568	1228528	13
1569	1230096	131
1570	1231665	17
1571	1233235	18
1572	1234806	11
1573	1236378	15
1574	1237951	7
1575	1239525	14
1576	1241100	8
1577	1242676	14
1578	1244253	11
1579	1245831	14
1580	1247410	15
1581	1248990	11
1582	1250571	12
1583	1252153	17
1584	1253736	22
1585	1255320	147
1586	1256905	18
1587	1258491	8
1588	1260078	149
1589	1261666	15
1590	1263255	8
1591	1264845	8
1592	1266436	9
1593	1268028	12
1594	1269621	16
1595	1271215	7
1596	1272810	10
1597	1274406	16
1598	1276003	118
1599	1277601	9
1600	1279200	12
1601	1280800	15
1602	1282401	12
1603	1284003	12
1604	1285606	15
1605	1287210	13
1606	1288815	12
1607	1290421	12
1608	1292028	9
1609	1293636	11
1610	1295245	15
1611	1296855	11
1612	1298466	17
1613	1300078	9
1614	1301691	15
1615	1303305	69
1616	1304920	11
1617	1306536	26
1618	1308153	9
1619	1309771	8
1620	1311390	13
1621	1313010	12
1622	1314631	137
1623	1316253	23
1624	1317876	145
1625	1319500	14
1626	1321125	15
1627	1322751	150
1628	1324378	14
1629	1326006	14
1630	1327635	9
1631	1329265	8
1632	1330896	7
1633	1332528	150
1634	1334161	78
1635	1335795	14
1636	1337430	12
1637	1339066	136
1638	1340703	16
1639	1342341	18
1640	1343980	17
1641	1345620	10
1642	1347261	12
1643	1348903	161
1644	1350546	12
1645	1352190	15
1646	1353835	10
1647	1355481	14
1648	1357128	11
1649	1358776	14
1650	1360425	16
1651	1362075	15
1652	1363726	10
1653	1365378	20
1654	1367031	73
1655	1368685	15
1656	1370340	17
1657	1371996	109
1658	1373653	93
1659	1375311	2076
1660	1376970	9
1661	1378630	185
1662	1380291	14
1663	1381953	10
1664	1383616	29
1665	1385280	13
1666	1386945	10
1667	1388611	22
1668	1390278	18
1669	1391946	10
1670	1393615	12
1671	1395285	110
1672	1396956	14
1673	1398628	14
1674	1400301	86
1675	1401975	12
1676	1403650	17
1677	1405326	202
1678	1407003	9
1679	1408681	12
1680	1410360	14
1681	1412040	8
1682	1413721	14
1683	1415403	8
1684	1417086	14
1685	1418770	14
1686	1420455	16
1687	1422141	21
1688	1423828	31
1689	1425516	11
1690	1427205	8
1691	1428895	18
1692	1430586	15
1693	1432278	10
1694	1433971	10
1695	1435665	14
1696	1437360	14
1697	1439056	17
1698	1440753	10
1699	1442451	18
1700	1444150	15
1701	1445850	17
1702	1447551	23
1703	1449253	18
1704	1450956	22
1705	1452660	15
1706	1454365	19
1707	1456071	7
1708	1457778	22
1709	1459486	16
1710	1461195	24
1711	1462905	18
1712	1464616	16
1713	1466328	19
1714	1468041	127
1715	1469755	10
1716	1471470	19
1717	1473186	15
1718	1474903	9
1719	1476621	20
1720	1478340	35
1721	1480060	16
1722	1481781	14
1723	1483503	10
1724	1485226	18
1725	1486950	17
1726	1488675	17
1727	1490401	11
1728	1492128	11
1729	1493856	20
1730	1495585	8
1731	1497315	22
1732	1499046	25
1733	1500778	98
1734	1502511	208
1735	1504245	115
1736	1505980	17
1737	1507716	15
1738	1509453	13
1739	1511191	19
1740	1512930	18
1741	1514670	24
1742	1516411	8
1743	1518153	16
1744	1519896	19
1745	1521640	17
1746	1523385	16
1747	1525131	9
1748	1526878	19
1749	1528626	23
1750	1530375	9
1751	1532125	20
1752	1533876	10
1753	1535628	13
1754	1537381	28
1755	1539135	10
1756	1540890	22
1757	1542646	22
1758	1544403	18
1759	1546161	348
1760	1547920	18
1761	1549680	16
1762	1551441	11
1763	1553203	17
1764	1554966	9
1765	1556730	10
1766	1558495	10
1767	1560261	13
1768	1562028	13
1769	1563796	28
1770	1565565	9
1771	1567335	13
1772	1569106	21
1773	1570878	16
1774	1572651	24
1775	1574425	16
1776	1576200	12
1777	1577976	12
1778	1579753	9
1779	1581531	11
1780	1583310	17
1781	1585090	9
1782	1586871	18
1783	1588653	20
1784	1590436	11
1785	1592220	27
1786	1594005	7
1787	1595791	17
1788	1597578	18
1789	1599366	159
1790	1601155	183
1791	1602945	12
1792	1604736	215
1793	1606528	13
1794	1608321	39
1795	1610115	13
1796	1611910	11
1797	1613706	13
1798	1615503	12
1799	1617301	12
1800	1619100	20
1801	1620900	9
1802	1622701	11
1803	1624503	119
1804	1626306	14
1805	1628110	12
1806	1629915	15
1807	1631721	12
1808	1633528	9
1809	1635336	9
1810	1637145	13
1811	1638955	15
1812	1640766	9
1813	1642578	10
1814	1644391	154
1815	1646205	12
1816	1648020	12
1817	1649836	24
1818	1651653	121
1819	1653471	11
1820	1655290	18
1821	1657110	9
1822	1658931	221
1823	1660753	13
1824	1662576	9
1825	1664400	140
1826	1666225	10
1827	1668051	46
1828	1669878	16
1829	1671706	14
1830	1673535	17
1831	1675365	140
1832	1677196	25
1833	1679028	10
1834	1680861	210
1835	1682695	14
1836	1684530	12
1837	1686366	13
1838	1688203	13
1839	1690041	14
1840	1691880	12
1841	1693720	9
1842	1695561	12
1843	1697403	9
1844	1699246	150
1845	1701090	13
1846	1702935	13
1847	1704781	14
1848	1706628	11
1849	1708476	87
1850	1710325	15
1851	1712175	157
1852	1714026	18
1853	1715878	13
1854	1717731	13
1855	1719585	14
1856	1721440	10
1857	1723296	16
1858	1725153	11
1859	1727011	10
1860	1728870	14
1861	1730730	12
1862	1732591	16
1863	1734453	13
1864	1736316	10
1865	1738180	14
1866	1740045	15
1867	1741911	10
1868	1743778	15
1869	1745646	16
1870	1747515	12
1871	1749385	14
1872	1751256	11
1873	1753128	13
1874	1755001	11
1875	1756875	13
1876	1758750	52
1877	1760626	10
1878	1762503	14
1879	1764381	17
1880	1766260	15
1881	1768140	16
1882	1770021	13
1883	1771903	17
1884	1773786	15
1885	1775670	17
1886	1777555	15
1887	1779441	9
1888	1781328	18
1889	1783216	11
1890	1785105	19
1891	1786995	13
1892	1788886	138
1893	1790778	17
1894	1792671	15
1895	1794565	11
1896	1796460	11
1897	1798356	13
1898	1800253	17
1899	1802151	11
1900	1804050	14
1901	1805950	10
1902	1807851	10
1903	1809753	15
1904	1811656	14
1905	1813560	13
1906	1815465	17
1907	1817371	14
1908	1819278	11
1909	1821186	16
1910	1823095	14
1911	1825005	13
1912	1826916	11
1913	1828828	18
1914	1830741	14
1915	1832655	10
1916	1834570	12
1917	1836486	14
1918	1838403	185
1919	1840321	10
1920	1842240	12
1921	1844160	10
1922	1846081	121
1923	1848003	20
1924	1849926	15
1925	1851850	12
1926	1853775	10
1927	1855701	10
1928	1857628	18
1929	1859556	15
1930	1861485	17
1931	1863415	14
1932	1865346	14
1933	1867278	11
1934	1869211	12
1935	1871145	137
1936	1873080	12
1937	1875016	22
1938	1876953	14
1939	1878891	13
1940	1880830	19
1941	1882770	17
1942	1884711	12
1943	1886653	45
1944	1888596	18
1945	1890540	11
1946	1892485	11
1947	1894431	11
1948	1896378	14
1949	1898326	17
1950	1900275	22
1951	1902225	10
1952	1904176	23
1953	1906128	16
1954	1908081	15
1955	1910035	15
1956	1911990	28
1957	1913946	192
1958	1915903	14
1959	1917861	15
1960	1919820	14
1961	1921780	10
1962	1923741	161
1963	1925703	17
1964	1927666	17
1965	1929630	14
1966	1931595	11
1967	1933561	13
1968	1935528	11
1969	1937496	165
1970	1939465	123
1971	1941435	10
1972	1943406	17
1973	1945378	20
1974	1947351	28
1975	1949325	17
1976	1951300	28
1977	1953276	20
1978	1955253	13
1979	1957231	10
1980	1959210	13
1981	1961190	18
1982	1963171	13
1983	1965153	12
1984	1967136	104
1985	1969120	22
1986	1971105	265
1987	1973091	15
1988	1975078	10
1989	1977066	11
1990	1979055	13
1991	1981045	15
1992	1983036	17
1993	1985028	14
1994	1987021	93
1995	1989015	15
1996	1991010	14
1997	1993006	155
1998	1995003	10
1999	1997001	14
2000	1999000	11
2001	2001000	19
2002	2003001	10
2003	2005003	72
2004	2007006	16
2005	2009010	21
2006	2011015	18
2007	2013021	262
2008	2015028	12
2009	2017036	14
2010	2019045	10
2011	2021055	16
2012	2023066	14
2013	2025078	172
2014	2027091	11
2015	2029105	16
2016	2031120	15
2017	2033136	87
2018	2035153	45
2019	2037171	15
2020	2039190	11
2021	2041210	14
2022	2043231	12
2023	2045253	24
2024	2047276	12
2025	2049300	14
2026	2051325	89
2027	2053351	13
2028	2055378	15
2029	2057406	10
2030	2059435	19
2031	2061465	14
2032	2063496	14
2033	2065528	14
2034	2067561	11
2035	2069595	22
2036	2071630	12
2037	2073666	11
2038	2075703	15
2039	2077741	108
2040	2079780	23
2041	2081820	15
2042	2083861	20
2043	2085903	14
2044	2087946	16
2045	2089990	15
2046	2092035	16
2047	2094081	15
2048	2096128	16
2049	2098176	13
2050	2100225	12
2051	2102275	20
2052	2104326	29
2053	2106378	10
2054	2108431	23
2055	2110485	31
2056	2112540	146
2057	2114596	20
2058	2116653	12
2059	2118711	46
2060	2120770	20
2061	2122830	35
2062	2124891	58
2063	2126953	178
2064	2129016	21
2065	2131080	20
2066	2133145	12
2067	2135211	142
2068	2137278	24
2069	2139346	13
2070	2141415	10
2071	2143485	54
2072	2145556	18
2073	2147628	13
2074	2149701	26
2075	2151775	18
2076	2153850	21
2077	2155926	29
2078	2158003	17
2079	2160081	20
2080	2162160	11
2081	2164240	19
2082	2166321	23
2083	2168403	27
2084	2170486	18
2085	2172570	27
2086	2174655	30
2087	2176741	14
2088	2178828	21
2089	2180916	21
2090	2183005	40
2091	2185095	18
2092	2187186	45
2093	2189278	23
2094	2191371	107
2095	2193465	28
2096	2195560	28
2097	2197656	13
2098	2199753	24
2099	2201851	17
2100	2203950	27
2101	2206050	20
2102	2208151	18
2103	2210253	14
2104	2212356	10
2105	2214460	20
2106	2216565	22
2107	2218671	21
2108	2220778	29
2109	2222886	14
2110	2224995	15
2111	2227105	22
2112	2229216	114
2113	2231328	14
2114	2233441	29
2115	2235555	21
2116	2237670	26
2117	2239786	23
2118	2241903	10
2119	2244021	10
2120	2246140	25
2121	2248260	22
2122	2250381	13
2123	2252503	24
2124	2254626	20
2125	2256750	275
2126	2258875	13
2127	2261001	30
2128	2263128	19
2129	2265256	108
2130	2267385	24
2131	2269515	24
2132	2271646	21
2133	2273778	23
2134	2275911	10
2135	2278045	21
2136	2280180	33
2137	2282316	13
2138	2284453	33
2139	2286591	31
2140	2288730	15
2141	2290870	24
2142	2293011	20
2143	2295153	29
2144	2297296	25
2145	2299440	20
2146	2301585	24
2147	2303731	17
2148	2305878	22
2149	2308026	18
2150	2310175	22
2151	2312325	16
2152	2314476	65
2153	2316628	55
2154	2318781	23
2155	2320935	67
2156	2323090	23
2157	2325246	23
2158	2327403	39
2159	2329561	15
2160	2331720	24
2161	2333880	27
2162	2336041	95
2163	2338203	29
2164	2340366	30
2165	2342530	21
2166	2344695	28
2167	2346861	26
2168	2349028	15
2169	2351196	22
2170	2353365	19
2171	2355535	18
2172	2357706	16
2173	2359878	21
2174	2362051	29
2175	2364225	23
2176	2366400	12
2177	2368576	12
2178	2370753	27
2179	2372931	22
2180	2375110	13
2181	2377290	40
2182	2379471	134
2183	2381653	14
2184	2383836	15
2185	2386020	43
2186	2388205	20
2187	2390391	22
2188	2392578	30
2189	2394766	15
2190	2396955	25
2191	2399145	22
2192	2401336	18
2193	2403528	15
2194	2405721	26
2195	2407915	20
2196	2410110	15
2197	2412306	529
2198	2414503	19
2199	2416701	11
2200	2418900	18
2201	2421100	57
2202	2423301	16
2203	2425503	22
2204	2427706	22
2205	2429910	19
2206	2432115	13
2207	2434321	42
2208	2436528	19
2209	2438736	30
2210	2440945	23
2211	2443155	96
2212	2445366	22
2213	2447578	30
2214	2449791	34
2215	2452005	24
2216	2454220	16
2217	2456436	24
2218	2458653	15
2219	2460871	29
2220	2463090	11
2221	2465310	16
2222	2467531	24
2223	2469753	42
2224	2471976	35
2225	2474200	17
2226	2476425	23
2227	2478651	29
2228	2480878	12
2229	2483106	156
2230	2485335	23
2231	2487565	26
2232	2489796	123
2233	2492028	27
2234	2494261	21
2235	2496495	10
2236	2498730	148
2237	2500966	41
2238	2503203	17
2239	2505441	31
2240	2507680	14
2241	2509920	137
2242	2512161	10
2243	2514403	18
2244	2516646	169
2245	2518890	293
2246	2521135	92
2247	2523381	21
2248	2525628	20
2249	2527876	17
2250	2530125	152
2251	2532375	83
2252	2534626	28
2253	2536878	279
2254	2539131	14
2255	2541385	28
2256	2543640	110
2257	2545896	16
2258	2548153	100
2259	2550411	30
2260	2552670	14
2261	2554930	15
2262	2557191	25
2263	2559453	23
2264	2561716	21
2265	2563980	25
2266	2566245	25
2267	2568511	29
2268	2570778	127
2269	2573046	36
2270	2575315	133
2271	2577585	20
2272	2579856	90
2273	2582128	131
2274	2584401	3130
2275	2586675	29
2276	2588950	42
2277	2591226	35
2278	2593503	21
2279	2595781	98
2280	2598060	18
2281	2600340	10
2282	2602621	29
2283	2604903	117
2284	2607186	16
2285	2609470	28
2286	2611755	46
2287	2614041	12
2288	2616328	30
2289	2618616	285
2290	2620905	18
2291	2623195	25
2292	2625486	102
2293	2627778	25
2294	2630071	11
2295	2632365	15
2296	2634660	21
2297	2636956	23
2298	2639253	121
2299	2641551	15
2300	2643850	14
2301	2646150	35
2302	2648451	134
2303	2650753	20
2304	2653056	16
2305	2655360	102
2306	2657665	24
2307	2659971	15
2308	2662278	50
2309	2664586	12
2310	2666895	16
2311	2669205	28
2312	2671516	21
2313	2673828	12
2314	2676141	22
2315	2678455	23
2316	2680770	23
2317	2683086	157
2318	2685403	26
2319	2687721	280
2320	2690040	17
2321	2692360	24
2322	2694681	73
2323	2697003	20
2324	2699326	531
2325	2701650	106
2326	2703975	20
2327	2706301	18
2328	2708628	15
2329	2710956	106
2330	2713285	178
2331	2715615	40
2332	2717946	20
2333	2720278	151
2334	2722611	26
2335	2724945	16
2336	2727280	19
2337	2729616	27
2338	2731953	16
2339	2734291	11
2340	2736630	16
2341	2738970	37
2342	2741311	33
2343	2743653	18
2344	2745996	11
2345	2748340	24
2346	2750685	20
2347	2753031	27
2348	2755378	16
2349	2757726	15
2350	2760075	22
2351	2762425	11
2352	2764776	18
2353	2767128	22
2354	2769481	19
2355	2771835	16
2356	2774190	26
2357	2776546	21
2358	2778903	17
2359	2781261	21
2360	2783620	29
2361	2785980	20
2362	2788341	18
2363	2790703	23
2364	2793066	25
2365	2795430	135
2366	2797795	115
2367	2800161	33
2368	2802528	24
2369	2804896	12
2370	2807265	17
2371	2809635	14
2372	2812006	116
2373	2814378	27
2374	2816751	19
2375	2819125	22
2376	2821500	22
2377	2823876	20
2378	2826253	23
2379	2828631	22
2380	2831010	25
2381	2833390	26
2382	2835771	22
2383	2838153	31
2384	2840536	21
2385	2842920	26
2386	2845305	16
2387	2847691	26
2388	2850078	15
2389	2852466	23
2390	2854855	23
2391	2857245	178
2392	2859636	18
2393	2862028	24
2394	2864421	19
2395	2866815	19
2396	2869210	22
2397	2871606	627
2398	2874003	19
2399	2876401	18
2400	2878800	17
2401	2881200	27
2402	2883601	17
2403	2886003	16
2404	2888406	18
2405	2890810	99
2406	2893215	20
2407	2895621	116
2408	2898028	24
2409	2900436	17
2410	2902845	599
2411	2905255	15
2412	2907666	15
2413	2910078	26
2414	2912491	18
2415	2914905	19
2416	2917320	12
2417	2919736	20
2418	2922153	25
2419	2924571	165
2420	2926990	86
2421	2929410	201
2422	2931831	26
2423	2934253	15
2424	2936676	20
2425	2939100	19
2426	2941525	12
2427	2943951	23
2428	2946378	23
2429	2948806	19
2430	2951235	17
2431	2953665	17
2432	2956096	122
2433	2958528	81
2434	2960961	18
2435	2963395	11
2436	2965830	20
2437	2968266	12
2438	2970703	31
2439	2973141	19
2440	2975580	25
2441	2978020	65
2442	2980461	18
2443	2982903	13
2444	2985346	21
2445	2987790	69
2446	2990235	32
2447	2992681	20
2448	2995128	29
2449	2997576	17
2450	3000025	151
2451	3002475	181
2452	3004926	28
2453	3007378	21
2454	3009831	16
2455	3012285	20
2456	3014740	12
2457	3017196	25
2458	3019653	22
2459	3022111	29
2460	3024570	15
2461	3027030	27
2462	3029491	20
2463	3031953	16
2464	3034416	18
2465	3036880	19
2466	3039345	23
2467	3041811	21
2468	3044278	18
2469	3046746	31
2470	3049215	22
2471	3051685	116
2472	3054156	20
2473	3056628	15
2474	3059101	17
2475	3061575	21
2476	3064050	17
2477	3066526	36
2478	3069003	17
2479	3071481	16
2480	3073960	24
2481	3076440	16
2482	3078921	23
2483	3081403	22
2484	3083886	20
2485	3086370	22
2486	3088855	18
2487	3091341	69
2488	3093828	58
2489	3096316	19
2490	3098805	30
2491	3101295	18
2492	3103786	19
2493	3106278	21
2494	3108771	21
2495	3111265	12
2496	3113760	13
2497	3116256	16
2498	3118753	23
2499	3121251	18
2500	3123750	16
2501	3126250	23
2502	3128751	20
2503	3131253	18
2504	3133756	14
2505	3136260	16
2506	3138765	22
2507	3141271	26
2508	3143778	2887
2509	3146286	25
2510	3148795	16
2511	3151305	115
2512	3153816	24
2513	3156328	16
2514	3158841	19
2515	3161355	21
2516	3163870	166
2517	3166386	121
2518	3168903	14
2519	3171421	33
2520	3173940	268
2521	3176460	223
2522	3178981	24
2523	3181503	13
2524	3184026	20
2525	3186550	126
2526	3189075	24
2527	3191601	16
2528	3194128	17
2529	3196656	16
2530	3199185	13
2531	3201715	17
2532	3204246	164
2533	3206778	38
2534	3209311	166
2535	3211845	16
2536	3214380	23
2537	3216916	18
2538	3219453	54
2539	3221991	16
2540	3224530	58
2541	3227070	122
2542	3229611	23
2543	3232153	35
2544	3234696	22
2545	3237240	13
2546	3239785	152
2547	3242331	16
2548	3244878	17
2549	3247426	138
2550	3249975	25
2551	3252525	82
2552	3255076	31
2553	3257628	26
2554	3260181	18
2555	3262735	21
2556	3265290	16
2557	3267846	22
2558	3270403	21
2559	3272961	19
2560	3275520	249
2561	3278080	19
2562	3280641	18
2563	3283203	18
2564	3285766	27
2565	3288330	28
2566	3290895	19
2567	3293461	17
2568	3296028	19
2569	3298596	18
2570	3301165	34
2571	3303735	139
2572	3306306	48
2573	3308878	18
2574	3311451	129
2575	3314025	17
2576	3316600	19
2577	3319176	20
2578	3321753	37
2579	3324331	141
2580	3326910	23
2581	3329490	132
2582	3332071	19
2583	3334653	156
2584	3337236	20
2585	3339820	26
2586	3342405	142
2587	3344991	36
2588	3347578	17
2589	3350166	20
2590	3352755	34
2591	3355345	74
2592	3357936	21
2593	3360528	146
2594	3363121	43
2595	3365715	16
2596	3368310	55
2597	3370906	28
2598	3373503	26
2599	3376101	540
2600	3378700	17
2601	3381300	27
2602	3383901	19
2603	3386503	13
2604	3389106	22
2605	3391710	35
2606	3394315	22
2607	3396921	51
2608	3399528	49
2609	3402136	18
2610	3404745	14
2611	3407355	24
2612	3409966	30
2613	3412578	21
2614	3415191	36
2615	3417805	47
2616	3420420	21
2617	3423036	26
2618	3425653	26
2619	3428271	15
2620	3430890	27
2621	3433510	37
2622	3436131	32
2623	3438753	38
2624	3441376	21
2625	3444000	26
2626	3446625	13
2627	3449251	28
2628	3451878	47
2629	3454506	23
2630	3457135	13
2631	3459765	23
2632	3462396	38
2633	3465028	30
2634	3467661	39
2635	3470295	24
2636	3472930	24
2637	3475566	29
2638	3478203	14
2639	3480841	23
2640	3483480	38
2641	3486120	13
2642	3488761	43
2643	3491403	21
2644	3494046	26
2645	3496690	30
2646	3499335	26
2647	3501981	24
2648	3504628	21
2649	3507276	33
2650	3509925	18
2651	3512575	14
2652	3515226	14
2653	3517878	18
2654	3520531	14
2655	3523185	21
2656	3525840	27
2657	3528496	21
2658	3531153	33
2659	3533811	40
2660	3536470	26
2661	3539130	15
2662	3541791	24
2663	3544453	23
2664	3547116	24
2665	3549780	25
2666	3552445	35
2667	3555111	32
2668	3557778	24
2669	3560446	25
2670	3563115	18
2671	3565785	28
2672	3568456	31
2673	3571128	25
2674	3573801	18
2675	3576475	24
2676	3579150	23
2677	3581826	28
2678	3584503	24
2679	3587181	37
2680	3589860	21
2681	3592540	39
2682	3595221	26
2683	3597903	32
2684	3600586	19
2685	3603270	30
2686	3605955	18
2687	3608641	25
2688	3611328	23
2689	3614016	27
2690	3616705	20
2691	3619395	17
2692	3622086	26
2693	3624778	20
2694	3627471	42
2695	3630165	29
2696	3632860	19
2697	3635556	27
2698	3638253	35
2699	3640951	25
2700	3643650	22
2701	3646350	34
2702	3649051	25
2703	3651753	33
2704	3654456	20
2705	3657160	25
2706	3659865	26
2707	3662571	31
2708	3665278	40
2709	3667986	27
2710	3670695	39
2711	3673405	310
2712	3676116	29
2713	3678828	31
2714	3681541	23
2715	3684255	34
2716	3686970	18
2717	3689686	33
2718	3692403	24
2719	3695121	32
2720	3697840	31
2721	3700560	29
2722	3703281	123
2723	3706003	53
2724	3708726	22
2725	3711450	20
2726	3714175	20
2727	3716901	105
2728	3719628	22
2729	3722356	18
2730	3725085	34
2731	3727815	29
2732	3730546	82
2733	3733278	19
2734	3736011	24
2735	3738745	20
2736	3741480	1059
2737	3744216	24
2738	3746953	17
2739	3749691	175
2740	3752430	169
2741	3755170	29
2742	3757911	145
2743	3760653	22
2744	3763396	107
2745	3766140	20
2746	3768885	21
2747	3771631	24
2748	3774378	22
2749	3777126	31
2750	3779875	30
2751	3782625	17
2752	3785376	56
2753	3788128	20
2754	3790881	20
2755	3793635	26
2756	3796390	22
2757	3799146	51
2758	3801903	20
2759	3804661	137
2760	3807420	24
2761	3810180	15
2762	3812941	29
2763	3815703	21
2764	3818466	142
2765	3821230	23
2766	3823995	97
2767	3826761	22
2768	3829528	20
2769	3832296	210
2770	3835065	273
2771	3837835	272
2772	3840606	54
2773	3843378	21
2774	3846151	123
2775	3848925	25
2776	3851700	15
2777	3854476	25
2778	3857253	19
2779	3860031	177
2780	3862810	17
2781	3865590	56
2782	3868371	18
2783	3871153	30
2784	3873936	54
2785	3876720	22
2786	3879505	21
2787	3882291	20
2788	3885078	22
2789	3887866	29
2790	3890655	824
2791	3893445	113
2792	3896236	46
2793	3899028	26
2794	3901821	214
2795	3904615	117
2796	3907410	30
2797	3910206	96
2798	3913003	19
2799	3915801	22
2800	3918600	88
2801	3921400	172
2802	3924201	36
2803	3927003	38
2804	3929806	18
2805	3932610	53
2806	3935415	24
2807	3938221	289
2808	3941028	169
2809	3943836	20
2810	3946645	21
2811	3949455	25
2812	3952266	20
2813	3955078	49
2814	3957891	23
2815	3960705	29
2816	3963520	74
2817	3966336	262
2818	3969153	22
2819	3971971	235
2820	3974790	23
2821	3977610	418
2822	3980431	22
2823	3983253	25
2824	3986076	310
2825	3988900	141
2826	3991725	20
2827	3994551	156
2828	3997378	21
2829	4000206	24
2830	4003035	22
2831	4005865	25
2832	4008696	37
2833	4011528	225
2834	4014361	22
2835	4017195	49
2836	4020030	149
2837	4022866	29
2838	4025703	160
2839	4028541	24
2840	4031380	22
2841	4034220	27
2842	4037061	120
2843	4039903	98
2844	4042746	37
2845	4045590	102
2846	4048435	210
2847	4051281	94
2848	4054128	313
2849	4056976	123
2850	4059825	182
2851	4062675	22
2852	4065526	24
2853	4068378	17
2854	4071231	242
2855	4074085	36
2856	4076940	112
2857	4079796	36
2858	4082653	26
2859	4085511	25
2860	4088370	293
2861	4091230	21
2862	4094091	186
2863	4096953	340
2864	4099816	54
2865	4102680	148
2866	4105545	258
2867	4108411	18
2868	4111278	19
2869	4114146	26
2870	4117015	23
2871	4119885	308
2872	4122756	22
2873	4125628	64
2874	4128501	286
2875	4131375	573
2876	4134250	27
2877	4137126	164
2878	4140003	28
2879	4142881	21
2880	4145760	20
2881	4148640	487
2882	4151521	52
2883	4154403	22
2884	4157286	21
2885	4160170	179
2886	4163055	23
2887	4165941	21
2888	4168828	109
2889	4171716	19
2890	4174605	23
2891	4177495	16
2892	4180386	32
2893	4183278	140
2894	4186171	134
2895	4189065	51
2896	4191960	24
2897	4194856	32
2898	4197753	28
2899	4200651	18
2900	4203550	84
2901	4206450	104
2902	4209351	291
2903	4212253	176
2904	4215156	22
2905	4218060	116
2906	4220965	32
2907	4223871	42
2908	4226778	99
2909	4229686	103
2910	4232595	48
2911	4235505	33
2912	4238416	44
2913	4241328	28
2914	4244241	229
2915	4247155	71
2916	4250070	87
2917	4252986	383
2918	4255903	32
2919	4258821	30
2920	4261740	23
2921	4264660	27
2922	4267581	155
2923	4270503	21
2924	4273426	22
2925	4276350	20
2926	4279275	30
2927	4282201	23
2928	4285128	172
2929	4288056	18
2930	4290985	863
2931	4293915	155
2932	4296846	31
2933	4299778	50
2934	4302711	44
2935	4305645	22
2936	4308580	208
2937	4311516	94
2938	4314453	38
2939	4317391	81
2940	4320330	119
2941	4323270	38
2942	4326211	17
2943	4329153	149
2944	4332096	23
2945	4335040	168
2946	4337985	27
2947	4340931	29
2948	4343878	26
2949	4346826	32
2950	4349775	99
2951	4352725	23
2952	4355676	19
2953	4358628	21
2954	4361581	81
2955	4364535	320
2956	4367490	26
2957	4370446	72
2958	4373403	41
2959	4376361	85
2960	4379320	211
2961	4382280	177
2962	4385241	23
2963	4388203	32
2964	4391166	72
2965	4394130	25
2966	4397095	25
2967	4400061	39
2968	4403028	20
2969	4405996	33
2970	4408965	17
2971	4411935	17
2972	4414906	53
2973	4417878	24
2974	4420851	38
2975	4423825	29
2976	4426800	23
2977	4429776	19
2978	4432753	27
2979	4435731	24
2980	4438710	27
2981	4441690	22
2982	4444671	28
2983	4447653	30
2984	4450636	1695
2985	4453620	182
2986	4456605	157
2987	4459591	62
2988	4462578	34
2989	4465566	149
2990	4468555	24
2991	4471545	71
2992	4474536	67
2993	4477528	26
2994	4480521	24
2995	4483515	86
2996	4486510	1319
2997	4489506	235
2998	4492503	49
2999	4495501	186
3000	4498500	120
3001	4501500	22
3002	4504501	25
3003	4507503	24
3004	4510506	112
3005	4513510	174
3006	4516515	211
3007	4519521	31
3008	4522528	44
3009	4525536	113
3010	4528545	261
3011	4531555	27
3012	4534566	110
3013	4537578	214
3014	4540591	20
3015	4543605	424
3016	4546620	24
3017	4549636	109
3018	4552653	71
3019	4555671	19
3020	4558690	36
3021	4561710	27
3022	4564731	128
3023	4567753	72
3024	4570776	29
3025	4573800	17
3026	4576825	125
3027	4579851	21
3028	4582878	218
3029	4585906	25
3030	4588935	23
3031	4591965	66
3032	4594996	75
3033	4598028	162
3034	4601061	119
3035	4604095	23
3036	4607130	117
3037	4610166	61
3038	4613203	23
3039	4616241	25
3040	4619280	27
3041	4622320	73
3042	4625361	146
3043	4628403	143
3044	4631446	24
3045	4634490	491
3046	4637535	78
3047	4640581	42
3048	4643628	137
3049	4646676	22
3050	4649725	150
3051	4652775	72
3052	4655826	21
3053	4658878	22
3054	4661931	41
3055	4664985	40
3056	4668040	22
3057	4671096	161
3058	4674153	75
3059	4677211	151
3060	4680270	116
3061	4683330	268
3062	4686391	36
3063	4689453	163
3064	4692516	89
3065	4695580	31
3066	4698645	20
3067	4701711	22
3068	4704778	20
3069	4707846	41
3070	4710915	20
3071	4713985	285
3072	4717056	29
3073	4720128	39
3074	4723201	442
3075	4726275	1105
3076	4729350	42
3077	4732426	21
3078	4735503	16
3079	4738581	163
3080	4741660	483
3081	4744740	51
3082	4747821	69
3083	4750903	34
3084	4753986	271
3085	4757070	301
3086	4760155	124
3087	4763241	222
3088	4766328	39
3089	4769416	33
3090	4772505	42
3091	4775595	17
3092	4778686	552
3093	4781778	804
3094	4784871	21
3095	4787965	160
3096	4791060	33
3097	4794156	25
3098	4797253	138
3099	4800351	584
3100	4803450	71
3101	4806550	30
3102	4809651	146
3103	4812753	25
3104	4815856	120
3105	4818960	804
3106	4822065	288
3107	4825171	253
3108	4828278	16
3109	4831386	401
3110	4834495	813
3111	4837605	39
3112	4840716	96
3113	4843828	21
3114	4846941	438
3115	4850055	33
3116	4853170	509
3117	4856286	49
3118	4859403	32
3119	4862521	296
3120	4865640	23
3121	4868760	1738
3122	4871881	31
3123	4875003	35
3124	4878126	20
3125	4881250	57
3126	4884375	157
3127	4887501	23
3128	4890628	19
3129	4893756	74
3130	4896885	23
3131	4900015	37
3132	4903146	193
3133	4906278	17
3134	4909411	585
3135	4912545	1941
3136	4915680	620
3137	4918816	346
3138	4921953	140
3139	4925091	27
3140	4928230	23
3141	4931370	319
3142	4934511	70
3143	4937653	489
3144	4940796	141
3145	4943940	950
3146	4947085	513
3147	4950231	389
3148	4953378	24
3149	4956526	259
3150	4959675	45
3151	4962825	327
3152	4965976	453
3153	4969128	559
3154	4972281	550
3155	4975435	271
3156	4978590	20
3157	4981746	24
3158	4984903	38
3159	4988061	22
3160	4991220	130
3161	4994380	34
3162	4997541	517
3163	5000703	39
3164	5003866	249
3165	5007030	2132
3166	5010195	74
3167	5013361	35
3168	5016528	34
3169	5019696	531
3170	5022865	408
3171	5026035	508
3172	5029206	1158
3173	5032378	22
3174	5035551	591
3175	5038725	232
3176	5041900	745
3177	5045076	434
3178	5048253	387
3179	5051431	723
3180	5054610	35
3181	5057790	132
3182	5060971	2558
3183	5064153	333
3184	5067336	194
3185	5070520	19
3186	5073705	53
3187	5076891	484
3188	5080078	784
3189	5083266	494
3190	5086455	532
3191	5089645	162
3192	5092836	24
3193	5096028	595
3194	5099221	408
3195	5102415	22
3196	5105610	194
3197	5108806	580
3198	5112003	44
3199	5115201	25
3200	5118400	62
3201	5121600	536
3202	5124801	1884
3203	5128003	750
3204	5131206	1063
3205	5134410	30
3206	5137615	643
3207	5140821	30
3208	5144028	21
3209	5147236	655
3210	5150445	631
3211	5153655	402
3212	5156866	981
3213	5160078	26
3214	5163291	407
3215	5166505	500
3216	5169720	507
3217	5172936	309
3218	5176153	22
3219	5179371	26
3220	5182590	110
3221	5185810	758
3222	5189031	628
3223	5192253	274
3224	5195476	525
3225	5198700	26
3226	5201925	1612
3227	5205151	48
3228	5208378	509
3229	5211606	39
3230	5214835	563
3231	5218065	58
3232	5221296	477
3233	5224528	27
3234	5227761	24
3235	5230995	25
3236	5234230	50
3237	5237466	339
3238	5240703	1202
3239	5243941	31
3240	5247180	1945
3241	5250420	584
3242	5253661	383
3243	5256903	352
3244	5260146	540
3245	5263390	19
3246	5266635	239
3247	5269881	155
3248	5273128	1272
3249	5276376	23
3250	5279625	370
3251	5282875	1068
3252	5286126	4313
3253	5289378	1370
3254	5292631	581
3255	5295885	38
3256	5299140	299
3257	5302396	126
3258	5305653	164
3259	5308911	2252
3260	5312170	20
3261	5315430	23
3262	5318691	459
3263	5321953	178
3264	5325216	66
3265	5328480	43
3266	5331745	91
3267	5335011	726
3268	5338278	217
3269	5341546	139
3270	5344815	599
3271	5348085	121
3272	5351356	218
3273	5354628	25
3274	5357901	499
3275	5361175	191
3276	5364450	35
3277	5367726	321
3278	5371003	35
3279	5374281	437
3280	5377560	32
3281	5380840	373
3282	5384121	25
3283	5387403	27
3284	5390686	495
3285	5393970	27
3286	5397255	303
3287	5400541	688
3288	5403828	58
3289	5407116	301
3290	5410405	526
3291	5413695	10720
3292	5416986	34
3293	5420278	3168
3294	5423571	144
3295	5426865	512
3296	5430160	31
3297	5433456	364
3298	5436753	623
3299	5440051	25
3300	5443350	45
3301	5446650	576
3302	5449951	24
3303	5453253	57
3304	5456556	25
3305	5459860	1047
3306	5463165	500
3307	5466471	21
3308	5469778	78
3309	5473086	487
3310	5476395	110
3311	5479705	25
3312	5483016	346
3313	5486328	570
3314	5489641	689
3315	5492955	378
3316	5496270	181
3317	5499586	135
3318	5502903	426
3319	5506221	646
3320	5509540	351
3321	5512860	3290
3322	5516181	68
3323	5519503	369
3324	5522826	449
3325	5526150	784
3326	5529475	780
3327	5532801	33
3328	5536128	23
3329	5539456	457
3330	5542785	28
3331	5546115	286
3332	5549446	1590
3333	5552778	28
3334	5556111	557
3335	5559445	168
3336	5562780	666
3337	5566116	147
3338	5569453	1219
3339	5572791	63
3340	5576130	176
3341	5579470	25
3342	5582811	276
3343	5586153	64
3344	5589496	311
3345	5592840	1095
3346	5596185	666
3347	5599531	250
3348	5602878	123
3349	5606226	377
3350	5609575	477
3351	5612925	207
3352	5616276	393
3353	5619628	51
3354	5622981	83
3355	5626335	154
3356	5629690	3462
3357	5633046	473
3358	5636403	302
3359	5639761	2028
3360	5643120	507
3361	5646480	560
3362	5649841	460
3363	5653203	64
3364	5656566	538
3365	5659930	24
3366	5663295	27
3367	5666661	43
3368	5670028	538
3369	5673396	28
3370	5676765	72
3371	5680135	20
3372	5683506	31
3373	5686878	220
3374	5690251	489
3375	5693625	232
3376	5697000	408
3377	5700376	29
3378	5703753	685
3379	5707131	31
3380	5710510	1634
3381	5713890	140
3382	5717271	65
3383	5720653	306
3384	5724036	2443
3385	5727420	37
3386	5730805	360
3387	5734191	349
3388	5737578	27
3389	5740966	1249
3390	5744355	732
3391	5747745	1216
3392	5751136	25
3393	5754528	117
3394	5757921	653
3395	5761315	39
3396	5764710	34
3397	5768106	30
3398	5771503	659
3399	5774901	27
3400	5778300	61
3401	5781700	59
3402	5785101	248
3403	5788503	334
3404	5791906	87
3405	5795310	76
3406	5798715	1065
3407	5802121	29
3408	5805528	24
3409	5808936	76
3410	5812345	513
3411	5815755	114
3412	5819166	79
3413	5822578	437
3414	5825991	61
3415	5829405	30
3416	5832820	202
3417	5836236	43
3418	5839653	519
3419	5843071	182
3420	5846490	186
3421	5849910	296
3422	5853331	25
3423	5856753	24
3424	5860176	174
3425	5863600	62
3426	5867025	207
3427	5870451	207
3428	5873878	299
3429	5877306	213
3430	5880735	945
3431	5884165	1166
3432	5887596	148
3433	5891028	919
3434	5894461	355
3435	5897895	217
3436	5901330	504
3437	5904766	24
3438	5908203	59
3439	5911641	31
3440	5915080	61
3441	5918520	109
3442	5921961	25
3443	5925403	527
3444	5928846	460
3445	5932290	30
3446	5935735	65
3447	5939181	43
3448	5942628	311
3449	5946076	30
3450	5949525	549
3451	5952975	357
3452	5956426	272
3453	5959878	30
3454	5963331	79
3455	5966785	431
3456	5970240	242
3457	5973696	32
3458	5977153	27
3459	5980611	113
3460	5984070	293
3461	5987530	386
3462	5990991	140
3463	5994453	43
3464	5997916	269
3465	6001380	348
3466	6004845	337
3467	6008311	66
3468	6011778	556
3469	6015246	30
3470	6018715	302
3471	6022185	354
3472	6025656	101
3473	6029128	369
3474	6032601	36
3475	6036075	54
3476	6039550	388
3477	6043026	118
3478	6046503	212
3479	6049981	262
3480	6053460	53
3481	6056940	63
3482	6060421	102
3483	6063903	1043
3484	6067386	74
3485	6070870	270
3486	6074355	73
3487	6077841	353
3488	6081328	246
3489	6084816	245
3490	6088305	250
3491	6091795	291
3492	6095286	29
3493	6098778	425
3494	6102271	59
3495	6105765	350
3496	6109260	237
3497	6112756	293
3498	6116253	65
3499	6119751	1200
3500	6123250	40
3501	6126750	296
3502	6130251	64
3503	6133753	452
3504	6137256	284
3505	6140760	1248
3506	6144265	491
3507	6147771	434
3508	6151278	321
3509	6154786	34
3510	6158295	398
3511	6161805	144
3512	6165316	162
3513	6168828	30
3514	6172341	300
3515	6175855	44
3516	6179370	394
3517	6182886	32
3518	6186403	51
3519	6189921	416
3520	6193440	399
3521	6196960	32
3522	6200481	29
3523	6204003	28
3524	6207526	47
3525	6211050	384
3526	6214575	1304
3527	6218101	383
3528	6221628	755
3529	6225156	1248
3530	6228685	51
3531	6232215	2265
3532	6235746	1559
3533	6239278	451
3534	6242811	75
3535	6246345	266
3536	6249880	1017
3537	6253416	395
3538	6256953	414
3539	6260491	59
3540	6264030	569
3541	6267570	27
3542	6271111	618
3543	6274653	101
3544	6278196	106
3545	6281740	2155
3546	6285285	777
3547	6288831	47
3548	6292378	52
3549	6295926	59
3550	6299475	425
3551	6303025	1541
3552	6306576	26
3553	6310128	761
3554	6313681	59
3555	6317235	58
3556	6320790	504
3557	6324346	323
3558	6327903	240
3559	6331461	293
3560	6335020	123
3561	6338580	576
3562	6342141	29
3563	6345703	83
3564	6349266	48
3565	6352830	102
3566	6356395	286
3567	6359961	675
3568	6363528	185
3569	6367096	394
3570	6370665	444
3571	6374235	29
3572	6377806	1124
3573	6381378	574
3574	6384951	238
3575	6388525	36
3576	6392100	881
3577	6395676	55
3578	6399253	407
3579	6402831	56
3580	6406410	766
3581	6409990	88
3582	6413571	529
3583	6417153	53
3584	6420736	734
3585	6424320	185
3586	6427905	1891
3587	6431491	181
3588	6435078	187
3589	6438666	129
3590	6442255	215
3591	6445845	996
3592	6449436	157
3593	6453028	285
3594	6456621	1294
3595	6460215	143
3596	6463810	198
3597	6467406	145
3598	6471003	1878
3599	6474601	181
3600	6478200	188
3601	6481800	64
3602	6485401	106
3603	6489003	775
3604	6492606	839
3605	6496210	213
3606	6499815	1156
3607	6503421	243
3608	6507028	102
3609	6510636	231
3610	6514245	103
3611	6517855	220
3612	6521466	184
3613	6525078	276
3614	6528691	760
3615	6532305	134
3616	6535920	379
3617	6539536	1547
3618	6543153	255
3619	6546771	104
3620	6550390	153
3621	6554010	90
3622	6557631	104
3623	6561253	154
3624	6564876	211
3625	6568500	329
3626	6572125	114
3627	6575751	247
3628	6579378	137
3629	6583006	84
3630	6586635	272
3631	6590265	218
3632	6593896	424
3633	6597528	217
3634	6601161	119
3635	6604795	208
3636	6608430	107
3637	6612066	2356
3638	6615703	339
3639	6619341	146
3640	6622980	161
3641	6626620	358
3642	6630261	271
3643	6633903	316
3644	6637546	105
3645	6641190	108
3646	6644835	131
3647	6648481	303
3648	6652128	144
3649	6655776	78
3650	6659425	131
3651	6663075	215
3652	6666726	197
3653	6670378	160
3654	6674031	108
3655	6677685	234
3656	6681340	248
3657	6684996	63
3658	6688653	89
3659	6692311	132
3660	6695970	165
3661	6699630	95
3662	6703291	93
3663	6706953	2054
3664	6710616	143
3665	6714280	356
3666	6717945	142
3667	6721611	179
3668	6725278	133
3669	6728946	136
3670	6732615	148
3671	6736285	167
3672	6739956	393
3673	6743628	649
3674	6747301	687
3675	6750975	128
3676	6754650	341
3677	6758326	127
3678	6762003	203
3679	6765681	456
3680	6769360	319
3681	6773040	187
3682	6776721	101
3683	6780403	135
3684	6784086	74
3685	6787770	109
3686	6791455	1720
3687	6795141	237
3688	6798828	162
3689	6802516	161
3690	6806205	304
3691	6809895	248
3692	6813586	187
3693	6817278	265
3694	6820971	232
3695	6824665	122
3696	6828360	208
3697	6832056	112
3698	6835753	119
3699	6839451	454
3700	6843150	98
3701	6846850	80
3702	6850551	768
3703	6854253	178
3704	6857956	196
3705	6861660	143
3706	6865365	226
3707	6869071	135
3708	6872778	256
3709	6876486	115
3710	6880195	1298
3711	6883905	84
3712	6887616	286
3713	6891328	318
3714	6895041	404
3715	6898755	64
3716	6902470	133
3717	6906186	1083
3718	6909903	112
3719	6913621	194
3720	6917340	211
3721	6921060	152
3722	6924781	475
3723	6928503	367
3724	6932226	61
3725	6935950	89
3726	6939675	190
3727	6943401	264
3728	6947128	133
3729	6950856	243
3730	6954585	575
3731	6958315	303
3732	6962046	142
3733	6965778	179
3734	6969511	265
3735	6973245	121
3736	6976980	236
3737	6980716	184
3738	6984453	1394
3739	6988191	418
3740	6991930	179
3741	6995670	660
3742	6999411	199
3743	7003153	816
3744	7006896	468
3745	7010640	118
3746	7014385	159
3747	7018131	227
3748	7021878	213
3749	7025626	434
3750	7029375	257
3751	7033125	79
3752	7036876	125
3753	7040628	103
3754	7044381	152
3755	7048135	116
3756	7051890	157
3757	7055646	157
3758	7059403	244
3759	7063161	205
3760	7066920	318
3761	7070680	108
3762	7074441	96
3763	7078203	175
3764	7081966	107
3765	7085730	503
3766	7089495	144
3767	7093261	387
3768	7097028	216
3769	7100796	375
3770	7104565	419
3771	7108335	117
3772	7112106	158
3773	7115878	901
3774	7119651	167
3775	7123425	164
3776	7127200	126
3777	7130976	159
3778	7134753	564
3779	7138531	223
3780	7142310	187
3781	7146090	253
3782	7149871	165
3783	7153653	102
3784	7157436	84
3785	7161220	443
3786	7165005	103
3787	7168791	222
3788	7172578	123
3789	7176366	192
3790	7180155	134
3791	7183945	188
3792	7187736	175
3793	7191528	156
3794	7195321	1428
3795	7199115	788
3796	7202910	461
3797	7206706	1349
3798	7210503	267
3799	7214301	221
3800	7218100	552
3801	7221900	3354
3802	7225701	88
3803	7229503	221
3804	7233306	322
3805	7237110	360
3806	7240915	312
3807	7244721	276
3808	7248528	103
3809	7252336	308
3810	7256145	828
3811	7259955	1245
3812	7263766	86
3813	7267578	103
3814	7271391	3083
3815	7275205	101
3816	7279020	868
3817	7282836	161
3818	7286653	97
3819	7290471	3252
3820	7294290	172
3821	7298110	1117
3822	7301931	208
3823	7305753	393
3824	7309576	1042
3825	7313400	235
3826	7317225	1852
3827	7321051	344
3828	7324878	1398
3829	7328706	404
3830	7332535	63
3831	7336365	68
3832	7340196	100
3833	7344028	226
3834	7347861	107
3835	7351695	209
3836	7355530	358
3837	7359366	66
3838	7363203	418
3839	7367041	124
3840	7370880	272
3841	7374720	2129
3842	7378561	898
3843	7382403	200
3844	7386246	484
3845	7390090	113
3846	7393935	754
3847	7397781	357
3848	7401628	237
3849	7405476	238
3850	7409325	398
3851	7413175	464
3852	7417026	351
3853	7420878	1015
3854	7424731	206
3855	7428585	80
3856	7432440	1405
3857	7436296	415
3858	7440153	98
3859	7444011	756
3860	7447870	488
3861	7451730	142
3862	7455591	238
3863	7459453	175
3864	7463316	189
3865	7467180	562
3866	7471045	1497
3867	7474911	199
3868	7478778	151
3869	7482646	307
3870	7486515	2078
3871	7490385	70
3872	7494256	329
3873	7498128	124
3874	7502001	194
3875	7505875	363
3876	7509750	75
3877	7513626	197
3878	7517503	301
3879	7521381	99
3880	7525260	139
3881	7529140	625
3882	7533021	98
3883	7536903	92
3884	7540786	146
3885	7544670	121
3886	7548555	107
3887	7552441	246
3888	7556328	215
3889	7560216	111
3890	7564105	152
3891	7567995	399
3892	7571886	108
3893	7575778	148
3894	7579671	139
3895	7583565	319
3896	7587460	74
3897	7591356	182
3898	7595253	448
3899	7599151	78
3900	7603050	110
3901	7606950	103
3902	7610851	263
3903	7614753	120
3904	7618656	164
3905	7622560	256
3906	7626465	773
3907	7630371	765
3908	7634278	179
3909	7638186	360
3910	7642095	324
3911	7646005	152
3912	7649916	165
3913	7653828	197
3914	7657741	65
3915	7661655	305
3916	7665570	246
3917	7669486	141
3918	7673403	252
3919	7677321	140
3920	7681240	1369
3921	7685160	129
3922	7689081	712
3923	7693003	408
3924	7696926	207
3925	7700850	136
3926	7704775	612
3927	7708701	131
3928	7712628	145
3929	7716556	4808
3930	7720485	176
3931	7724415	416
3932	7728346	281
3933	7732278	320
3934	7736211	209
3935	7740145	4896
3936	7744080	717
3937	7748016	220
3938	7751953	110
3939	7755891	258
3940	7759830	72
3941	7763770	202
3942	7767711	90
3943	7771653	136
3944	7775596	164
3945	7779540	122
3946	7783485	188
3947	7787431	1046
3948	7791378	62
3949	7795326	1438
3950	7799275	197
3951	7803225	106
3952	7807176	176
3953	7811128	534
3954	7815081	2535
3955	7819035	126
3956	7822990	276
3957	7826946	2574
3958	7830903	107
3959	7834861	69
3960	7838820	109
3961	7842780	160
3962	7846741	281
3963	7850703	172
3964	7854666	4976
3965	7858630	343
3966	7862595	156
3967	7866561	2665
3968	7870528	116
3969	7874496	173
3970	7878465	833
3971	7882435	174
3972	7886406	102
3973	7890378	83
3974	7894351	226
3975	7898325	638
3976	7902300	265
3977	7906276	92
3978	7910253	747
3979	7914231	61
3980	7918210	337
3981	7922190	594
3982	7926171	168
3983	7930153	395
3984	7934136	142
3985	7938120	94
3986	7942105	1741
3987	7946091	865
3988	7950078	259
3989	7954066	402
3990	7958055	194
3991	7962045	92
3992	7966036	1829
3993	7970028	321
3994	7974021	403
3995	7978015	73
3996	7982010	196
3997	7986006	1286
3998	7990003	101
3999	7994001	498
4000	7998000	466
4001	8002000	85
4002	8006001	671
4003	8010003	199
4004	8014006	692
4005	8018010	163
4006	8022015	173
4007	8026021	165
4008	8030028	145
4009	8034036	1217
4010	8038045	184
4011	8042055	55
4012	8046066	175
4013	8050078	222
4014	8054091	291
4015	8058105	435
4016	8062120	338
4017	8066136	79
4018	8070153	160
4019	8074171	172
4020	8078190	106
4021	8082210	196
4022	8086231	247
4023	8090253	516
4024	8094276	136
4025	8098300	2559
4026	8102325	347
4027	8106351	127
4028	8110378	267
4029	8114406	168
4030	8118435	212
4031	8122465	122
4032	8126496	1449
4033	8130528	86
4034	8134561	124
4035	8138595	66
4036	8142630	2916
4037	8146666	1721
4038	8150703	252
4039	8154741	385
4040	8158780	801
4041	8162820	599
4042	8166861	1570
4043	8170903	61
4044	8174946	578
4045	8178990	53
4046	8183035	137
4047	8187081	91
4048	8191128	225
4049	8195176	261
4050	8199225	1030
4051	8203275	188
4052	8207326	1422
4053	8211378	307
4054	8215431	144
4055	8219485	498
4056	8223540	57
4057	8227596	90
4058	8231653	378
4059	8235711	171
4060	8239770	2187
4061	8243830	90
4062	8247891	168
4063	8251953	247
4064	8256016	416
4065	8260080	246
4066	8264145	307
4067	8268211	144
4068	8272278	189
4069	8276346	243
4070	8280415	100
4071	8284485	99
4072	8288556	158
4073	8292628	128
4074	8296701	92
4075	8300775	298
4076	8304850	242
4077	8308926	218
4078	8313003	366
4079	8317081	523
4080	8321160	221
4081	8325240	95
4082	8329321	644
4083	8333403	82
4084	8337486	109
4085	8341570	131
4086	8345655	109
4087	8349741	146
4088	8353828	240
4089	8357916	1636
4090	8362005	201
4091	8366095	262
4092	8370186	99
4093	8374278	67
4094	8378371	99
4095	8382465	211
4096	8386560	261
4097	8390656	320
4098	8394753	104
4099	8398851	146
4100	8402950	191
4101	8407050	221
4102	8411151	328
4103	8415253	420
4104	8419356	111
4105	8423460	86
4106	8427565	1531
4107	8431671	75
4108	8435778	96
4109	8439886	209
4110	8443995	230
4111	8448105	68
4112	8452216	1029
4113	8456328	196
4114	8460441	85
4115	8464555	381
4116	8468670	1440
4117	8472786	66
4118	8476903	210
4119	8481021	1583
4120	8485140	231
4121	8489260	1662
4122	8493381	148
4123	8497503	85
4124	8501626	521
4125	8505750	120
4126	8509875	86
4127	8514001	1643
4128	8518128	679
4129	8522256	300
4130	8526385	903
4131	8530515	198
4132	8534646	108
4133	8538778	123
4134	8542911	545
4135	8547045	171
4136	8551180	506
4137	8555316	292
4138	8559453	471
4139	8563591	69
4140	8567730	219
4141	8571870	204
4142	8576011	165
4143	8580153	303
4144	8584296	266
4145	8588440	123
4146	8592585	132
4147	8596731	986
4148	8600878	190
4149	8605026	73
4150	8609175	976
4151	8613325	318
4152	8617476	108
4153	8621628	211
4154	8625781	118
4155	8629935	101
4156	8634090	100
4157	8638246	252
4158	8642403	1412
4159	8646561	862
4160	8650720	172
4161	8654880	129
4162	8659041	65
4163	8663203	543
4164	8667366	481
4165	8671530	173
4166	8675695	124
4167	8679861	193
4168	8684028	159
4169	8688196	167
4170	8692365	264
4171	8696535	408
4172	8700706	1773
4173	8704878	73
4174	8709051	76
4175	8713225	79
4176	8717400	151
4177	8721576	102
4178	8725753	296
4179	8729931	97
4180	8734110	293
4181	8738290	682
4182	8742471	704
4183	8746653	54
4184	8750836	337
4185	8755020	289
4186	8759205	75
4187	8763391	122
4188	8767578	334
4189	8771766	89
4190	8775955	469
4191	8780145	456
4192	8784336	175
4193	8788528	4111
4194	8792721	1341
4195	8796915	301
4196	8801110	168
4197	8805306	205
4198	8809503	67
4199	8813701	149
4200	8817900	201
4201	8822100	554
4202	8826301	4025
4203	8830503	84
4204	8834706	256
4205	8838910	189
4206	8843115	208
4207	8847321	103
4208	8851528	181
4209	8855736	256
4210	8859945	275
4211	8864155	65
4212	8868366	849
4213	8872578	222
4214	8876791	1363
4215	8881005	368
4216	8885220	69
4217	8889436	527
4218	8893653	1171
4219	8897871	155
4220	8902090	413
4221	8906310	216
4222	8910531	183
4223	8914753	247
4224	8918976	83
4225	8923200	149
4226	8927425	119
4227	8931651	124
4228	8935878	239
4229	8940106	139
4230	8944335	1782
4231	8948565	349
4232	8952796	3418
4233	8957028	131
4234	8961261	219
4235	8965495	213
4236	8969730	322
4237	8973966	145
4238	8978203	151
4239	8982441	275
4240	8986680	796
4241	8990920	184
4242	8995161	322
4243	8999403	495
4244	9003646	263
4245	9007890	105
4246	9012135	118
4247	9016381	360
4248	9020628	113
4249	9024876	205
4250	9029125	191
4251	9033375	389
4252	9037626	113
4253	9041878	232
4254	9046131	90
4255	9050385	1440
4256	9054640	536
4257	9058896	609
4258	9063153	303
4259	9067411	572
4260	9071670	1123
4261	9075930	1267
4262	9080191	163
4263	9084453	106
4264	9088716	1180
4265	9092980	202
4266	9097245	78
4267	9101511	1383
4268	9105778	330
4269	9110046	161
4270	9114315	1525
4271	9118585	71
4272	9122856	249
4273	9127128	88
4274	9131401	569
4275	9135675	269
4276	9139950	383
4277	9144226	2434
4278	9148503	957
4279	9152781	87
4280	9157060	3063
4281	9161340	930
4282	9165621	80
4283	9169903	310
4284	9174186	124
4285	9178470	141
4286	9182755	200
4287	9187041	192
4288	9191328	145
4289	9195616	118
4290	9199905	112
4291	9204195	187
4292	9208486	154
4293	9212778	270
4294	9217071	785
4295	9221365	93
4296	9225660	1785
4297	9229956	111
4298	9234253	288
4299	9238551	110
4300	9242850	59
4301	9247150	595
4302	9251451	427
4303	9255753	191
4304	9260056	2720
4305	9264360	224
4306	9268665	515
4307	9272971	106
4308	9277278	232
4309	9281586	2614
4310	9285895	147
4311	9290205	197
4312	9294516	364
4313	9298828	159
4314	9303141	235
4315	9307455	1477
4316	9311770	729
4317	9316086	180
4318	9320403	234
4319	9324721	221
4320	9329040	133
4321	9333360	112
4322	9337681	75
4323	9342003	298
4324	9346326	427
4325	9350650	297
4326	9354975	2122
4327	9359301	433
4328	9363628	2447
4329	9367956	832
4330	9372285	207
4331	9376615	2454
4332	9380946	288
4333	9385278	234
4334	9389611	739
4335	9393945	254
4336	9398280	115
4337	9402616	210
4338	9406953	58
4339	9411291	100
4340	9415630	1575
4341	9419970	105
4342	9424311	51
4343	9428653	361
4344	9432996	1095
4345	9437340	6666
4346	9441685	481
4347	9446031	322
4348	9450378	179
4349	9454726	1019
4350	9459075	111
4351	9463425	163
4352	9467776	124
4353	9472128	90
4354	9476481	279
4355	9480835	130
4356	9485190	225
4357	9489546	260
4358	9493903	221
4359	9498261	119
4360	9502620	946
4361	9506980	500
4362	9511341	771
4363	9515703	170
4364	9520066	76
4365	9524430	3435
4366	9528795	881
4367	9533161	260
4368	9537528	451
4369	9541896	559
4370	9546265	322
4371	9550635	124
4372	9555006	104
4373	9559378	275
4374	9563751	215
4375	9568125	190
4376	9572500	173
4377	9576876	131
4378	9581253	165
4379	9585631	76
4380	9590010	2128
4381	9594390	692
4382	9598771	802
4383	9603153	210
4384	9607536	240
4385	9611920	183
4386	9616305	88
4387	9620691	514
4388	9625078	141
4389	9629466	502
4390	9633855	594
4391	9638245	217
4392	9642636	259
4393	9647028	199
4394	9651421	876
4395	9655815	157
4396	9660210	105
4397	9664606	208
4398	9669003	205
4399	9673401	523
4400	9677800	155
4401	9682200	201
4402	9686601	183
4403	9691003	95
4404	9695406	114
4405	9699810	154
4406	9704215	234
4407	9708621	801
4408	9713028	146
4409	9717436	89
4410	9721845	575
4411	9726255	248
4412	9730666	420
4413	9735078	336
4414	9739491	130
4415	9743905	311
4416	9748320	2190
4417	9752736	397
4418	9757153	352
4419	9761571	258
4420	9765990	901
4421	9770410	377
4422	9774831	103
4423	9779253	652
4424	9783676	127
4425	9788100	168
4426	9792525	89
4427	9796951	270
4428	9801378	248
4429	9805806	64
4430	9810235	221
4431	9814665	863
4432	9819096	83
4433	9823528	324
4434	9827961	240
4435	9832395	121
4436	9836830	251
4437	9841266	210
4438	9845703	102
4439	9850141	765
4440	9854580	396
4441	9859020	121
4442	9863461	198
4443	9867903	221
4444	9872346	82
4445	9876790	180
4446	9881235	330
4447	9885681	962
4448	9890128	728
4449	9894576	170
4450	9899025	2327
4451	9903475	2404
4452	9907926	1396
4453	9912378	273
4454	9916831	240
4455	9921285	126
4456	9925740	458
4457	9930196	194
4458	9934653	308
4459	9939111	78
4460	9943570	84
4461	9948030	378
4462	9952491	300
4463	9956953	106
4464	9961416	114
4465	9965880	162
4466	9970345	294
4467	9974811	539
4468	9979278	193
4469	9983746	819
4470	9988215	247
4471	9992685	94
4472	9997156	618
4473	10001628	518
4474	10006101	317
4475	10010575	175
4476	10015050	273
4477	10019526	174
4478	10024003	249
4479	10028481	238
4480	10032960	276
4481	10037440	332
4482	10041921	112
4483	10046403	108
4484	10050886	198
4485	10055370	132
4486	10059855	2593
4487	10064341	139
4488	10068828	477
4489	10073316	121
4490	10077805	112
4491	10082295	646
4492	10086786	299
4493	10091278	99
4494	10095771	196
4495	10100265	193
4496	10104760	77
4497	10109256	342
4498	10113753	172
4499	10118251	2729
4500	10122750	403
4501	10127250	2443
4502	10131751	2554
4503	10136253	1143
4504	10140756	146
4505	10145260	546
4506	10149765	214
4507	10154271	88
4508	10158778	761
4509	10163286	2161
4510	10167795	216
4511	10172305	873
4512	10176816	174
4513	10181328	77
4514	10185841	178
4515	10190355	249
4516	10194870	133
4517	10199386	565
4518	10203903	976
4519	10208421	340
4520	10212940	232
4521	10217460	71
4522	10221981	128
4523	10226503	139
4524	10231026	112
4525	10235550	180
4526	10240075	153
4527	10244601	179
4528	10249128	126
4529	10253656	208
4530	10258185	1962
4531	10262715	855
4532	10267246	169
4533	10271778	278
4534	10276311	151
4535	10280845	3258
4536	10285380	216
4537	10289916	1667
4538	10294453	1322
4539	10298991	219
4540	10303530	176
4541	10308070	2229
4542	10312611	184
4543	10317153	2076
4544	10321696	296
4545	10326240	121
4546	10330785	125
4547	10335331	84
4548	10339878	191
4549	10344426	159
4550	10348975	304
4551	10353525	513
4552	10358076	223
4553	10362628	58
4554	10367181	215
4555	10371735	254
4556	10376290	479
4557	10380846	715
4558	10385403	161
4559	10389961	640
4560	10394520	3970
4561	10399080	231
4562	10403641	476
4563	10408203	189
4564	10412766	138
4565	10417330	447
4566	10421895	477
4567	10426461	188
4568	10431028	160
4569	10435596	252
4570	10440165	346
4571	10444735	402
4572	10449306	98
4573	10453878	233
4574	10458451	161
4575	10463025	107
4576	10467600	443
4577	10472176	115
4578	10476753	183
4579	10481331	167
4580	10485910	96
4581	10490490	1984
4582	10495071	1039
4583	10499653	692
4584	10504236	226
4585	10508820	101
4586	10513405	151
4587	10517991	117
4588	10522578	134
4589	10527166	377
4590	10531755	199
4591	10536345	200
4592	10540936	913
4593	10545528	2371
4594	10550121	128
4595	10554715	598
4596	10559310	2000
4597	10563906	342
4598	10568503	255
4599	10573101	905
4600	10577700	119
4601	10582300	492
4602	10586901	285
4603	10591503	111
4604	10596106	230
4605	10600710	75
4606	10605315	220
4607	10609921	1648
4608	10614528	296
4609	10619136	736
4610	10623745	1279
4611	10628355	170
4612	10632966	110
4613	10637578	935
4614	10642191	121
4615	10646805	156
4616	10651420	208
4617	10656036	124
4618	10660653	171
4619	10665271	227
4620	10669890	205
4621	10674510	108
4622	10679131	104
4623	10683753	199
4624	10688376	1294
4625	10693000	216
4626	10697625	142
4627	10702251	288
4628	10706878	243
4629	10711506	138
4630	10716135	702
4631	10720765	226
4632	10725396	3703
4633	10730028	565
4634	10734661	1976
4635	10739295	224
4636	10743930	115
4637	10748566	91
4638	10753203	278
4639	10757841	109
4640	10762480	141
4641	10767120	401
4642	10771761	526
4643	10776403	76
4644	10781046	87
4645	10785690	125
4646	10790335	523
4647	10794981	69
4648	10799628	297
4649	10804276	107
4650	10808925	1312
4651	10813575	3159
4652	10818226	355
4653	10822878	281
4654	10827531	175
4655	10832185	172
4656	10836840	421
4657	10841496	332
4658	10846153	222
4659	10850811	90
4660	10855470	91
4661	10860130	444
4662	10864791	1449
4663	10869453	1676
4664	10874116	66
4665	10878780	87
4666	10883445	205
4667	10888111	201
4668	10892778	75
4669	10897446	597
4670	10902115	320
4671	10906785	162
4672	10911456	217
4673	10916128	3411
4674	10920801	302
4675	10925475	839
4676	10930150	379
4677	10934826	302
4678	10939503	184
4679	10944181	415
4680	10948860	460
4681	10953540	80
4682	10958221	328
4683	10962903	1065
4684	10967586	77
4685	10972270	981
4686	10976955	246
4687	10981641	503
4688	10986328	725
4689	10991016	3321
4690	10995705	2727
4691	11000395	2542
4692	11005086	233
4693	11009778	383
4694	11014471	119
4695	11019165	190
4696	11023860	470
4697	11028556	129
4698	11033253	185
4699	11037951	761
4700	11042650	472
4701	11047350	384
4702	11052051	143
4703	11056753	134
4704	11061456	131
4705	11066160	332
4706	11070865	231
4707	11075571	126
4708	11080278	367
4709	11084986	108
4710	11089695	364
4711	11094405	1822
4712	11099116	491
4713	11103828	352
4714	11108541	519
4715	11113255	247
4716	11117970	148
4717	11122686	950
4718	11127403	195
4719	11132121	85
4720	11136840	149
4721	11141560	213
4722	11146281	649
4723	11151003	358
4724	11155726	115
4725	11160450	706
4726	11165175	101
4727	11169901	399
4728	11174628	1959
4729	11179356	216
4730	11184085	2460
4731	11188815	1337
4732	11193546	149
4733	11198278	230
4734	11203011	209
4735	11207745	186
4736	11212480	125
4737	11217216	179
4738	11221953	230
4739	11226691	137
4740	11231430	603
4741	11236170	72
4742	11240911	94
4743	11245653	80
4744	11250396	360
4745	11255140	101
4746	11259885	1588
4747	11264631	153
4748	11269378	152
4749	11274126	2531
4750	11278875	125
4751	11283625	301
4752	11288376	113
4753	11293128	212
4754	11297881	381
4755	11302635	295
4756	11307390	160
4757	11312146	221
4758	11316903	218
4759	11321661	182
4760	11326420	134
4761	11331180	919
4762	11335941	70
4763	11340703	201
4764	11345466	1847
4765	11350230	273
4766	11354995	520
4767	11359761	80
4768	11364528	151
4769	11369296	235
4770	11374065	92
4771	11378835	436
4772	11383606	90
4773	11388378	665
4774	11393151	633
4775	11397925	266
4776	11402700	191
4777	11407476	172
4778	11412253	252
4779	11417031	79
4780	11421810	181
4781	11426590	177
4782	11431371	1145
4783	11436153	160
4784	11440936	3866
4785	11445720	212
4786	11450505	207
4787	11455291	682
4788	11460078	153
4789	11464866	273
4790	11469655	3090
4791	11474445	649
4792	11479236	93
4793	11484028	400
4794	11488821	122
4795	11493615	141
4796	11498410	523
4797	11503206	206
4798	11508003	121
4799	11512801	128
4800	11517600	106
4801	11522400	170
4802	11527201	355
4803	11532003	117
4804	11536806	125
4805	11541610	2335
4806	11546415	189
4807	11551221	1437
4808	11556028	300
4809	11560836	269
4810	11565645	133
4811	11570455	132
4812	11575266	176
4813	11580078	99
4814	11584891	394
4815	11589705	74
4816	11594520	271
4817	11599336	231
4818	11604153	273
4819	11608971	1935
4820	11613790	1011
4821	11618610	942
4822	11623431	156
4823	11628253	220
4824	11633076	123
4825	11637900	753
4826	11642725	2013
4827	11647551	1456
4828	11652378	80
4829	11657206	113
4830	11662035	80
4831	11666865	253
4832	11671696	2262
4833	11676528	162
4834	11681361	121
4835	11686195	295
4836	11691030	1487
4837	11695866	277
4838	11700703	888
4839	11705541	163
4840	11710380	2900
4841	11715220	3095
4842	11720061	2171
4843	11724903	62
4844	11729746	211
4845	11734590	144
4846	11739435	71
4847	11744281	87
4848	11749128	926
4849	11753976	129
4850	11758825	201
4851	11763675	1368
4852	11768526	131
4853	11773378	184
4854	11778231	254
4855	11783085	140
4856	11787940	112
4857	11792796	548
4858	11797653	604
4859	11802511	388
4860	11807370	118
4861	11812230	667
4862	11817091	793
4863	11821953	2078
4864	11826816	531
4865	11831680	177
4866	11836545	965
4867	11841411	171
4868	11846278	174
4869	11851146	242
4870	11856015	621
4871	11860885	121
4872	11865756	76
4873	11870628	108
4874	11875501	1265
4875	11880375	165
4876	11885250	74
4877	11890126	939
4878	11895003	2028
4879	11899881	6796
4880	11904760	208
4881	11909640	208
4882	11914521	103
4883	11919403	1163
4884	11924286	372
4885	11929170	216
4886	11934055	205
4887	11938941	270
4888	11943828	386
4889	11948716	183
4890	11953605	1756
4891	11958495	174
4892	11963386	337
4893	11968278	1605
4894	11973171	113
4895	11978065	205
4896	11982960	80
4897	11987856	77
4898	11992753	635
4899	11997651	167
4900	12002550	1404
4901	12007450	210
4902	12012351	691
4903	12017253	122
4904	12022156	795
4905	12027060	94
4906	12031965	89
4907	12036871	123
4908	12041778	117
4909	12046686	289
4910	12051595	153
4911	12056505	3732
4912	12061416	323
4913	12066328	145
4914	12071241	151
4915	12076155	547
4916	12081070	67
4917	12085986	968
4918	12090903	277
4919	12095821	182
4920	12100740	986
4921	12105660	166
4922	12110581	1295
4923	12115503	152
