100	4950	134
101	5050	114
102	5151	108
103	5253	372
104	5356	208
105	5460	85
106	5565	52
107	5671	521
108	5778	30
109	5886	43
110	5995	51
111	6105	173
112	6216	50
113	6328	180
114	6441	194
115	6555	357
116	6670	36
117	6786	50
118	6903	227
119	7021	52
120	7140	262
121	7260	112
122	7381	207
123	7503	56
124	7626	61
125	7750	77
126	7875	151
127	8001	156
128	8128	64
129	8256	173
130	8385	792
131	8515	71
132	8646	71
133	8778	74
134	8911	49
135	9045	64
136	9180	76
137	9316	62
138	9453	68
139	9591	692
140	9730	80
141	9870	856
142	10011	876
143	10153	52
144	10296	85
145	10440	69
146	10585	52
147	10731	633
148	10878	86
149	11026	627
150	11175	57
151	11325	110
152	11476	325
153	11628	59
154	11781	138
155	11935	60
156	12090	63
157	12246	103
158	12403	635
159	12561	62
160	12720	72
161	12880	106
162	13041	439
163	13203	60
164	13366	104
165	13530	103
166	13695	125
167	13861	77
168	14028	79
169	14196	91
170	14365	654
171	14535	1013
172	14706	593
173	14878	621
174	15051	475
175	15225	314
176	15400	364
177	15576	406
178	15753	651
179	15931	145
180	16110	93
181	16290	87
182	16471	98
183	16653	88
184	16836	138
185	17020	163
186	17205	138
187	17391	1224
188	17578	184
189	17766	1240
190	17955	148
191	18145	254
192	18336	101
193	18528	440
194	18721	1742
195	18915	150
196	19110	254
197	19306	1742
198	19503	743
199	19701	427
200	19900	418
201	20100	3140
202	20301	114
203	20503	181
204	20706	450
205	20910	158
206	21115	550
207	21321	142
208	21528	493
209	21736	3395
210	21945	162
211	22155	177
212	22366	157
213	22578	140
214	22791	1688
215	23005	2590
216	23220	159
217	23436	160
218	23653	2703
219	23871	149
220	24090	2530
221	24310	160
222	24531	1540
223	24753	180
224	24976	1267
225	25200	1586
226	25425	1795
227	25651	184
228	25878	215
229	26106	1826
230	26335	2198
231	26565	219
232	26796	1412
233	27028	206
234	27261	905
235	27495	209
236	27730	211
237	27966	1729
238	28203	631
239	28441	300
240	28680	1067
241	28920	615
242	29161	204
243	29403	2088
244	29646	223
245	29890	2664
246	30135	255
247	30381	183
248	30628	231
249	30876	232
250	31125	206
251	31375	212
252	31626	249
253	31878	248
254	32131	245
255	32385	263
256	32640	668
257	32896	1888
258	33153	257
259	33411	270
260	33670	266
261	33930	192
262	34191	286
263	34453	196
264	34716	254
265	34980	1399
266	35245	607
267	35511	2104
268	35778	204
269	36046	429
270	36315	785
271	36585	179
272	36856	449
273	37128	344
274	37401	272
275	37675	1259
276	37950	2469
277	38226	169
278	38503	193
279	38781	252
280	39060	264
281	39340	291
282	39621	186
283	39903	2134
284	40186	350
285	40470	231
286	40755	222
287	41041	2097
288	41328	205
289	41616	842
290	41905	626
291	42195	1873
292	42486	3820
293	42778	3068
294	43071	521
295	43365	253
296	43660	381
297	43956	353
298	44253	1889
299	44551	3496
300	44850	342
301	45150	1641
302	45451	1640
303	45753	1820
304	46056	328
305	46360	4018
306	46665	340
307	46971	910
308	47278	238
309	47586	364
310	47895	1670
311	48205	801
312	48516	654
313	48828	397
314	49141	3639
315	49455	977
316	49770	333
317	50086	383
318	50403	387
319	50721	288
320	51040	343
321	51360	398
322	51681	295
323	52003	385
324	52326	396
325	52650	767
326	52975	770
327	53301	383
328	53628	345
329	53956	420
330	54285	280
331	54615	1415
332	54946	1844
333	55278	822
334	55611	259
335	55945	267
336	56280	312
337	56616	334
338	56953	1328
339	57291	953
340	57630	462
341	57970	550
342	58311	434
343	58653	290
344	58996	427
345	59340	303
346	59685	3471
347	60031	1443
348	60378	279
349	60726	342
350	61075	294
351	61425	294
352	61776	297
353	62128	1046
354	62481	1649
355	62835	2234
356	63190	694
357	63546	543
358	63903	299
359	64261	820
360	64620	327
361	64980	1430
362	65341	2352
363	65703	293
364	66066	1725
365	66430	499
366	66795	2697
367	67161	644
368	67528	471
369	67896	473
370	68265	4875
371	68635	297
372	69006	955
373	69378	1316
374	69751	365
375	70125	497
376	70500	2631
377	70876	4995
378	71253	1185
379	71631	4578
380	72010	1205
381	72390	534
382	72771	525
383	73153	564
384	73536	7064
385	73920	434
386	74305	435
387	74691	533
388	75078	3124
389	75466	3694
390	75855	902
391	76245	598
392	76636	539
393	77028	1707
394	77421	444
395	77815	379
396	78210	897
397	78606	463
398	79003	717
399	79401	587
400	79800	4916
401	80200	552
402	80601	592
403	81003	3451
404	81406	2226
405	81810	511
406	82215	379
407	82621	634
408	83028	1251
409	83436	454
410	83845	419
411	84255	4617
412	84666	417
413	85078	1038
414	85491	1344
415	85905	1607
416	86320	391
417	86736	6071
418	87153	664
419	87571	414
420	87990	2539
421	88410	571
422	88831	660
423	89253	463
424	89676	665
425	90100	695
426	90525	618
427	90951	726
428	91378	564
429	91806	2343
430	92235	719
431	92665	2204
432	93096	567
433	93528	475
434	93961	1463
435	94395	4168
436	94830	729
437	95266	1606
438	95703	2023
439	96141	11757
440	96580	5301
441	97020	842
442	97461	529
443	97903	1608
444	98346	2577
445	98790	621
446	99235	672
447	99681	529
448	100128	1145
449	100576	543
450	101025	577
451	101475	993
452	101926	554
453	102378	652
454	102831	910
455	103285	4662
456	103740	2849
457	104196	2596
458	104653	1816
459	105111	3065
460	105570	1198
461	106030	4085
462	106491	1584
463	106953	7898
464	107416	642
465	107880	639
466	108345	1006
467	108811	977
468	109278	1017
469	109746	2724
470	110215	7145
471	110685	3164
472	111156	4119
473	111628	959
474	112101	698
475	112575	5759
476	113050	5887
477	113526	1413
478	114003	1158
479	114481	1068
480	114960	969
481	115440	1127
482	115921	5151
483	116403	865
484	116886	8282
485	117370	9247
486	117855	1011
487	118341	3509
488	118828	1097
489	119316	1106
490	119805	832
491	120295	1076
492	120786	1272
493	121278	1091
494	121771	1120
495	122265	1429
496	122760	7938
497	123256	2160
498	123753	1089
499	124251	1289
500	124750	1688
501	125250	3183
502	125751	1697
503	126253	11082
504	126756	2047
505	127260	3091
506	127765	6883
507	128271	2759
508	128778	2200
509	129286	1278
510	129795	6372
511	130305	9673
512	130816	8718
513	131328	3960
514	131841	6733
515	132355	3287
516	132870	2744
517	133386	1454
518	133903	1144
519	134421	2711
520	134940	911
521	135460	3588
522	135981	1409
523	136503	4825
524	137026	882
525	137550	4246
526	138075	3116
527	138601	1069
528	139128	832
529	139656	1051
530	140185	4590
531	140715	7648
532	141246	1027
533	141778	9582
534	142311	1276
535	142845	1224
536	143380	8093
537	143916	13765
538	144453	1382
539	144991	5887
540	145530	1013
541	146070	1296
542	146611	3722
543	147153	3043
544	147696	919
545	148240	1813
546	148785	3587
547	149331	1392
548	149878	1033
549	150426	1531
550	150975	6495
551	151525	11919
552	152076	6022
553	152628	5063
554	153181	11130
555	153735	1173
556	154290	1649
557	154846	1479
558	155403	11369
559	155961	11996
560	156520	6069
561	157080	1062
562	157641	857
563	158203	2192
564	158766	5019
565	159330	2769
566	159895	7873
567	160461	1211
568	161028	1351
569	161596	4983
570	162165	9844
571	162735	903
572	163306	15598
573	163878	6472
574	164451	931
575	165025	1630
576	165600	12403
577	166176	1069
578	166753	4384
579	167331	1134
580	167910	1511
581	168490	7061
582	169071	9428
583	169653	2856
584	170236	991
585	170820	10936
586	171405	3681
587	171991	1047
588	172578	1649
589	173166	10662
590	173755	1306
591	174345	1012
592	174936	936
593	175528	2640
594	176121	1236
595	176715	1415
596	177310	1625
597	177906	10554
598	178503	8730
599	179101	1447
600	179700	1608
601	180300	1882
602	180901	3189
603	181503	1782
604	182106	4206
605	182710	1595
606	183315	1761
607	183921	7515
608	184528	1537
609	185136	1929
610	185745	3804
611	186355	4779
612	186966	3693
613	187578	1253
614	188191	1169
615	188805	1382
616	189420	1099
617	190036	4258
618	190653	3455
619	191271	1166
620	191890	1326
621	192510	4448
622	193131	15399
623	193753	2964
624	194376	17074
625	195000	1782
626	195625	2363
627	196251	1720
628	196878	10596
629	197506	1154
630	198135	2010
631	198765	4736
632	199396	1239
633	200028	2280
634	200661	1821
635	201295	1745
636	201930	4657
637	202566	17756
638	203203	4907
639	203841	4606
640	204480	10732
641	205120	12347
642	205761	1876
643	206403	1242
644	207046	3616
645	207690	8888
646	208335	1381
647	208981	1231
648	209628	9959
649	210276	1980
650	210925	1293
651	211575	1258
652	212226	1818
653	212878	5255
654	213531	1225
655	214185	13683
656	214840	12398
657	215496	1387
658	216153	6047
659	216811	15207
660	217470	6993
661	218130	16221
662	218791	5885
663	219453	1387
664	220116	1358
665	220780	7065
666	221445	2473
667	222111	1739
668	222778	2059
669	223446	1872
670	224115	1418
671	224785	2044
672	225456	10550
673	226128	1444
674	226801	1538
675	227475	1493
676	228150	2392
677	228826	12606
678	229503	1608
679	230181	2397
680	230860	6767
681	231540	3850
682	232221	2100
683	232903	1380
684	233586	2020
685	234270	1479
686	234955	10533
687	235641	1463
688	236328	4075
689	237016	3057
690	237705	15444
691	238395	2287
692	239086	1482
693	239778	8422
694	240471	2523
695	241165	2014
696	241860	1403
697	242556	2216
698	243253	18032
699	243951	2861
700	244650	2239
701	245350	6621
702	246051	1541
703	246753	10001
704	247456	21656
705	248160	2563
706	248865	7615
707	249571	18251
708	250278	2409
709	250986	1504
710	251695	7041
711	252405	3745
712	253116	1652
713	253828	4277
714	254541	14443
715	255255	1841
716	255970	5942
717	256686	1599
718	257403	2346
719	258121	2193
720	258840	3787
721	259560	1639
722	260281	2334
723	261003	11362
724	261726	2432
725	262450	15912
726	263175	3872
727	263901	9089
728	264628	24491
729	265356	9986
730	266085	1467
731	266815	8661
732	267546	8445
733	268278	16398
734	269011	11680
735	269745	1880
736	270480	3103
737	271216	3550
738	271953	1995
739	272691	1531
740	273430	2484
741	274170	2670
742	274911	2108
743	275653	3883
744	276396	2437
745	277140	12694
746	277885	1708
747	278631	5210
748	279378	9462
749	280126	10894
750	280875	2499
751	281625	1780
752	282376	9387
753	283128	1805
754	283881	14726
755	284635	1742
756	285390	2740
757	286146	1825
758	286903	7506
759	287661	4559
760	288420	3687
761	289180	12981
762	289941	9191
763	290703	13289
764	291466	2714
765	292230	2110
766	292995	7094
767	293761	2202
768	294528	6030
769	295296	2845
770	296065	5795
771	296835	6151
772	297606	2862
773	298378	1716
774	299151	3024
775	299925	2944
776	300700	8165
777	301476	2285
778	302253	1842
779	303031	14552
780	303810	1832
781	304590	2678
782	305371	2712
783	306153	3153
784	306936	1954
785	307720	2090
786	308505	2963
787	309291	3723
788	310078	12653
789	310866	1827
790	311655	2690
791	312445	6499
792	313236	6895
793	314028	3087
794	314821	1900
795	315615	19142
796	316410	2825
797	317206	7012
798	318003	20632
799	318801	8340
800	319600	1773
801	320400	2754
802	321201	2869
803	322003	2459
804	322806	23843
805	323610	8733
806	324415	20897
807	325221	1936
808	326028	8115
809	326836	2902
810	327645	23049
811	328455	7851
812	329266	22021
813	330078	3394
814	330891	18719
815	331705	14281
816	332520	3143
817	333336	3182
818	334153	26261
819	334971	7195
820	335790	7124
821	336610	3134
822	337431	2010
823	338253	8464
824	339076	26380
825	339900	3213
826	340725	3000
827	341551	2878
828	342378	2536
829	343206	3007
830	344035	3076
831	344865	2204
832	345696	32372
833	346528	7536
834	347361	1964
835	348195	3774
836	349030	11148
837	349866	1991
838	350703	5251
839	351541	19179
840	352380	7151
841	353220	3080
842	354061	13945
843	354903	13556
844	355746	9418
845	356590	1996
846	357435	7466
847	358281	2841
848	359128	2126
849	359976	2846
850	360825	2106
851	361675	10391
852	362526	1994
853	363378	2921
854	364231	5351
855	365085	7787
856	365940	2101
857	366796	2157
858	367653	8570
859	368511	9888
860	369370	2334
861	370230	9571
862	371091	2685
863	371953	8439
864	372816	3234
865	373680	35434
866	374545	12736
867	375411	4148
868	376278	2545
869	377146	3566
870	378015	3318
871	378885	19108
872	379756	2625
873	380628	11875
874	381501	3823
875	382375	30600
876	383250	12377
877	384126	31012
878	385003	3916
879	385881	4095
880	386760	2729
881	387640	4110
882	388521	9170
883	389403	3408
884	390286	20705
885	391170	3747
886	392055	15834
887	392941	4145
888	393828	2758
889	394716	9925
890	395605	16816
891	396495	36784
892	397386	25838
893	398278	2872
894	399171	11600
895	400065	2612
896	400960	3465
897	401856	2654
898	402753	24036
899	403651	3786
900	404550	6757
901	405450	2762
902	406351	21583
903	407253	8825
904	408156	2712
905	409060	5821
906	409965	3114
907	410871	44848
908	411778	5526
909	412686	4046
910	413595	33060
911	414505	3911
912	415416	4182
913	416328	18314
914	417241	2622
915	418155	26993
916	419070	5105
917	419986	17888
918	420903	3455
919	421821	34854
920	422740	25088
921	423660	16212
922	424581	8255
923	425503	4193
924	426426	11661
925	427350	3475
926	428275	4361
927	429201	7820
928	430128	2853
929	431056	3990
930	431985	19928
931	432915	4573
932	433846	15176
933	434778	23937
934	435711	4256
935	436645	3375
936	437580	17606
937	438516	15668
938	439453	7559
939	440391	3145
940	441330	24157
941	442270	11676
942	443211	3355
943	444153	2900
944	445096	11038
945	446040	5484
946	446985	33430
947	447931	3360
948	448878	2854
949	449826	25127
950	450775	15072
951	451725	4457
952	452676	2610
953	453628	12849
954	454581	9351
955	455535	2720
956	456490	13103
957	457446	10109
958	458403	5666
959	459361	3918
960	460320	3601
961	461280	21780
962	462241	10167
963	463203	21262
964	464166	41330
965	465130	5018
966	466095	32800
967	467061	29292
968	468028	5005
969	468996	2907
970	469965	3192
971	470935	2906
972	471906	9889
973	472878	19754
974	473851	13014
975	474825	2981
976	475800	2845
977	476776	12394
978	477753	56531
979	478731	7427
980	479710	4127
981	480690	3748
982	481671	10307
983	482653	3249
984	483636	3598
985	484620	3714
986	485605	9880
987	486591	4163
988	487578	15848
989	488566	3029
990	489555	4055
991	490545	15525
992	491536	5130
993	492528	9296
994	493521	4740
995	494515	3289
996	495510	11445
997	496506	27327
998	497503	4333
999	498501	9761
1000	499500	6487
1001	500500	7578
1002	501501	4339
1003	502503	44063
1004	503506	3230
1005	504510	19603
1006	505515	4729
1007	506521	4024
1008	507528	4882
1009	508536	3482
1010	509545	4968
1011	510555	5219
1012	511566	3886
1013	512578	9692
1014	513591	4116
1015	514605	5843
1016	515620	3741
1017	516636	16082
1018	517653	4703
1019	518671	4069
1020	519690	3370
1021	520710	4946
1022	521731	3281
1023	522753	5234
1024	523776	4140
1025	524800	37946
1026	525825	3601
1027	526851	4141
1028	527878	5426
1029	528906	24723
1030	529935	3584
1031	530965	10567
1032	531996	4807
1033	533028	3156
1034	534061	4781
1035	535095	4914
1036	536130	8728
1037	537166	4281
1038	538203	3959
1039	539241	24863
1040	540280	15492
1041	541320	4470
1042	542361	7392
1043	543403	4726
1044	544446	35998
1045	545490	3603
1046	546535	46553
1047	547581	50975
1048	548628	41337
1049	549676	4607
1050	550725	5247
1051	551775	3067
1052	552826	9932
1053	553878	23298
1054	554931	5483
1055	555985	4681
1056	557040	41131
1057	558096	5574
1058	559153	5758
1059	560211	4385
1060	561270	3228
1061	562330	15194
1062	563391	4584
1063	564453	21769
1064	565516	44812
1065	566580	8628
1066	567645	6769
1067	568711	4588
1068	569778	6295
1069	570846	3745
1070	571915	3756
1071	572985	5156
1072	574056	5333
1073	575128	3463
1074	576201	3605
1075	577275	4605
1076	578350	3359
1077	579426	4590
1078	580503	9034
1079	581581	3319
1080	582660	5641
1081	583740	3340
1082	584821	15828
1083	585903	66838
1084	586986	3972
1085	588070	3174
1086	589155	5367
1087	590241	5374
1088	591328	44381
1089	592416	16006
1090	593505	12060
1091	594595	42038
1092	595686	19241
1093	596778	3674
1094	597871	4992
1095	598965	15551
1096	600060	3189
1097	601156	16317
1098	602253	4124
1099	603351	4569
1100	604450	4927
1101	605550	4826
1102	606651	3986
1103	607753	20358
1104	608856	40790
1105	609960	5985
1106	611065	4255
1107	612171	22706
1108	613278	4562
1109	614386	32340
1110	615495	4844
1111	616605	3826
1112	617716	5150
1113	618828	15449
1114	619941	4484
1115	621055	23360
1116	622170	3342
1117	623286	3854
1118	624403	3504
1119	625521	4538
1120	626640	19155
1121	627760	19216
1122	628881	23733
1123	630003	18645
1124	631126	38465
1125	632250	5485
1126	633375	20681
1127	634501	10572
1128	635628	55361
1129	636756	40093
1130	637885	16044
1131	639015	4575
1132	640146	30550
1133	641278	3871
1134	642411	33318
1135	643545	11383
1136	644680	5476
1137	645816	18708
1138	646953	5116
1139	648091	5173
1140	649230	3836
1141	650370	4890
1142	651511	3477
1143	652653	4026
1144	653796	3574
1145	654940	4797
1146	656085	3913
1147	657231	31259
1148	658378	12616
1149	659526	40519
1150	660675	4697
1151	661825	13111
1152	662976	5115
1153	664128	18851
1154	665281	16023
1155	666435	52773
1156	667590	20827
1157	668746	7898
1158	669903	21363
1159	671061	5779
1160	672220	19736
1161	673380	27917
1162	674541	5699
1163	675703	47574
1164	676866	11984
1165	678030	4161
1166	679195	42692
1167	680361	3988
1168	681528	50698
1169	682696	19576
1170	683865	4579
1171	685035	40176
1172	686206	6487
1173	687378	27150
1174	688551	66991
1175	689725	42634
1176	690900	5556
1177	692076	31605
1178	693253	46830
1179	694431	28828
1180	695610	29736
1181	696790	4407
1182	697971	32822
1183	699153	4786
1184	700336	41555
1185	701520	16174
1186	702705	30742
1187	703891	40716
1188	705078	5743
1189	706266	4503
1190	707455	5538
1191	708645	35481
1192	709836	11369
1193	711028	4911
1194	712221	10714
1195	713415	6560
1196	714610	5518
1197	715806	6291
1198	717003	38307
1199	718201	9453
1200	719400	7623
1201	720600	4214
1202	721801	15451
1203	723003	8137
1204	724206	11720
1205	725410	14228
1206	726615	24286
1207	727821	33228
1208	729028	5307
1209	730236	41899
1210	731445	4519
1211	732655	6109
1212	733866	6584
1213	735078	4621
1214	736291	6996
1215	737505	4594
1216	738720	5117
1217	739936	5598
1218	741153	5126
1219	742371	4447
1220	743590	4187
1221	744810	6734
1222	746031	6728
1223	747253	4502
1224	748476	6523
1225	749700	5960
1226	750925	4482
1227	752151	6337
1228	753378	8836
1229	754606	4501
1230	755835	17889
1231	757065	55819
1232	758296	4816
1233	759528	5657
1234	760761	39318
1235	761995	6417
1236	763230	5433
1237	764466	61791
1238	765703	5807
1239	766941	28984
1240	768180	23399
1241	769420	6303
1242	770661	5241
1243	771903	6706
1244	773146	6998
1245	774390	39403
1246	775635	4899
1247	776881	6465
1248	778128	10083
1249	779376	51174
1250	780625	5460
1251	781875	16155
1252	783126	6841
1253	784378	6007
1254	785631	15100
1255	786885	5343
1256	788140	14459
1257	789396	56135
1258	790653	6969
1259	791911	20008
1260	793170	4462
1261	794430	6664
1262	795691	5660
1263	796953	6233
1264	798216	6719
1265	799480	18303
1266	800745	29183
1267	802011	26903
1268	803278	4855
1269	804546	16703
1270	805815	7194
1271	807085	5770
1272	808356	53249
1273	809628	6954
1274	810901	6570
1275	812175	4565
1276	813450	43486
1277	814726	11531
1278	816003	52850
1279	817281	54879
1280	818560	13928
1281	819840	4934
1282	821121	17198
1283	822403	25148
1284	823686	25367
1285	824970	6006
1286	826255	7791
1287	827541	49143
1288	828828	21479
1289	830116	22855
1290	831405	6835
1291	832695	7725
1292	833986	31701
1293	835278	62747
1294	836571	6799
1295	837865	27673
1296	839160	37229
1297	840456	8102
1298	841753	43718
1299	843051	25253
1300	844350	9138
1301	845650	17164
1302	846951	16392
1303	848253	14937
1304	849556	19009
1305	850860	16115
1306	852165	7729
1307	853471	6833
1308	854778	56885
1309	856086	5693
1310	857395	13835
1311	858705	47725
1312	860016	6639
1313	861328	18776
1314	862641	5394
1315	863955	34915
1316	865270	7023
1317	866586	32395
1318	867903	15944
1319	869221	27354
1320	870540	7525
1321	871860	6720
1322	873181	5638
1323	874503	7805
1324	875826	48497
1325	877150	7585
1326	878475	5189
1327	879801	44865
1328	881128	5403
1329	882456	27615
1330	883785	5199
1331	885115	7925
1332	886446	30579
1333	887778	4891
1334	889111	6000
1335	890445	5012
1336	891780	57564
1337	893116	16550
1338	894453	18035
1339	895791	7970
1340	897130	79907
1341	898470	9652
1342	899811	20562
1343	901153	62170
1344	902496	12895
1345	903840	25203
1346	905185	6784
1347	906531	32928
1348	907878	4876
1349	909226	8665
1350	910575	8255
1351	911925	8584
1352	913276	6995
1353	914628	6178
1354	915981	7722
1355	917335	7292
1356	918690	9572
1357	920046	6759
1358	921403	6139
1359	922761	7496
1360	924120	6627
1361	925480	26711
1362	926841	9845
1363	928203	51952
1364	929566	6498
1365	930930	8020
1366	932295	8938
1367	933661	8756
1368	935028	36604
1369	936396	8019
1370	937765	8124
1371	939135	7160
1372	940506	24259
1373	941878	58037
1374	943251	58630
1375	944625	5546
1376	946000	9970
1377	947376	37611
1378	948753	6714
1379	950131	61709
1380	951510	8304
1381	952890	45171
1382	954271	9229
1383	955653	7732
1384	957036	6325
1385	958420	11084
1386	959805	47475
1387	961191	12115
1388	962578	9950
1389	963966	21050
1390	965355	8732
1391	966745	45148
1392	968136	53333
1393	969528	7677
1394	970921	14353
1395	972315	8116
1396	973710	7195
1397	975106	15934
1398	976503	11076
1399	977901	9580
1400	979300	62809
1401	980700	42455
1402	982101	7000
1403	983503	8069
1404	984906	8585
1405	986310	7842
1406	987715	9458
1407	989121	6769
1408	990528	57882
1409	991936	34986
1410	993345	7706
1411	994755	82118
1412	996166	38113
1413	997578	68219
1414	998991	8149
1415	1000405	56065
1416	1001820	22032
1417	1003236	7308
1418	1004653	58053
1419	1006071	23332
1420	1007490	8045
1421	1008910	48438
1422	1010331	29812
1423	1011753	85647
1424	1013176	9078
1425	1014600	94298
1426	1016025	30066
1427	1017451	57104
1428	1018878	6097
1429	1020306	7885
1430	1021735	8108
1431	1023165	12807
1432	1024596	74489
1433	1026028	9419
1434	1027461	9563
1435	1028895	46455
1436	1030330	68361
1437	1031766	30872
1438	1033203	39794
1439	1034641	56241
1440	1036080	19733
1441	1037520	7379
1442	1038961	9564
1443	1040403	60690
1444	1041846	12686
1445	1043290	10254
1446	1044735	15826
1447	1046181	9216
1448	1047628	7310
1449	1049076	60654
1450	1050525	8531
1451	1051975	9641
1452	1053426	8562
1453	1054878	8562
1454	1056331	9021
1455	1057785	7358
1456	1059240	8853
1457	1060696	104977
1458	1062153	12312
1459	1063611	10266
1460	1065070	8792
1461	1066530	35170
1462	1067991	9429
1463	1069453	31580
1464	1070916	11152
1465	1072380	9588
1466	1073845	10616
1467	1075311	59734
1468	1076778	10897
1469	1078246	82138
1470	1079715	39865
1471	1081185	8425
1472	1082656	9409
1473	1084128	47728
1474	1085601	12910
1475	1087075	65009
1476	1088550	81259
1477	1090026	9643
1478	1091503	9974
1479	1092981	8061
1480	1094460	31927
1481	1095940	12490
1482	1097421	9267
1483	1098903	6831
1484	1100386	9450
1485	1101870	65218
1486	1103355	8124
1487	1104841	25061
1488	1106328	6053
1489	1107816	45962
1490	1109305	36189
1491	1110795	10289
1492	1112286	9956
1493	1113778	39529
1494	1115271	30551
1495	1116765	77775
1496	1118260	33633
1497	1119756	9269
1498	1121253	8150
1499	1122751	10601
1500	1124250	11634
1501	1125750	9833
1502	1127251	8551
1503	1128753	11494
1504	1130256	33864
1505	1131760	8848
1506	1133265	93886
1507	1134771	55131
1508	1136278	8326
1509	1137786	10563
1510	1139295	54206
1511	1140805	30006
1512	1142316	7575
1513	1143828	11046
1514	1145341	9552
1515	1146855	10460
1516	1148370	40455
1517	1149886	40244
1518	1151403	31056
1519	1152921	8533
1520	1154440	12686
1521	1155960	23304
1522	1157481	50090
1523	1159003	9323
1524	1160526	14767
1525	1162050	37637
1526	1163575	11098
1527	1165101	14360
1528	1166628	9857
1529	1168156	21031
1530	1169685	7447
1531	1171215	12931
1532	1172746	11648
1533	1174278	44147
1534	1175811	62697
1535	1177345	39135
1536	1178880	9895
1537	1180416	9498
1538	1181953	41439
1539	1183491	6578
1540	1185030	10309
1541	1186570	59275
1542	1188111	18498
1543	1189653	44823
1544	1191196	8886
1545	1192740	81146
1546	1194285	91791
1547	1195831	6917
1548	1197378	38308
1549	1198926	88819
1550	1200475	41694
1551	1202025	8033
1552	1203576	11068
1553	1205128	11611
1554	1206681	73663
1555	1208235	7809
1556	1209790	9157
1557	1211346	67582
1558	1212903	25237
1559	1214461	42251
1560	1216020	7856
1561	1217580	54789
1562	1219141	7231
1563	1220703	11785
1564	1222266	7775
1565	1223830	9447
1566	1225395	16883
1567	1226961	100006
1568	1228528	10906
1569	1230096	78356
1570	1231665	21789
1571	1233235	8465
1572	1234806	109887
1573	1236378	8346
1574	1237951	16783
1575	1239525	58971
1576	1241100	9156
1577	1242676	85648
1578	1244253	14617
1579	1245831	8608
1580	1247410	12230
1581	1248990	7938
1582	1250571	10827
1583	1252153	9647
1584	1253736	12220
1585	1255320	7402
1586	1256905	17526
1587	1258491	70824
1588	1260078	90238
1589	1261666	13337
1590	1263255	9115
1591	1264845	13957
1592	1266436	28423
1593	1268028	10838
1594	1269621	24287
1595	1271215	9566
1596	1272810	32611
1597	1274406	11981
1598	1276003	78182
1599	1277601	11431
1600	1279200	8296
1601	1280800	81388
1602	1282401	13750
1603	1284003	7464
1604	1285606	30533
1605	1287210	13216
1606	1288815	8700
1607	1290421	17114
1608	1292028	8073
1609	1293636	95539
1610	1295245	25412
1611	1296855	9696
1612	1298466	84676
1613	1300078	9521
1614	1301691	16851
1615	1303305	72658
1616	1304920	7857
1617	1306536	41158
1618	1308153	10851
1619	1309771	19672
1620	1311390	9516
1621	1313010	13039
1622	1314631	39901
1623	1316253	40759
1624	1317876	110763
1625	1319500	9531
1626	1321125	72696
1627	1322751	114226
1628	1324378	10338
1629	1326006	27654
1630	1327635	9756
1631	1329265	18011
1632	1330896	7525
1633	1332528	60497
1634	1334161	53518
1635	1335795	35055
1636	1337430	13688
1637	1339066	72135
1638	1340703	59687
1639	1342341	12333
1640	1343980	12727
1641	1345620	32264
1642	1347261	62103
1643	1348903	43886
1644	1350546	8257
1645	1352190	8908
1646	1353835	62243
1647	1355481	8594
1648	1357128	73278
1649	1358776	14673
1650	1360425	14113
1651	1362075	49629
1652	1363726	92121
1653	1365378	9192
1654	1367031	81083
1655	1368685	13420
1656	1370340	13590
1657	1371996	29051
1658	1373653	86841
1659	1375311	16637
1660	1376970	93831
1661	1378630	96850
1662	1380291	12872
1663	1381953	36618
1664	1383616	54960
1665	1385280	9131
1666	1386945	68224
1667	1388611	38097
1668	1390278	68463
1669	1391946	12270
1670	1393615	12049
1671	1395285	27167
1672	1396956	10378
1673	1398628	8493
1674	1400301	9056
1675	1401975	12284
1676	1403650	14012
1677	1405326	7995
1678	1407003	8226
1679	1408681	10343
1680	1410360	8558
1681	1412040	8973
1682	1413721	41264
1683	1415403	10539
1684	1417086	37864
1685	1418770	12638
1686	1420455	40249
1687	1422141	13229
1688	1423828	12020
1689	1425516	8473
1690	1427205	7924
1691	1428895	13716
1692	1430586	13543
1693	1432278	41721
1694	1433971	9305
1695	1435665	39948
1696	1437360	11835
1697	1439056	23866
1698	1440753	13852
1699	1442451	34790
1700	1444150	105787
1701	1445850	9758
1702	1447551	15281
1703	1449253	50169
1704	1450956	14139
1705	1452660	87623
1706	1454365	10613
1707	1456071	11424
1708	1457778	13004
1709	1459486	10419
1710	1461195	9501
1711	1462905	11699
1712	1464616	11635
1713	1466328	14581
1714	1468041	99045
1715	1469755	25218
1716	1471470	12889
1717	1473186	16196
1718	1474903	35723
1719	1476621	11737
1720	1478340	15580
1721	1480060	38850
1722	1481781	11691
1723	1483503	69147
1724	1485226	61495
1725	1486950	13082
1726	1488675	54345
1727	1490401	12304
1728	1492128	10569
1729	1493856	12590
1730	1495585	12998
1731	1497315	12667
1732	1499046	12430
1733	1500778	22990
1734	1502511	133178
1735	1504245	42020
1736	1505980	13417
1737	1507716	60948
1738	1509453	11497
1739	1511191	9966
1740	1512930	17091
1741	1514670	15568
1742	1516411	12745
1743	1518153	12934
1744	1519896	12455
1745	1521640	10532
1746	1523385	10849
1747	1525131	11257
1748	1526878	16520
1749	1528626	12125
1750	1530375	20843
1751	1532125	15152
1752	1533876	11404
1753	1535628	71271
1754	1537381	14899
1755	1539135	54833
1756	1540890	14166
1757	1542646	12636
1758	1544403	11884
1759	1546161	9784
1760	1547920	32039
1761	1549680	14267
1762	1551441	44569
1763	1553203	13358
1764	1554966	29477
1765	1556730	31158
1766	1558495	8575
1767	1560261	13381
1768	1562028	50164
1769	1563796	15565
1770	1565565	13451
1771	1567335	56519
1772	1569106	14090
1773	1570878	13724
1774	1572651	8737
1775	1574425	13321
1776	1576200	8833
1777	1577976	10729
1778	1579753	10407
1779	1581531	97817
1780	1583310	13875
1781	1585090	15728
1782	1586871	29932
1783	1588653	12989
1784	1590436	74984
1785	1592220	37816
1786	1594005	14475
1787	1595791	14297
1788	1597578	11760
1789	1599366	45480
1790	1601155	37218
1791	1602945	81052
1792	1604736	97007
1793	1606528	69449
1794	1608321	16441
1795	1610115	33023
1796	1611910	18314
1797	1613706	14595
1798	1615503	123092
1799	1617301	109635
1800	1619100	37683
1801	1620900	12638
1802	1622701	14261
1803	1624503	71786
1804	1626306	49139
1805	1628110	15657
1806	1629915	61803
1807	1631721	99836
1808	1633528	13993
1809	1635336	24343
1810	1637145	121752
1811	1638955	18369
1812	1640766	33644
1813	1642578	19425
1814	1644391	117527
1815	1646205	90778
1816	1648020	94256
1817	1649836	16823
1818	1651653	75091
1819	1653471	16244
1820	1655290	16230
1821	1657110	18836
1822	1658931	65090
1823	1660753	14668
1824	1662576	12747
1825	1664400	67677
1826	1666225	15757
1827	1668051	35023
1828	1669878	20002
1829	1671706	140138
1830	1673535	18887
1831	1675365	141359
1832	1677196	45146
1833	1679028	13879
1834	1680861	23467
1835	1682695	36962
1836	1684530	17490
1837	1686366	62593
1838	1688203	26064
1839	1690041	10613
1840	1691880	46360
1841	1693720	18294
1842	1695561	78801
1843	1697403	12633
1844	1699246	124407
1845	1701090	29209
1846	1702935	96454
1847	1704781	13279
1848	1706628	16614
1849	1708476	158392
1850	1710325	15951
1851	1712175	100283
1852	1714026	16407
1853	1715878	134448
1854	1717731	48287
1855	1719585	80588
1856	1721440	22611
1857	1723296	21641
1858	1725153	48443
1859	1727011	18429
1860	1728870	19811
1861	1730730	17369
1862	1732591	25895
1863	1734453	14958
1864	1736316	19186
1865	1738180	56442
1866	1740045	17417
1867	1741911	10591
1868	1743778	25217
1869	1745646	23260
1870	1747515	17119
1871	1749385	55765
1872	1751256	17346
1873	1753128	48246
1874	1755001	13255
1875	1756875	66101
1876	1758750	12843
1877	1760626	38528
1878	1762503	75357
1879	1764381	18739
1880	1766260	22656
1881	1768140	13072
1882	1770021	19349
1883	1771903	17628
1884	1773786	19792
1885	1775670	14710
1886	1777555	19597
1887	1779441	25396
1888	1781328	20897
1889	1783216	18184
1890	1785105	16339
1891	1786995	63596
1892	1788886	120305
1893	1790778	19551
1894	1792671	23341
1895	1794565	13299
1896	1796460	13734
1897	1798356	78055
1898	1800253	25019
1899	1802151	45415
1900	1804050	12408
1901	1805950	13844
1902	1807851	25245
1903	1809753	26647
1904	1811656	19387
1905	1813560	59154
1906	1815465	16624
1907	1817371	74350
1908	1819278	22173
1909	1821186	17706
1910	1823095	18588
1911	1825005	14457
1912	1826916	20413
1913	1828828	15187
1914	1830741	20753
1915	1832655	13599
1916	1834570	21304
1917	1836486	20820
1918	1838403	96599
1919	1840321	17007
1920	1842240	20937
1921	1844160	19003
1922	1846081	95031
1923	1848003	18431
1924	1849926	13979
1925	1851850	23543
1926	1853775	15298
1927	1855701	15091
1928	1857628	44933
1929	1859556	66764
1930	1861485	19781
1931	1863415	18565
1932	1865346	14650
1933	1867278	73751
1934	1869211	68371
1935	1871145	67616
1936	1873080	17994
1937	1875016	17201
1938	1876953	94149
1939	1878891	28898
1940	1880830	55324
1941	1882770	17919
1942	1884711	19724
1943	1886653	73554
1944	1888596	13807
1945	1890540	16161
1946	1892485	18143
1947	1894431	15608
1948	1896378	18403
1949	1898326	18050
1950	1900275	72647
1951	1902225	17367
1952	1904176	21911
1953	1906128	14237
1954	1908081	17931
1955	1910035	21829
1956	1911990	15524
1957	1913946	75019
1958	1915903	14701
1959	1917861	15039
1960	1919820	141642
1961	1921780	22572
1962	1923741	139864
1963	1925703	30636
1964	1927666	19821
1965	1929630	17581
1966	1931595	18254
1967	1933561	47262
1968	1935528	20793
1969	1937496	183805
1970	1939465	81420
1971	1941435	22271
1972	1943406	19997
1973	1945378	22205
1974	1947351	48877
1975	1949325	101123
1976	1951300	21639
1977	1953276	169068
1978	1955253	19418
1979	1957231	19442
1980	1959210	21477
1981	1961190	18595
1982	1963171	15527
1983	1965153	24890
1984	1967136	57724
1985	1969120	78208
1986	1971105	53631
1987	1973091	18944
1988	1975078	18422
1989	1977066	17737
1990	1979055	16535
1991	1981045	74971
1992	1983036	21179
1993	1985028	38097
1994	1987021	155175
1995	1989015	101452
1996	1991010	44771
1997	1993006	77954
1998	1995003	20334
1999	1997001	17028
2000	1999000	53756
2001	2001000	60665
2002	2003001	20359
2003	2005003	70628
2004	2007006	19592
2005	2009010	22048
2006	2011015	19950
2007	2013021	130603
2008	2015028	56811
2009	2017036	104477
2010	2019045	20972
2011	2021055	25886
2012	2023066	103069
2013	2025078	137061
2014	2027091	20314
2015	2029105	20904
2016	2031120	28538
2017	2033136	19695
2018	2035153	57403
2019	2037171	150303
2020	2039190	15061
2021	2041210	147573
2022	2043231	56742
2023	2045253	49139
2024	2047276	17355
2025	2049300	114562
2026	2051325	53931
2027	2053351	127080
2028	2055378	144819
2029	2057406	20975
2030	2059435	21853
2031	2061465	32993
2032	2063496	176884
2033	2065528	21994
2034	2067561	23185
2035	2069595	118741
2036	2071630	22249
2037	2073666	18442
2038	2075703	87145
2039	2077741	125151
2040	2079780	23152
2041	2081820	76415
2042	2083861	23128
2043	2085903	53300
2044	2087946	19352
2045	2089990	81580
2046	2092035	30808
2047	2094081	27837
2048	2096128	148981
2049	2098176	170115
2050	2100225	164993
2051	2102275	17406
2052	2104326	30310
2053	2106378	17223
2054	2108431	126813
2055	2110485	23403
2056	2112540	164347
2057	2114596	27127
2058	2116653	15242
2059	2118711	14854
2060	2120770	155435
2061	2122830	32723
2062	2124891	222070
2063	2126953	91410
2064	2129016	37202
2065	2131080	27265
2066	2133145	17959
2067	2135211	15761
2068	2137278	82942
2069	2139346	104212
2070	2141415	123716
2071	2143485	174656
2072	2145556	20104
2073	2147628	49629
2074	2149701	21105
2075	2151775	17217
2076	2153850	187095
2077	2155926	23587
2078	2158003	18281
2079	2160081	35912
2080	2162160	15199
2081	2164240	31045
2082	2166321	24948
2083	2168403	15656
2084	2170486	13145
2085	2172570	19285
2086	2174655	17139
2087	2176741	12828
2088	2178828	13879
2089	2180916	19735
2090	2183005	15214
2091	2185095	12206
2092	2187186	15769
2093	2189278	19249
2094	2191371	106790
2095	2193465	26850
2096	2195560	15612
2097	2197656	19436
2098	2199753	14371
2099	2201851	76872
2100	2203950	38942
2101	2206050	21214
2102	2208151	17947
2103	2210253	18357
2104	2212356	15147
2105	2214460	20073
2106	2216565	15956
2107	2218671	12793
2108	2220778	17449
2109	2222886	13023
2110	2224995	19938
2111	2227105	46643
2112	2229216	82439
2113	2231328	96110
2114	2233441	55924
2115	2235555	15735
2116	2237670	19380
2117	2239786	19215
2118	2241903	19835
2119	2244021	21864
2120	2246140	13097
2121	2248260	24960
2122	2250381	19869
2123	2252503	19575
2124	2254626	15478
2125	2256750	56462
2126	2258875	24838
2127	2261001	18745
2128	2263128	47095
2129	2265256	176401
2130	2267385	17027
2131	2269515	20319
2132	2271646	17632
2133	2273778	14609
2134	2275911	15320
2135	2278045	16874
2136	2280180	24700
2137	2282316	20360
2138	2284453	22422
2139	2286591	18026
2140	2288730	66707
2141	2290870	16539
2142	2293011	82564
2143	2295153	21542
2144	2297296	22672
2145	2299440	16909
2146	2301585	23828
2147	2303731	16227
2148	2305878	17390
2149	2308026	15697
2150	2310175	164271
2151	2312325	52194
2152	2314476	174970
2153	2316628	85380
2154	2318781	17693
2155	2320935	25196
2156	2323090	18719
2157	2325246	18696
2158	2327403	20390
2159	2329561	14112
2160	2331720	133565
2161	2333880	26286
2162	2336041	114484
2163	2338203	86813
2164	2340366	98608
2165	2342530	15713
2166	2344695	18955
2167	2346861	15112
2168	2349028	79895
2169	2351196	134392
2170	2353365	83973
2171	2355535	23313
2172	2357706	69540
2173	2359878	23856
2174	2362051	13554
2175	2364225	40336
2176	2366400	15064
2177	2368576	15205
2178	2370753	17323
2179	2372931	37613
2180	2375110	42134
2181	2377290	16699
2182	2379471	115160
2183	2381653	17841
2184	2383836	145036
2185	2386020	18016
2186	2388205	22162
2187	2390391	117539
2188	2392578	22142
2189	2394766	198848
2190	2396955	20851
2191	2399145	17901
2192	2401336	20692
2193	2403528	16726
2194	2405721	19817
2195	2407915	19025
2196	2410110	83290
2197	2412306	57542
2198	2414503	19820
2199	2416701	18515
2200	2418900	26681
2201	2421100	60906
2202	2423301	32527
2203	2425503	23657
2204	2427706	84488
2205	2429910	92671
2206	2432115	21925
2207	2434321	72046
2208	2436528	19993
2209	2438736	20945
2210	2440945	18627
2211	2443155	165031
2212	2445366	18469
2213	2447578	22357
2214	2449791	21027
2215	2452005	16501
2216	2454220	168060
2217	2456436	16294
2218	2458653	113003
2219	2460871	33317
2220	2463090	19349
2221	2465310	120230
2222	2467531	109108
2223	2469753	22006
2224	2471976	33033
2225	2474200	16618
2226	2476425	21447
2227	2478651	19501
2228	2480878	29573
2229	2483106	175066
2230	2485335	22606
2231	2487565	32587
2232	2489796	168020
2233	2492028	21111
2234	2494261	75608
2235	2496495	22233
2236	2498730	91181
2237	2500966	24459
2238	2503203	153000
2239	2505441	19865
2240	2507680	206549
2241	2509920	76990
2242	2512161	20768
2243	2514403	21947
2244	2516646	207578
2245	2518890	167168
2246	2521135	185032
2247	2523381	143108
2248	2525628	36072
2249	2527876	23520
2250	2530125	179009
2251	2532375	203680
2252	2534626	14469
2253	2536878	147352
2254	2539131	31717
2255	2541385	26432
2256	2543640	158650
2257	2545896	44880
2258	2548153	134569
2259	2550411	19889
2260	2552670	15557
2261	2554930	24427
2262	2557191	140556
2263	2559453	52512
2264	2561716	24262
2265	2563980	13849
2266	2566245	18679
2267	2568511	21621
2268	2570778	150943
2269	2573046	23535
2270	2575315	215202
2271	2577585	23864
2272	2579856	157834
2273	2582128	157339
2274	2584401	135505
2275	2586675	22752
2276	2588950	55674
2277	2591226	26135
2278	2593503	47736
2279	2595781	162977
2280	2598060	31757
2281	2600340	21038
2282	2602621	22279
2283	2604903	152308
2284	2607186	59326
2285	2609470	29817
2286	2611755	21861
2287	2614041	16057
2288	2616328	23600
2289	2618616	120810
2290	2620905	61591
2291	2623195	23015
2292	2625486	195265
2293	2627778	23143
2294	2630071	62371
2295	2632365	19691
2296	2634660	39079
2297	2636956	92334
2298	2639253	225169
2299	2641551	22378
2300	2643850	43036
2301	2646150	21063
2302	2648451	225489
2303	2650753	93460
2304	2653056	143254
2305	2655360	224207
2306	2657665	26928
2307	2659971	106366
2308	2662278	24822
2309	2664586	43080
2310	2666895	21658
2311	2669205	22245
2312	2671516	15766
2313	2673828	19534
2314	2676141	21902
2315	2678455	20623
2316	2680770	18365
2317	2683086	20369
2318	2685403	23393
2319	2687721	108338
2320	2690040	20289
2321	2692360	99985
2322	2694681	38520
2323	2697003	162035
2324	2699326	222292
2325	2701650	197367
2326	2703975	56740
2327	2706301	189576
2328	2708628	172970
2329	2710956	138326
2330	2713285	176102
2331	2715615	26737
2332	2717946	19816
2333	2720278	104758
2334	2722611	25110
2335	2724945	82584
2336	2727280	181169
2337	2729616	23573
2338	2731953	19093
2339	2734291	21107
2340	2736630	18488
2341	2738970	18463
2342	2741311	17929
2343	2743653	20406
2344	2745996	17297
2345	2748340	23969
2346	2750685	89238
2347	2753031	20265
2348	2755378	24548
2349	2757726	20780
2350	2760075	28077
2351	2762425	26126
2352	2764776	21725
2353	2767128	104103
2354	2769481	20189
2355	2771835	25163
2356	2774190	24310
2357	2776546	30589
2358	2778903	18613
2359	2781261	91053
2360	2783620	60335
2361	2785980	23261
2362	2788341	23862
2363	2790703	34478
2364	2793066	25433
2365	2795430	65766
2366	2797795	233094
2367	2800161	26414
2368	2802528	60194
2369	2804896	120512
2370	2807265	164451
2371	2809635	199581
2372	2812006	263019
2373	2814378	92151
2374	2816751	27023
2375	2819125	70402
2376	2821500	24510
2377	2823876	60722
2378	2826253	136527
2379	2828631	64270
2380	2831010	21446
2381	2833390	22278
2382	2835771	20606
2383	2838153	25343
2384	2840536	22833
2385	2842920	61149
2386	2845305	24257
2387	2847691	29849
2388	2850078	80506
2389	2852466	294425
2390	2854855	24077
2391	2857245	220298
2392	2859636	87799
2393	2862028	38501
2394	2864421	63281
2395	2866815	24935
2396	2869210	17632
2397	2871606	117466
2398	2874003	24086
2399	2876401	27618
2400	2878800	28515
2401	2881200	21743
2402	2883601	24000
2403	2886003	19046
2404	2888406	28099
2405	2890810	197475
2406	2893215	24028
2407	2895621	113198
2408	2898028	28730
2409	2900436	70924
2410	2902845	30782
2411	2905255	142253
2412	2907666	27375
2413	2910078	58502
2414	2912491	23218
2415	2914905	128070
2416	2917320	24096
2417	2919736	34990
2418	2922153	18421
2419	2924571	114264
2420	2926990	162597
2421	2929410	105837
2422	2931831	21918
2423	2934253	120460
2424	2936676	27686
2425	2939100	27220
2426	2941525	40127
2427	2943951	31933
2428	2946378	37356
2429	2948806	33762
2430	2951235	28797
2431	2953665	24466
2432	2956096	208566
2433	2958528	89298
2434	2960961	61349
2435	2963395	25365
2436	2965830	155072
2437	2968266	27101
2438	2970703	26888
2439	2973141	29325
2440	2975580	26219
2441	2978020	190707
2442	2980461	165514
2443	2982903	23387
2444	2985346	31275
2445	2987790	271374
2446	2990235	28439
2447	2992681	23953
2448	2995128	26384
2449	2997576	74795
2450	3000025	91152
2451	3002475	164709
2452	3004926	26150
2453	3007378	87208
2454	3009831	26341
2455	3012285	25046
2456	3014740	20665
2457	3017196	30520
2458	3019653	167581
2459	3022111	26097
2460	3024570	27933
2461	3027030	26279
2462	3029491	27555
2463	3031953	31060
2464	3034416	31655
2465	3036880	64460
2466	3039345	29931
2467	3041811	43511
2468	3044278	61545
2469	3046746	54202
2470	3049215	27302
2471	3051685	47693
2472	3054156	54874
2473	3056628	27002
2474	3059101	71889
2475	3061575	110207
2476	3064050	168949
2477	3066526	30416
2478	3069003	30135
2479	3071481	22343
2480	3073960	39720
2481	3076440	24991
2482	3078921	27001
2483	3081403	31156
2484	3083886	28542
2485	3086370	190980
2486	3088855	23865
2487	3091341	192060
2488	3093828	66937
2489	3096316	43586
2490	3098805	26152
2491	3101295	27519
2492	3103786	148673
2493	3106278	30081
2494	3108771	29427
2495	3111265	168639
2496	3113760	25930
2497	3116256	29550
2498	3118753	40951
2499	3121251	27703
2500	3123750	24177
2501	3126250	22722
2502	3128751	19848
2503	3131253	24873
2504	3133756	28015
2505	3136260	28132
2506	3138765	124073
2507	3141271	25307
2508	3143778	245394
2509	3146286	29971
2510	3148795	44140
2511	3151305	172255
2512	3153816	33092
2513	3156328	22147
2514	3158841	26009
2515	3161355	28064
2516	3163870	211231
2517	3166386	94818
2518	3168903	41271
2519	3171421	194213
2520	3173940	231736
2521	3176460	27417
2522	3178981	35977
2523	3181503	47006
2524	3184026	29930
2525	3186550	132354
2526	3189075	135032
2527	3191601	168501
2528	3194128	101530
2529	3196656	26905
2530	3199185	51490
2531	3201715	210074
2532	3204246	134656
2533	3206778	19269
2534	3209311	191335
2535	3211845	86796
2536	3214380	106242
2537	3216916	54165
2538	3219453	70232
2539	3221991	21862
2540	3224530	167242
2541	3227070	111005
2542	3229611	29302
2543	3232153	226858
2544	3234696	31862
2545	3237240	41112
2546	3239785	237453
2547	3242331	27995
2548	3244878	49800
2549	3247426	250223
2550	3249975	19867
2551	3252525	58944
2552	3255076	30758
2553	3257628	37519
2554	3260181	29734
2555	3262735	66524
2556	3265290	31160
2557	3267846	23999
2558	3270403	28029
2559	3272961	29016
2560	3275520	270195
2561	3278080	94366
2562	3280641	57527
2563	3283203	85806
2564	3285766	27352
2565	3288330	22949
2566	3290895	139663
2567	3293461	28389
2568	3296028	202411
2569	3298596	42657
2570	3301165	27683
2571	3303735	129955
2572	3306306	38467
2573	3308878	156741
2574	3311451	29599
2575	3314025	126133
2576	3316600	31232
2577	3319176	25873
2578	3321753	27821
2579	3324331	199412
2580	3326910	27397
2581	3329490	229807
2582	3332071	99279
2583	3334653	374534
2584	3337236	32600
2585	3339820	26892
2586	3342405	90813
2587	3344991	27548
2588	3347578	184014
2589	3350166	23705
2590	3352755	31164
2591	3355345	95227
2592	3357936	88554
2593	3360528	215163
2594	3363121	116155
2595	3365715	30954
2596	3368310	74827
2597	3370906	32335
2598	3373503	31468
2599	3376101	146158
2600	3378700	26394
2601	3381300	140214
2602	3383901	84481
2603	3386503	161585
2604	3389106	25886
2605	3391710	33038
2606	3394315	28900
2607	3396921	32767
2608	3399528	26934
2609	3402136	96698
2610	3404745	21859
2611	3407355	27574
2612	3409966	23813
2613	3412578	123859
2614	3415191	37310
2615	3417805	32899
2616	3420420	26944
2617	3423036	34774
2618	3425653	26275
2619	3428271	27277
2620	3430890	28960
2621	3433510	29389
2622	3436131	34975
2623	3438753	21258
2624	3441376	27875
2625	3444000	33415
2626	3446625	29126
2627	3449251	29721
2628	3451878	32249
2629	3454506	36985
2630	3457135	31574
2631	3459765	36673
2632	3462396	27802
2633	3465028	30833
2634	3467661	28365
2635	3470295	185980
2636	3472930	31318
2637	3475566	35895
2638	3478203	27167
2639	3480841	120449
2640	3483480	32975
2641	3486120	25063
2642	3488761	32989
2643	3491403	25950
2644	3494046	25316
2645	3496690	32520
2646	3499335	27250
2647	3501981	22461
2648	3504628	140092
2649	3507276	33662
2650	3509925	34401
2651	3512575	32211
2652	3515226	27469
2653	3517878	27442
2654	3520531	34587
2655	3523185	31599
2656	3525840	30222
2657	3528496	51807
2658	3531153	38833
2659	3533811	34938
2660	3536470	127113
2661	3539130	29696
2662	3541791	32784
2663	3544453	164333
2664	3547116	31501
2665	3549780	113770
2666	3552445	37601
2667	3555111	98290
2668	3557778	26806
2669	3560446	32768
2670	3563115	30770
2671	3565785	66237
2672	3568456	37002
2673	3571128	32393
2674	3573801	21757
2675	3576475	31571
2676	3579150	53518
2677	3581826	29067
2678	3584503	164309
2679	3587181	32902
2680	3589860	23030
2681	3592540	32640
2682	3595221	33414
2683	3597903	30888
2684	3600586	37842
2685	3603270	27434
2686	3605955	31630
2687	3608641	24881
2688	3611328	170646
2689	3614016	33928
2690	3616705	73232
2691	3619395	24783
2692	3622086	24927
2693	3624778	134982
2694	3627471	28717
2695	3630165	32501
2696	3632860	202392
2697	3635556	29981
2698	3638253	28141
2699	3640951	39942
2700	3643650	109063
2701	3646350	34089
2702	3649051	112619
2703	3651753	27515
2704	3654456	176923
2705	3657160	23583
2706	3659865	32861
2707	3662571	26258
2708	3665278	40436
2709	3667986	100549
2710	3670695	37521
2711	3673405	22155
2712	3676116	228309
2713	3678828	20952
2714	3681541	23798
2715	3684255	52837
2716	3686970	33538
2717	3689686	36466
2718	3692403	66650
2719	3695121	27097
2720	3697840	221504
2721	3700560	44175
2722	3703281	297644
2723	3706003	33664
2724	3708726	45289
2725	3711450	101016
2726	3714175	31371
2727	3716901	88747
2728	3719628	33402
2729	3722356	41929
2730	3725085	44375
2731	3727815	38033
2732	3730546	207030
2733	3733278	41230
2734	3736011	209016
2735	3738745	39302
2736	3741480	33425
2737	3744216	72081
2738	3746953	35525
2739	3749691	213639
2740	3752430	79419
2741	3755170	29266
2742	3757911	35612
2743	3760653	71363
2744	3763396	432156
2745	3766140	57282
2746	3768885	146964
2747	3771631	71288
2748	3774378	174706
2749	3777126	239912
2750	3779875	39684
2751	3782625	38532
2752	3785376	41268
2753	3788128	39540
2754	3790881	68665
2755	3793635	484929
2756	3796390	240265
2757	3799146	113524
2758	3801903	256758
2759	3804661	257215
2760	3807420	32838
2761	3810180	30391
2762	3812941	39194
2763	3815703	147647
2764	3818466	301534
2765	3821230	134428
2766	3823995	337127
2767	3826761	174742
2768	3829528	362330
2769	3832296	123305
2770	3835065	204774
2771	3837835	325769
2772	3840606	320337
2773	3843378	131411
2774	3846151	585299
2775	3848925	330727
2776	3851700	89369
2777	3854476	288107
2778	3857253	262583
2779	3860031	467236
2780	3862810	40204
2781	3865590	89493
2782	3868371	94608
2783	3871153	148832
2784	3873936	144164
2785	3876720	364869
2786	3879505	128568
2787	3882291	61579
2788	3885078	149970
2789	3887866	45777
2790	3890655	509853
2791	3893445	179175
2792	3896236	748362
2793	3899028	348150
2794	3901821	496053
2795	3904615	325692
2796	3907410	69546
2797	3910206	476060
2798	3913003	111130
2799	3915801	239871
2800	3918600	555070
2801	3921400	261435
2802	3924201	209007
2803	3927003	44300
2804	3929806	37812
2805	3932610	142570
2806	3935415	44923
2807	3938221	270620
2808	3941028	202893
2809	3943836	46623
2810	3946645	48075
2811	3949455	197828
2812	3952266	47287
2813	3955078	95840
2814	3957891	42556
2815	3960705	376343
2816	3963520	491979
2817	3966336	530900
2818	3969153	358779
2819	3971971	197609
2820	3974790	198714
2821	3977610	755901
2822	3980431	195299
2823	3983253	36149
2824	3986076	423911
2825	3988900	125287
2826	3991725	63625
2827	3994551	373554
2828	3997378	159083
2829	4000206	176996
2830	4003035	63669
2831	4005865	48422
2832	4008696	52939
2833	4011528	253498
2834	4014361	402436
2835	4017195	259209
2836	4020030	447107
2837	4022866	57450
2838	4025703	150441
2839	4028541	371848
2840	4031380	135099
2841	4034220	92592
2842	4037061	548300
2843	4039903	78182
2844	4042746	253486
2845	4045590	625697
2846	4048435	169745
2847	4051281	210833
2848	4054128	552379
2849	4056976	217993
2850	4059825	582436
2851	4062675	167686
2852	4065526	181534
2853	4068378	34341
2854	4071231	574150
2855	4074085	159475
2856	4076940	368680
2857	4079796	38484
2858	4082653	54018
2859	4085511	48521
2860	4088370	190968
2861	4091230	110388
2862	4094091	677442
2863	4096953	248673
2864	4099816	295601
2865	4102680	639091
2866	4105545	516257
2867	4108411	95321
2868	4111278	62155
2869	4114146	210566
2870	4117015	93395
2871	4119885	387542
2872	4122756	223727
2873	4125628	73421
2874	4128501	437117
2875	4131375	290520
2876	4134250	506216
2877	4137126	264920
2878	4140003	237185
2879	4142881	188335
2880	4145760	220808
2881	4148640	565831
2882	4151521	597998
2883	4154403	41789
2884	4157286	211673
2885	4160170	442496
2886	4163055	192876
2887	4165941	148532
2888	4168828	393041
2889	4171716	38468
2890	4174605	330818
2891	4177495	219880
2892	4180386	157067
2893	4183278	391460
2894	4186171	333373
2895	4189065	426861
2896	4191960	45943
2897	4194856	46746
2898	4197753	55994
2899	4200651	378659
2900	4203550	359003
2901	4206450	378789
2902	4209351	282780
2903	4212253	463620
2904	4215156	304725
2905	4218060	384723
2906	4220965	73240
2907	4223871	223393
2908	4226778	565002
2909	4229686	172148
2910	4232595	320905
2911	4235505	124685
2912	4238416	324990
2913	4241328	50835
2914	4244241	52049
2915	4247155	166622
2916	4250070	494140
2917	4252986	77153
2918	4255903	60411
2919	4258821	164853
2920	4261740	520970
2921	4264660	402026
2922	4267581	241302
2923	4270503	137739
2924	4273426	49962
2925	4276350	50997
2926	4279275	53788
2927	4282201	175081
2928	4285128	461242
2929	4288056	115717
2930	4290985	650516
2931	4293915	379958
2932	4296846	440448
2933	4299778	57332
2934	4302711	257535
2935	4305645	290434
2936	4308580	726687
2937	4311516	551192
2938	4314453	364061
2939	4317391	130694
2940	4320330	224851
2941	4323270	219430
2942	4326211	45477
2943	4329153	51987
2944	4332096	208535
2945	4335040	205759
2946	4337985	183452
2947	4340931	42776
2948	4343878	122584
2949	4346826	202108
2950	4349775	206300
2951	4352725	40762
2952	4355676	43984
2953	4358628	66964
2954	4361581	128033
2955	4364535	398176
2956	4367490	166135
2957	4370446	437464
2958	4373403	63012
2959	4376361	273815
2960	4379320	600519
2961	4382280	339985
2962	4385241	169289
2963	4388203	315690
2964	4391166	689520
2965	4394130	287485
2966	4397095	216129
2967	4400061	56721
2968	4403028	41853
2969	4405996	45939
2970	4408965	41449
2971	4411935	45703
2972	4414906	43656
2973	4417878	43748
2974	4420851	51531
2975	4423825	46395
2976	4426800	43462
2977	4429776	48209
2978	4432753	41961
2979	4435731	51065
2980	4438710	54162
2981	4441690	31713
2982	4444671	43833
2983	4447653	127849
2984	4450636	439672
2985	4453620	411893
2986	4456605	130364
2987	4459591	525485
2988	4462578	87088
2989	4465566	391542
2990	4468555	510841
2991	4471545	504362
2992	4474536	118128
2993	4477528	80454
2994	4480521	632889
2995	4483515	747801
2996	4486510	368082
2997	4489506	776975
2998	4492503	357378
2999	4495501	650382
3000	4498500	462503
3001	4501500	51570
3002	4504501	290024
3003	4507503	386262
3004	4510506	280961
3005	4513510	141944
3006	4516515	990047
3007	4519521	93832
3008	4522528	275297
3009	4525536	443669
3010	4528545	182049
3011	4531555	186966
3012	4534566	676504
3013	4537578	206893
3014	4540591	386253
3015	4543605	378446
3016	4546620	55754
3017	4549636	395370
3018	4552653	49604
3019	4555671	52726
3020	4558690	62494
3021	4561710	46657
3022	4564731	431722
3023	4567753	121780
3024	4570776	141282
3025	4573800	99443
3026	4576825	140792
3027	4579851	215302
3028	4582878	708801
3029	4585906	269950
3030	4588935	121229
3031	4591965	154181
3032	4594996	540410
3033	4598028	171017
3034	4601061	426347
3035	4604095	137839
3036	4607130	360001
3037	4610166	656797
3038	4613203	41834
3039	4616241	154570
3040	4619280	184449
3041	4622320	325231
3042	4625361	295804
3043	4628403	468298
3044	4631446	221814
3045	4634490	272749
3046	4637535	295335
3047	4640581	144491
3048	4643628	522015
3049	4646676	231967
3050	4649725	658641
3051	4652775	541562
3052	4655826	52483
3053	4658878	51020
3054	4661931	43872
3055	4664985	176385
3056	4668040	269483
3057	4671096	730909
3058	4674153	419074
3059	4677211	536617
3060	4680270	398341
3061	4683330	552381
3062	4686391	44115
3063	4689453	271265
3064	4692516	535120
3065	4695580	51163
3066	4698645	49906
3067	4701711	40036
3068	4704778	45875
3069	4707846	180743
3070	4710915	518334
3071	4713985	519850
3072	4717056	197068
3073	4720128	422865
3074	4723201	133570
3075	4726275	244245
3076	4729350	52480
3077	4732426	162266
3078	4735503	37877
3079	4738581	198043
3080	4741660	433283
3081	4744740	59468
3082	4747821	750512
3083	4750903	563015
3084	4753986	467972
3085	4757070	572107
3086	4760155	280681
3087	4763241	94213
3088	4766328	54933
3089	4769416	63467
3090	4772505	223562
3091	4775595	587334
3092	4778686	238780
3093	4781778	904498
3094	4784871	817740
3095	4787965	205176
3096	4791060	39590
3097	4794156	370156
3098	4797253	370395
3099	4800351	471266
3100	4803450	326105
3101	4806550	43114
3102	4809651	303699
3103	4812753	580846
3104	4815856	186334
3105	4818960	649835
3106	4822065	555307
3107	4825171	693314
3108	4828278	483278
3109	4831386	171596
3110	4834495	514978
3111	4837605	775992
3112	4840716	865199
3113	4843828	259846
3114	4846941	467226
3115	4850055	218355
3116	4853170	534405
3117	4856286	140146
3118	4859403	250689
3119	4862521	443895
3120	4865640	319884
3121	4868760	550146
3122	4871881	67681
3123	4875003	919431
3124	4878126	416813
3125	4881250	407310
3126	4884375	231297
3127	4887501	367329
3128	4890628	55385
3129	4893756	44088
3130	4896885	35123
3131	4900015	103402
3132	4903146	632553
3133	4906278	551662
3134	4909411	479726
3135	4912545	778736
3136	4915680	713761
3137	4918816	362203
3138	4921953	853373
3139	4925091	354354
3140	4928230	78586
3141	4931370	559559
3142	4934511	625606
3143	4937653	326580
3144	4940796	377220
3145	4943940	702006
3146	4947085	759197
3147	4950231	808993
3148	4953378	663848
3149	4956526	749145
3150	4959675	736945
3151	4962825	1107050
3152	4965976	710122
3153	4969128	424482
3154	4972281	822286
3155	4975435	696510
3156	4978590	600669
3157	4981746	581824
3158	4984903	72662
3159	4988061	549973
3160	4991220	589834
3161	4994380	86997
3162	4997541	641564
3163	5000703	639550
3164	5003866	808659
3165	5007030	534663
3166	5010195	193270
3167	5013361	47288
3168	5016528	102225
3169	5019696	942053
3170	5022865	480993
3171	5026035	474672
3172	5029206	579953
3173	5032378	151765
3174	5035551	578989
3175	5038725	769406
3176	5041900	520100
3177	5045076	800497
3178	5048253	787617
3179	5051431	727794
3180	5054610	264871
3181	5057790	849774
3182	5060971	835119
3183	5064153	539123
3184	5067336	873810
3185	5070520	718002
3186	5073705	112237
3187	5076891	798546
3188	5080078	836591
3189	5083266	885904
3190	5086455	674689
3191	5089645	227601
3192	5092836	475462
3193	5096028	554124
3194	5099221	560734
3195	5102415	364920
3196	5105610	718485
3197	5108806	791097
3198	5112003	751836
3199	5115201	736140
3200	5118400	648650
3201	5121600	556400
3202	5124801	433738
3203	5128003	657995
3204	5131206	718289
3205	5134410	690309
3206	5137615	326839
3207	5140821	567306
3208	5144028	549413
3209	5147236	327918
3210	5150445	931304
3211	5153655	660639
3212	5156866	660645
3213	5160078	526211
3214	5163291	823519
3215	5166505	835905
3216	5169720	941243
3217	5172936	500517
3218	5176153	558374
3219	5179371	1192748
3220	5182590	1078654
3221	5185810	1194924
3222	5189031	813108
3223	5192253	868006
3224	5195476	588003
3225	5198700	584336
3226	5201925	696991
3227	5205151	810919
3228	5208378	752646
3229	5211606	264456
3230	5214835	527794
3231	5218065	713502
3232	5221296	735256
3233	5224528	381286
3234	5227761	850563
3235	5230995	599486
3236	5234230	301140
3237	5237466	765680
3238	5240703	567317
3239	5243941	613490
3240	5247180	976959
3241	5250420	738000
3242	5253661	380349
3243	5256903	842041
3244	5260146	615787
3245	5263390	47247
3246	5266635	216237
3247	5269881	43100
3248	5273128	487375
3249	5276376	982924
3250	5279625	495964
3251	5282875	677307
3252	5286126	576639
3253	5289378	860100
3254	5292631	656398
3255	5295885	381696
3256	5299140	1017440
3257	5302396	528294
3258	5305653	171857
3259	5308911	1040569
3260	5312170	512431
3261	5315430	286478
3262	5318691	753176
3263	5321953	444710
3264	5325216	648641
3265	5328480	157702
3266	5331745	977465
3267	5335011	783719
3268	5338278	1040257
3269	5341546	957677
3270	5344815	848740
3271	5348085	568765
3272	5351356	952547
3273	5354628	249086
3274	5357901	691744
3275	5361175	278168
3276	5364450	765026
3277	5367726	149232
3278	5371003	494610
3279	5374281	488496
3280	5377560	268135
3281	5380840	520422
3282	5384121	419301
3283	5387403	218972
3284	5390686	618810
3285	5393970	84871
3286	5397255	451861
3287	5400541	708705
3288	5403828	335313
3289	5407116	1031866
3290	5410405	576645
3291	5413695	540079
3292	5416986	128265
3293	5420278	1011255
3294	5423571	934979
3295	5426865	653469
3296	5430160	920132
3297	5433456	917828
3298	5436753	420141
3299	5440051	807553
3300	5443350	609722
3301	5446650	258032
3302	5449951	172169
3303	5453253	185537
3304	5456556	758355
3305	5459860	994999
3306	5463165	749607
3307	5466471	778188
3308	5469778	248738
3309	5473086	638390
3310	5476395	55183
3311	5479705	401684
3312	5483016	847704
3313	5486328	782125
3314	5489641	712443
3315	5492955	247863
3316	5496270	740261
3317	5499586	772153
3318	5502903	852886
3319	5506221	855341
3320	5509540	982799
3321	5512860	1003491
3322	5516181	1045408
3323	5519503	573329
3324	5522826	879318
3325	5526150	822467
3326	5529475	122998
3327	5532801	389654
3328	5536128	771372
3329	5539456	287151
3330	5542785	810630
3331	5546115	648274
3332	5549446	862889
3333	5552778	675233
3334	5556111	928416
3335	5559445	461276
3336	5562780	873152
3337	5566116	651018
3338	5569453	821355
3339	5572791	350922
3340	5576130	143606
3341	5579470	173439
3342	5582811	110217
3343	5586153	123582
3344	5589496	114775
3345	5592840	969604
3346	5596185	866211
3347	5599531	964844
3348	5602878	796315
3349	5606226	641980
3350	5609575	766859
3351	5612925	590758
3352	5616276	801922
3353	5619628	521972
3354	5622981	875325
3355	5626335	523644
3356	5629690	828930
3357	5633046	638033
3358	5636403	557589
3359	5639761	842617
3360	5643120	782957
3361	5646480	982072
3362	5649841	898166
3363	5653203	922730
3364	5656566	775438
3365	5659930	824029
3366	5663295	592416
3367	5666661	399209
3368	5670028	853718
3369	5673396	463835
3370	5676765	168215
3371	5680135	112381
3372	5683506	519966
3373	5686878	849660
3374	5690251	850705
3375	5693625	854916
3376	5697000	738228
3377	5700376	749970
3378	5703753	944166
3379	5707131	764167
3380	5710510	819476
3381	5713890	398836
3382	5717271	915581
3383	5720653	734167
3384	5724036	812024
3385	5727420	549437
3386	5730805	936975
3387	5734191	329793
3388	5737578	401197
3389	5740966	1116245
3390	5744355	229394
3391	5747745	929920
3392	5751136	840460
3393	5754528	744362
3394	5757921	939309
3395	5761315	696904
3396	5764710	799415
3397	5768106	93375
3398	5771503	1070303
3399	5774901	1050135
3400	5778300	1013274
3401	5781700	825845
3402	5785101	1555604
3403	5788503	822832
3404	5791906	1091879
3405	5795310	898217
3406	5798715	955453
3407	5802121	827210
3408	5805528	933026
3409	5808936	483451
3410	5812345	941017
3411	5815755	677793
3412	5819166	401704
3413	5822578	868602
3414	5825991	809420
3415	5829405	612245
3416	5832820	555729
3417	5836236	665846
3418	5839653	976395
3419	5843071	615549
3420	5846490	641073
3421	5849910	722308
3422	5853331	769236
3423	5856753	464580
3424	5860176	659494
3425	5863600	922069
3426	5867025	854939
3427	5870451	783463
3428	5873878	865066
3429	5877306	995221
3430	5880735	810970
3431	5884165	854579
3432	5887596	968093
3433	5891028	821418
3434	5894461	1007611
3435	5897895	515835
3436	5901330	1003727
3437	5904766	838820
3438	5908203	593454
3439	5911641	561327
3440	5915080	908726
3441	5918520	1005153
3442	5921961	1008884
3443	5925403	1006541
3444	5928846	1058415
3445	5932290	658328
3446	5935735	1039445
3447	5939181	784303
3448	5942628	1195366
3449	5946076	1972939
3450	5949525	1421564
3451	5952975	1162438
3452	5956426	907075
3453	5959878	985415
3454	5963331	917295
3455	5966785	968667
3456	5970240	572413
3457	5973696	968305
3458	5977153	831260
3459	5980611	1214744
3460	5984070	1363233
3461	5987530	1501775
3462	5990991	775921
3463	5994453	794016
3464	5997916	928123
3465	6001380	1088783
3466	6004845	925020
3467	6008311	1196191
3468	6011778	754321
3469	6015246	645575
3470	6018715	582155
3471	6022185	573694
3472	6025656	720432
3473	6029128	1283152
3474	6032601	376218
3475	6036075	1282191
3476	6039550	977143
3477	6043026	1028056
3478	6046503	1146666
3479	6049981	776229
3480	6053460	1050173
3481	6056940	952137
3482	6060421	1006047
3483	6063903	1033545
3484	6067386	1723838
3485	6070870	935222
3486	6074355	987997
3487	6077841	1086891
3488	6081328	436399
3489	6084816	1373990
3490	6088305	691171
3491	6091795	754950
3492	6095286	914209
3493	6098778	737968
3494	6102271	1268273
3495	6105765	941996
3496	6109260	836374
3497	6112756	968182
3498	6116253	1803976
3499	6119751	1070526
3500	6123250	943691
3501	6126750	1000814
3502	6130251	645686
3503	6133753	620103
3504	6137256	908987
3505	6140760	893372
3506	6144265	695455
3507	6147771	1058309
3508	6151278	966427
3509	6154786	1026346
3510	6158295	932649
3511	6161805	1011645
3512	6165316	1169593
3513	6168828	977526
3514	6172341	751555
3515	6175855	638274
3516	6179370	919116
3517	6182886	944888
3518	6186403	499530
3519	6189921	1048886
3520	6193440	959053
3521	6196960	706475
3522	6200481	560400
3523	6204003	990243
3524	6207526	968073
3525	6211050	1081463
3526	6214575	1220805
3527	6218101	836515
3528	6221628	1962344
3529	6225156	1077185
3530	6228685	469507
3531	6232215	972529
3532	6235746	1088507
3533	6239278	881543
3534	6242811	1007630
3535	6246345	1135964
3536	6249880	868626
3537	6253416	822157
3538	6256953	1019993
3539	6260491	992336
3540	6264030	1475485
3541	6267570	1197307
3542	6271111	1545137
3543	6274653	1058478
3544	6278196	810080
3545	6281740	1448030
3546	6285285	1070617
3547	6288831	978526
3548	6292378	897502
3549	6295926	1346080
3550	6299475	909752
3551	6303025	914328
3552	6306576	1984193
3553	6310128	1037468
3554	6313681	826097
3555	6317235	1330463
3556	6320790	959860
3557	6324346	837505
3558	6327903	1270737
3559	6331461	1046012
3560	6335020	995733
3561	6338580	986895
3562	6342141	1137563
3563	6345703	946732
3564	6349266	1720043
3565	6352830	761989
3566	6356395	1800165
3567	6359961	1412513
3568	6363528	968506
3569	6367096	1380667
3570	6370665	1275039
3571	6374235	1020608
3572	6377806	933985
3573	6381378	1134418
3574	6384951	1108780
3575	6388525	1069511
3576	6392100	1068303
3577	6395676	780253
3578	6399253	718648
3579	6402831	1039500
3580	6406410	1069233
3581	6409990	1023471
3582	6413571	2076274
3583	6417153	1073919
3584	6420736	1001266
3585	6424320	1088273
3586	6427905	1118958
3587	6431491	906901
3588	6435078	1159530
3589	6438666	862403
3590	6442255	1040759
3591	6445845	1007218
3592	6449436	982587
3593	6453028	777244
3594	6456621	1059212
3595	6460215	902163
3596	6463810	1786960
3597	6467406	1418046
3598	6471003	1358204
3599	6474601	1100535
3600	6478200	1079463
3601	6481800	1249643
3602	6485401	957540
3603	6489003	1168751
3604	6492606	1160305
3605	6496210	1359117
3606	6499815	2023514
3607	6503421	1322218
3608	6507028	1105835
3609	6510636	1092272
3610	6514245	1167472
3611	6517855	1529491
3612	6521466	1560448
3613	6525078	1095336
3614	6528691	1018405
3615	6532305	1455074
3616	6535920	1322513
3617	6539536	982239
3618	6543153	2142729
3619	6546771	1001080
3620	6550390	1135762
3621	6554010	913703
3622	6557631	1106663
3623	6561253	926716
3624	6564876	1385915
3625	6568500	1072741
3626	6572125	1355150
3627	6575751	1269078
3628	6579378	1033513
3629	6583006	1415922
3630	6586635	1354094
3631	6590265	1273707
3632	6593896	1207457
3633	6597528	1050754
3634	6601161	1145191
3635	6604795	1116377
3636	6608430	1622218
3637	6612066	1215148
3638	6615703	1060492
3639	6619341	1781569
3640	6622980	1055020
3641	6626620	1329155
3642	6630261	1329894
3643	6633903	1068189
3644	6637546	819578
3645	6641190	1575357
3646	6644835	1153702
3647	6648481	1452190
3648	6652128	2284690
3649	6655776	1183376
3650	6659425	1968414
3651	6663075	1151709
3652	6666726	1033867
3653	6670378	1044355
3654	6674031	1793721
3655	6677685	1038537
3656	6681340	1037989
3657	6684996	1074788
3658	6688653	1211115
3659	6692311	1580376
3660	6695970	1115479
3661	6699630	941218
3662	6703291	877408
3663	6706953	1433106
3664	6710616	969685
3665	6714280	985255
3666	6717945	1123732
3667	6721611	2388436
3668	6725278	949702
3669	6728946	1562870
3670	6732615	1236455
3671	6736285	1297084
3672	6739956	1030192
3673	6743628	1578801
3674	6747301	1269504
3675	6750975	604386
3676	6754650	1831957
3677	6758326	1064662
3678	6762003	1394664
3679	6765681	1085110
3680	6769360	1205645
3681	6773040	843633
3682	6776721	766339
3683	6780403	2352309
3684	6784086	921679
3685	6787770	1132671
3686	6791455	1052242
3687	6795141	1213983
3688	6798828	1478620
3689	6802516	1237692
3690	6806205	1121742
3691	6809895	1704553
3692	6813586	1674441
3693	6817278	1399704
3694	6820971	1141056
3695	6824665	1079082
3696	6828360	876937
3697	6832056	164055
3698	6835753	1339296
3699	6839451	1374455
3700	6843150	1825539
3701	6846850	1146529
3702	6850551	971329
3703	6854253	849620
3704	6857956	842422
3705	6861660	1207389
3706	6865365	984252
3707	6869071	1168327
3708	6872778	870053
3709	6876486	1613431
3710	6880195	2213593
3711	6883905	956846
3712	6887616	1622389
3713	6891328	1435846
3714	6895041	2221296
3715	6898755	1041075
3716	6902470	1455813
3717	6906186	2298967
3718	6909903	1370270
3719	6913621	1057387
3720	6917340	1130104
3721	6921060	1149735
3722	6924781	1552817
3723	6928503	2590547
3724	6932226	1327575
3725	6935950	1316340
3726	6939675	1234720
3727	6943401	1248799
3728	6947128	1293434
3729	6950856	846798
3730	6954585	872672
3731	6958315	1072006
3732	6962046	1396867
3733	6965778	1003853
3734	6969511	1325203
3735	6973245	1417430
3736	6976980	1367368
3737	6980716	838649
3738	6984453	1246925
3739	6988191	1292399
3740	6991930	1132331
3741	6995670	1406540
3742	6999411	1242167
3743	7003153	777365
3744	7006896	1436139
3745	7010640	892770
3746	7014385	845229
3747	7018131	755437
3748	7021878	1207058
3749	7025626	1057404
3750	7029375	848678
3751	7033125	1270364
3752	7036876	1163901
3753	7040628	927265
3754	7044381	767557
3755	7048135	1055623
3756	7051890	1266760
3757	7055646	1056144
3758	7059403	1444454
3759	7063161	1534323
3760	7066920	2603451
3761	7070680	1072075
3762	7074441	1460140
3763	7078203	1255610
3764	7081966	2277153
3765	7085730	1398552
3766	7089495	2250424
3767	7093261	1232320
3768	7097028	816540
3769	7100796	1421219
3770	7104565	2550060
3771	7108335	1135837
3772	7112106	1151319
3773	7115878	1301253
3774	7119651	1055921
3775	7123425	1356502
3776	7127200	1604825
3777	7130976	1255975
3778	7134753	2275975
3779	7138531	1161288
3780	7142310	975735
3781	7146090	1587593
3782	7149871	1371905
3783	7153653	1201852
3784	7157436	1231801
3785	7161220	1583379
3786	7165005	1233243
3787	7168791	1545053
3788	7172578	1562646
3789	7176366	1071847
3790	7180155	1369527
3791	7183945	694646
3792	7187736	976848
3793	7191528	1072174
3794	7195321	1603719
3795	7199115	2301899
3796	7202910	2763134
3797	7206706	1126833
3798	7210503	1345622
3799	7214301	1752799
3800	7218100	2358051
3801	7221900	1638722
3802	7225701	1012917
3803	7229503	2479733
3804	7233306	1556163
3805	7237110	1249841
3806	7240915	2839620
3807	7244721	1304305
3808	7248528	1287316
3809	7252336	1308337
3810	7256145	1385561
3811	7259955	1053827
3812	7263766	1177695
3813	7267578	1873288
3814	7271391	2047332
3815	7275205	1128094
3816	7279020	1046146
3817	7282836	1401563
3818	7286653	1321024
3819	7290471	1397917
3820	7294290	2155226
3821	7298110	1250467
3822	7301931	1634227
3823	7305753	2315835
3824	7309576	1287172
3825	7313400	2400290
3826	7317225	1376028
3827	7321051	1612287
3828	7324878	3232936
3829	7328706	1125044
3830	7332535	2445404
3831	7336365	1235683
3832	7340196	974083
3833	7344028	945255
3834	7347861	1337433
3835	7351695	2210962
3836	7355530	2529517
3837	7359366	1685875
3838	7363203	2664411
3839	7367041	1281772
3840	7370880	2120080
3841	7374720	3035557
3842	7378561	2568364
3843	7382403	897322
3844	7386246	1109906
3845	7390090	1292707
3846	7393935	1167842
3847	7397781	1180432
3848	7401628	1399755
3849	7405476	1191918
3850	7409325	1857974
3851	7413175	1192919
3852	7417026	1200479
3853	7420878	1821091
3854	7424731	1328896
3855	7428585	1140096
3856	7432440	1186143
3857	7436296	1471467
3858	7440153	1199249
3859	7444011	1491335
3860	7447870	1194905
3861	7451730	1858324
3862	7455591	1831225
3863	7459453	1196529
3864	7463316	2536583
3865	7467180	1561463
3866	7471045	2469939
3867	7474911	1376276
3868	7478778	1484817
3869	7482646	1079281
3870	7486515	1081005
3871	7490385	855369
3872	7494256	1206746
3873	7498128	1053001
3874	7502001	1290562
3875	7505875	1336901
3876	7509750	1963191
3877	7513626	1663198
3878	7517503	1335719
3879	7521381	2176969
3880	7525260	1360584
3881	7529140	1211111
3882	7533021	1361634
3883	7536903	1047168
3884	7540786	1290356
3885	7544670	1849345
3886	7548555	1387539
3887	7552441	1176549
3888	7556328	1221702
3889	7560216	1153846
3890	7564105	1299651
3891	7567995	2147249
3892	7571886	2987889
3893	7575778	1342046
3894	7579671	2733534
3895	7583565	3113650
3896	7587460	1361381
3897	7591356	1691457
3898	7595253	1226919
3899	7599151	1807477
3900	7603050	1447643
3901	7606950	2118051
3902	7610851	1294227
3903	7614753	1247842
3904	7618656	1424176
3905	7622560	1129297
3906	7626465	1268407
3907	7630371	1029493
3908	7634278	1590719
3909	7638186	1336168
3910	7642095	1757091
3911	7646005	2437654
3912	7649916	1106722
3913	7653828	1281558
3914	7657741	2913310
3915	7661655	1410751
3916	7665570	1252419
3917	7669486	1231144
3918	7673403	1331250
3919	7677321	1117327
3920	7681240	1451748
3921	7685160	1564564
3922	7689081	2030152
3923	7693003	1681015
3924	7696926	2301957
3925	7700850	1333873
3926	7704775	2749562
3927	7708701	1587950
3928	7712628	2027832
3929	7716556	1203055
3930	7720485	1157775
3931	7724415	1444822
3932	7728346	899619
3933	7732278	1430399
3934	7736211	1036165
3935	7740145	1269492
3936	7744080	1940961
3937	7748016	1120813
3938	7751953	1097281
3939	7755891	1731860
3940	7759830	1063763
3941	7763770	2129493
3942	7767711	1552726
3943	7771653	1166852
3944	7775596	1106793
3945	7779540	1311837
3946	7783485	2724306
3947	7787431	1409066
3948	7791378	1110359
3949	7795326	2234424
3950	7799275	3115048
3951	7803225	1425182
3952	7807176	1240344
3953	7811128	2669199
3954	7815081	2148595
3955	7819035	847041
3956	7822990	1848329
3957	7826946	1346704
3958	7830903	1190295
3959	7834861	1880549
3960	7838820	1329831
3961	7842780	1916885
3962	7846741	1204116
3963	7850703	1021587
3964	7854666	1358885
3965	7858630	2104511
3966	7862595	1386283
3967	7866561	2354112
3968	7870528	1470281
3969	7874496	1256340
3970	7878465	2279344
3971	7882435	1191913
3972	7886406	1054984
3973	7890378	1039443
3974	7894351	1051921
3975	7898325	1848106
3976	7902300	1424789
3977	7906276	1185297
3978	7910253	3204617
3979	7914231	1285483
3980	7918210	2369048
3981	7922190	1758581
3982	7926171	1206291
3983	7930153	1312053
3984	7934136	1447268
3985	7938120	1058376
3986	7942105	1412240
3987	7946091	2407055
3988	7950078	1348801
3989	7954066	1278417
3990	7958055	1569353
3991	7962045	1158055
3992	7966036	2460110
3993	7970028	1135823
3994	7974021	1093218
3995	7978015	1197473
3996	7982010	3044159
3997	7986006	2390025
3998	7990003	1359947
3999	7994001	1058116
4000	7998000	1123825
4001	8002000	1178212
4002	8006001	2863509
4003	8010003	3154748
4004	8014006	1868996
4005	8018010	1349818
4006	8022015	1772968
4007	8026021	1223059
4008	8030028	1254503
4009	8034036	2223493
4010	8038045	1177049
4011	8042055	1832406
4012	8046066	1646460
4013	8050078	2631578
4014	8054091	1307134
4015	8058105	1436288
4016	8062120	3131533
4017	8066136	1442580
4018	8070153	1204581
4019	8074171	1330295
4020	8078190	1422883
4021	8082210	1723884
4022	8086231	1203124
4023	8090253	2163156
4024	8094276	1101419
4025	8098300	1949648
4026	8102325	2107883
4027	8106351	986574
4028	8110378	1215061
4029	8114406	1416265
4030	8118435	1601582
4031	8122465	1435082
4032	8126496	2268276
4033	8130528	1135342
4034	8134561	947856
4035	8138595	2033898
4036	8142630	3424196
4037	8146666	1459908
4038	8150703	1375716
4039	8154741	1797593
4040	8158780	1110571
4041	8162820	1616092
4042	8166861	1388918
4043	8170903	1104530
4044	8174946	2736758
4045	8178990	1853359
4046	8183035	1440418
4047	8187081	1276539
4048	8191128	1289277
4049	8195176	1089080
4050	8199225	1699880
4051	8203275	1566061
4052	8207326	2115257
4053	8211378	1579292
4054	8215431	2433395
4055	8219485	3361208
4056	8223540	1337178
4057	8227596	1402939
4058	8231653	1035082
4059	8235711	1430410
4060	8239770	1726539
4061	8243830	3031546
4062	8247891	1320086
4063	8251953	1407542
4064	8256016	1415498
4065	8260080	1925186
4066	8264145	1458653
4067	8268211	1564016
4068	8272278	1655743
4069	8276346	1737280
4070	8280415	1255050
4071	8284485	2390632
4072	8288556	1249705
4073	8292628	1220647
4074	8296701	1790014
4075	8300775	1370179
4076	8304850	1212786
4077	8308926	2512971
4078	8313003	3020042
4079	8317081	2724374
4080	8321160	1626717
4081	8325240	1295534
4082	8329321	2313254
4083	8333403	1608173
4084	8337486	1561841
4085	8341570	2620850
4086	8345655	2020294
4087	8349741	1989169
4088	8353828	2099679
4089	8357916	1126410
4090	8362005	1139089
4091	8366095	2364702
4092	8370186	1507654
4093	8374278	1245836
4094	8378371	1377418
4095	8382465	1537222
4096	8386560	2995320
4097	8390656	4163125
4098	8394753	1454925
4099	8398851	3826671
4100	8402950	1653483
4101	8407050	1940609
4102	8411151	2622268
4103	8415253	2823134
4104	8419356	2189902
4105	8423460	1950474
4106	8427565	3659836
4107	8431671	1701675
4108	8435778	3317320
4109	8439886	1551723
4110	8443995	1857860
4111	8448105	1789247
4112	8452216	1832761
4113	8456328	1778710
4114	8460441	3650000
4115	8464555	3499579
4116	8468670	1399388
4117	8472786	3464892
4118	8476903	1553039
4119	8481021	3348083
4120	8485140	1633762
4121	8489260	1968955
4122	8493381	1461290
4123	8497503	2063429
4124	8501626	2538109
4125	8505750	1596800
4126	8509875	3949851
4127	8514001	1599588
4128	8518128	3441519
4129	8522256	1546511
4130	8526385	1400431
4131	8530515	3753196
4132	8534646	1342363
4133	8538778	1409265
4134	8542911	2599780
4135	8547045	1544160
4136	8551180	1347154
4137	8555316	3012740
4138	8559453	3759007
4139	8563591	1679546
4140	8567730	1936289
4141	8571870	2037551
4142	8576011	1765343
4143	8580153	2629787
4144	8584296	1689017
4145	8588440	2300398
4146	8592585	1747880
4147	8596731	1711402
4148	8600878	1767883
4149	8605026	2082909
4150	8609175	2144608
4151	8613325	2055646
4152	8617476	1843552
4153	8621628	3581626
4154	8625781	1650195
4155	8629935	1171928
4156	8634090	2102594
4157	8638246	1733283
4158	8642403	3130939
4159	8646561	1762945
4160	8650720	1911385
4161	8654880	1558980
4162	8659041	2873492
4163	8663203	1572411
4164	8667366	1659983
4165	8671530	1868978
4166	8675695	1648135
4167	8679861	3800541
4168	8684028	1716060
4169	8688196	2674033
4170	8692365	1816944
4171	8696535	2070415
4172	8700706	4220632
4173	8704878	1673030
4174	8709051	1710612
4175	8713225	2318428
4176	8717400	1653511
4177	8721576	1312923
4178	8725753	1320696
4179	8729931	2197784
4180	8734110	1784443
4181	8738290	3248299
4182	8742471	3414469
4183	8746653	1528538
4184	8750836	4002929
4185	8755020	2058126
4186	8759205	1969522
4187	8763391	2705765
4188	8767578	3875496
4189	8771766	3765927
4190	8775955	2451645
4191	8780145	3157385
4192	8784336	1605840
4193	8788528	3201652
4194	8792721	3190592
4195	8796915	2263333
4196	8801110	3295363
4197	8805306	3216438
4198	8809503	1450574
4199	8813701	1763643
4200	8817900	3786016
4201	8822100	3437015
4202	8826301	1604368
4203	8830503	3718810
4204	8834706	1681022
4205	8838910	1812820
4206	8843115	2185350
4207	8847321	1071153
4208	8851528	1813283
4209	8855736	3184402
4210	8859945	1727878
4211	8864155	2039450
4212	8868366	1704820
4213	8872578	1809779
4214	8876791	1670759
4215	8881005	4348452
4216	8885220	1757231
4217	8889436	1534467
4218	8893653	2249094
4219	8897871	1888737
4220	8902090	1560553
4221	8906310	1791412
4222	8910531	1687354
4223	8914753	4377408
4224	8918976	2117131
4225	8923200	3678431
4226	8927425	1566658
4227	8931651	3615139
4228	8935878	2416116
4229	8940106	1975228
4230	8944335	3846312
4231	8948565	1453846
4232	8952796	2509793
4233	8957028	1866492
4234	8961261	3286521
4235	8965495	3932317
4236	8969730	1692804
4237	8973966	1959310
4238	8978203	1953110
4239	8982441	1919052
4240	8986680	3930270
4241	8990920	2529402
4242	8995161	3609389
4243	8999403	3982660
4244	9003646	1629386
4245	9007890	1817721
4246	9012135	1770846
4247	9016381	3503524
4248	9020628	2270055
4249	9024876	1927494
4250	9029125	1738491
4251	9033375	1961536
4252	9037626	3144525
4253	9041878	1937643
4254	9046131	1212744
4255	9050385	1503447
4256	9054640	3194353
4257	9058896	3283074
4258	9063153	1597249
4259	9067411	3445300
4260	9071670	1624205
4261	9075930	1559510
4262	9080191	3511368
4263	9084453	1788360
4264	9088716	1506435
4265	9092980	1328419
4266	9097245	1123648
4267	9101511	3490462
4268	9105778	3711988
4269	9110046	2087927
4270	9114315	1707236
4271	9118585	3445187
4272	9122856	1815884
4273	9127128	2010585
4274	9131401	1751300
4275	9135675	2213629
4276	9139950	2114578
4277	9144226	2516571
4278	9148503	2990238
4279	9152781	2477164
4280	9157060	3231771
4281	9161340	3056792
4282	9165621	1398399
4283	9169903	1541360
4284	9174186	2569822
4285	9178470	2870579
4286	9182755	2439285
4287	9187041	1866147
4288	9191328	3724487
4289	9195616	3576042
4290	9199905	2114836
4291	9204195	3850571
4292	9208486	4024622
4293	9212778	1712752
4294	9217071	3249477
4295	9221365	3987089
4296	9225660	3089225
4297	9229956	1839020
4298	9234253	2532215
4299	9238551	2398151
4300	9242850	1817811
4301	9247150	4079527
4302	9251451	1941867
4303	9255753	2072377
4304	9260056	2935775
4305	9264360	1557281
4306	9268665	2078253
4307	9272971	2281874
4308	9277278	2120527
4309	9281586	3749491
4310	9285895	2022965
4311	9290205	1882551
4312	9294516	3947721
4313	9298828	2024628
4314	9303141	4000610
4315	9307455	1752096
4316	9311770	2720649
4317	9316086	1443989
4318	9320403	1590744
4319	9324721	1856348
4320	9329040	3229485
4321	9333360	3525768
4322	9337681	2263959
4323	9342003	3489427
4324	9346326	1797801
4325	9350650	1544408
4326	9354975	3745609
4327	9359301	1865391
4328	9363628	2257290
4329	9367956	2948620
4330	9372285	1409946
4331	9376615	2847786
4332	9380946	1481861
4333	9385278	2174959
4334	9389611	3107014
4335	9393945	2071910
4336	9398280	1867906
4337	9402616	4171943
4338	9406953	1694533
4339	9411291	3592734
4340	9415630	3510225
4341	9419970	1528272
4342	9424311	1434813
4343	9428653	1129642
4344	9432996	1199076
4345	9437340	2310434
4346	9441685	3088549
4347	9446031	1618790
4348	9450378	1819383
4349	9454726	4402455
4350	9459075	1749607
4351	9463425	3682059
4352	9467776	4024786
4353	9472128	1754564
4354	9476481	1948774
4355	9480835	2182439
4356	9485190	2063872
4357	9489546	1956999
4358	9493903	3418215
4359	9498261	1880504
4360	9502620	1720294
4361	9506980	1678540
4362	9511341	3376326
4363	9515703	1962384
4364	9520066	3540939
4365	9524430	2685932
4366	9528795	2139797
4367	9533161	1827901
4368	9537528	2510417
4369	9541896	3054618
4370	9546265	1666254
4371	9550635	1962057
4372	9555006	2866345
4373	9559378	5243406
4374	9563751	1936690
4375	9568125	1864815
4376	9572500	2472809
4377	9576876	1482875
4378	9581253	2146375
4379	9585631	1995671
4380	9590010	2989414
4381	9594390	3214723
4382	9598771	1899748
4383	9603153	1825556
4384	9607536	1812377
4385	9611920	2111587
4386	9616305	1983053
4387	9620691	2416814
4388	9625078	3246536
4389	9629466	1799789
4390	9633855	2707926
4391	9638245	4068111
4392	9642636	1908347
4393	9647028	4238972
4394	9651421	3618635
4395	9655815	1976817
4396	9660210	2105383
4397	9664606	1799493
4398	9669003	2012295
4399	9673401	3107378
4400	9677800	1384977
4401	9682200	3386736
4402	9686601	2035067
4403	9691003	2656649
4404	9695406	4362304
4405	9699810	2021817
4406	9704215	2006915
4407	9708621	3478018
4408	9713028	1798309
4409	9717436	1704796
4410	9721845	2633632
4411	9726255	1985367
4412	9730666	2616803
4413	9735078	1831592
4414	9739491	3443585
4415	9743905	2247275
4416	9748320	2025838
4417	9752736	3195587
4418	9757153	2028646
4419	9761571	1483125
4420	9765990	2007975
4421	9770410	1997315
4422	9774831	1770087
4423	9779253	1953233
4424	9783676	2834929
4425	9788100	1325904
4426	9792525	3947449
4427	9796951	1866641
4428	9801378	2182789
4429	9805806	2200321
4430	9810235	1897965
4431	9814665	2736973
4432	9819096	1437538
4433	9823528	2958138
4434	9827961	1823432
4435	9832395	1473739
4436	9836830	1559319
4437	9841266	2242387
4438	9845703	1385583
4439	9850141	2100089
4440	9854580	2369994
4441	9859020	1925920
4442	9863461	2957113
4443	9867903	3336306
4444	9872346	4578963
4445	9876790	3191004
4446	9881235	3022778
4447	9885681	2303920
4448	9890128	1991872
4449	9894576	3931216
4450	9899025	1960279
4451	9903475	1538822
4452	9907926	2375733
4453	9912378	1688924
4454	9916831	2161435
4455	9921285	1617583
4456	9925740	1525386
4457	9930196	1790017
4458	9934653	4469813
4459	9939111	4170903
4460	9943570	2630918
4461	9948030	2595510
4462	9952491	2165186
4463	9956953	2349578
4464	9961416	1959812
4465	9965880	3615689
4466	9970345	2107181
4467	9974811	1705506
4468	9979278	2132930
4469	9983746	2798621
4470	9988215	1777257
4471	9992685	2054418
4472	9997156	2338711
4473	10001628	2759981
4474	10006101	1481428
4475	10010575	2156943
4476	10015050	2046859
4477	10019526	3779972
4478	10024003	2004752
4479	10028481	1759297
4480	10032960	1872107
4481	10037440	2170058
4482	10041921	1405051
4483	10046403	1355689
4484	10050886	1972775
4485	10055370	1856271
4486	10059855	1204962
4487	10064341	1736009
4488	10068828	1386774
4489	10073316	2125297
4490	10077805	2275948
4491	10082295	1913679
4492	10086786	1796419
4493	10091278	2182195
4494	10095771	1625562
4495	10100265	4273126
4496	10104760	2419738
4497	10109256	2902976
4498	10113753	2251261
4499	10118251	2743665
4500	10122750	1847262
4501	10127250	3580555
4502	10131751	1792700
4503	10136253	2053178
4504	10140756	2689250
4505	10145260	4169081
4506	10149765	4003703
4507	10154271	1523062
4508	10158778	2651543
4509	10163286	2231778
4510	10167795	2250325
4511	10172305	3990849
4512	10176816	1934282
4513	10181328	2986514
4514	10185841	4095063
4515	10190355	4456821
4516	10194870	2181469
4517	10199386	2237781
4518	10203903	2070515
4519	10208421	1445759
4520	10212940	1955027
4521	10217460	2238285
4522	10221981	1281245
4523	10226503	2199242
4524	10231026	1910706
4525	10235550	2102601
4526	10240075	2291426
4527	10244601	2589859
4528	10249128	2180333
4529	10253656	2730734
4530	10258185	2713020
4531	10262715	3831736
4532	10267246	4266363
4533	10271778	3735728
4534	10276311	1800104
4535	10280845	2578843
4536	10285380	4933385
4537	10289916	2115544
4538	10294453	2615098
4539	10298991	1952648
4540	10303530	2232667
4541	10308070	3878445
4542	10312611	2641043
4543	10317153	2734898
4544	10321696	2266107
4545	10326240	2017701
4546	10330785	1860046
4547	10335331	2028324
4548	10339878	2361936
4549	10344426	2435821
4550	10348975	2025388
4551	10353525	2689886
4552	10358076	1243179
4553	10362628	1253032
4554	10367181	4300420
4555	10371735	1920561
4556	10376290	1528940
4557	10380846	2138233
4558	10385403	4279242
4559	10389961	2152819
4560	10394520	3185481
4561	10399080	2028913
4562	10403641	2566265
4563	10408203	1871568
4564	10412766	1834182
4565	10417330	1469065
4566	10421895	3335665
4567	10426461	3936782
4568	10431028	2312501
4569	10435596	2103536
4570	10440165	3687315
4571	10444735	2585197
4572	10449306	2219203
4573	10453878	1470586
4574	10458451	1271981
4575	10463025	1310046
4576	10467600	2163212
4577	10472176	3671045
4578	10476753	2028059
4579	10481331	2383799
4580	10485910	2018318
4581	10490490	2145680
4582	10495071	2054799
4583	10499653	4699179
4584	10504236	2004294
4585	10508820	1390383
4586	10513405	2418160
4587	10517991	1858039
4588	10522578	1506259
4589	10527166	1295770
4590	10531755	3848460
4591	10536345	2208573
4592	10540936	2088875
4593	10545528	3381519
4594	10550121	3380910
4595	10554715	2622719
4596	10559310	2032638
4597	10563906	2460977
4598	10568503	2365770
4599	10573101	2642964
4600	10577700	2706823
4601	10582300	4741065
4602	10586901	2811986
4603	10591503	2123638
4604	10596106	1991329
4605	10600710	2859583
4606	10605315	3357125
4607	10609921	5093714
4608	10614528	2132265
4609	10619136	3116677
4610	10623745	1731796
4611	10628355	2482455
4612	10632966	2252501
4613	10637578	4283406
4614	10642191	2043694
4615	10646805	1838748
4616	10651420	2292701
4617	10656036	3839554
4618	10660653	1936760
4619	10665271	1838946
4620	10669890	2018289
4621	10674510	2132571
4622	10679131	3011048
4623	10683753	1550660
4624	10688376	3661246
4625	10693000	2272219
4626	10697625	3414011
4627	10702251	1882122
4628	10706878	2961844
4629	10711506	3735893
4630	10716135	5140966
4631	10720765	1855932
4632	10725396	4136925
4633	10730028	4147197
4634	10734661	3671078
4635	10739295	1761398
4636	10743930	1593462
4637	10748566	2958589
4638	10753203	1885466
4639	10757841	3528589
4640	10762480	1823205
4641	10767120	1685500
4642	10771761	2823129
4643	10776403	2129146
4644	10781046	1552827
4645	10785690	1217392
4646	10790335	1324657
4647	10794981	2502357
4648	10799628	3246996
4649	10804276	5161160
4650	10808925	2074690
4651	10813575	4324750
4652	10818226	2506506
4653	10822878	2290305
4654	10827531	1823835
4655	10832185	2295445
4656	10836840	2338514
4657	10841496	2226339
4658	10846153	2249349
4659	10850811	1822073
4660	10855470	3642092
4661	10860130	2501225
4662	10864791	4724029
4663	10869453	4829268
4664	10874116	3082447
4665	10878780	2083655
4666	10883445	4208739
4667	10888111	1873859
4668	10892778	3415704
4669	10897446	2368067
4670	10902115	2123873
4671	10906785	2671275
4672	10911456	3250920
4673	10916128	2208461
4674	10920801	2350042
4675	10925475	4640517
4676	10930150	2240839
4677	10934826	2739052
4678	10939503	6817897
4679	10944181	3183523
4680	10948860	4715194
4681	10953540	1820259
4682	10958221	1836608
4683	10962903	4634543
4684	10967586	2638686
4685	10972270	5106795
4686	10976955	2043187
4687	10981641	3196744
4688	10986328	4547497
4689	10991016	4339254
4690	10995705	4350975
4691	11000395	3984420
4692	11005086	2332383
4693	11009778	3316015
4694	11014471	2970081
4695	11019165	2727230
4696	11023860	2170017
4697	11028556	2120438
4698	11033253	4054127
4699	11037951	1658916
4700	11042650	1650832
4701	11047350	4419951
4702	11052051	1799275
4703	11056753	1429509
4704	11061456	4180906
4705	11066160	1962769
4706	11070865	2915457
4707	11075571	2314193
4708	11080278	2313583
4709	11084986	4131579
4710	11089695	2453268
4711	11094405	2218825
4712	11099116	5654753
4713	11103828	1955980
4714	11108541	4428405
4715	11113255	2162653
4716	11117970	5187145
4717	11122686	1706602
4718	11127403	2209414
4719	11132121	2707931
4720	11136840	2315823
4721	11141560	2458287
4722	11146281	2262548
4723	11151003	2352277
4724	11155726	3981699
4725	11160450	2332536
4726	11165175	2341536
4727	11169901	3764460
4728	11174628	3726562
4729	11179356	2104923
4730	11184085	4020865
4731	11188815	2186230
4732	11193546	4698981
4733	11198278	2139292
4734	11203011	1867922
4735	11207745	2718741
4736	11212480	2277102
4737	11217216	4585641
4738	11221953	2427903
4739	11226691	2965854
4740	11231430	1986989
4741	11236170	2339867
4742	11240911	1327534
4743	11245653	1304907
4744	11250396	1693297
4745	11255140	3917245
4746	11259885	2140291
4747	11264631	2653589
4748	11269378	2487253
4749	11274126	4714668
4750	11278875	2596468
4751	11283625	2439069
4752	11288376	2046752
4753	11293128	2267421
4754	11297881	3500834
4755	11302635	3716325
4756	11307390	4569697
4757	11312146	1921890
4758	11316903	5405553
4759	11321661	2606210
4760	11326420	4190160
4761	11331180	4607567
4762	11335941	3604167
4763	11340703	1657020
4764	11345466	4225218
4765	11350230	2160626
4766	11354995	4735086
4767	11359761	2200109
4768	11364528	4731592
4769	11369296	2418300
4770	11374065	3603900
4771	11378835	4288018
4772	11383606	2391530
4773	11388378	2485071
4774	11393151	2116672
4775	11397925	2702748
4776	11402700	2341098
4777	11407476	2439020
4778	11412253	2589661
4779	11417031	2445410
4780	11421810	4900039
4781	11426590	2582751
4782	11431371	4865354
4783	11436153	2129403
4784	11440936	4573733
4785	11445720	2031180
4786	11450505	2267980
4787	11455291	2404441
4788	11460078	2933318
4789	11464866	2161917
4790	11469655	4177114
4791	11474445	2541577
4792	11479236	4213196
4793	11484028	2722075
4794	11488821	2273499
4795	11493615	4895692
4796	11498410	2485439
4797	11503206	2609346
4798	11508003	1983627
4799	11512801	2491903
4800	11517600	2257949
4801	11522400	2087505
4802	11527201	1701245
4803	11532003	2302508
4804	11536806	2059174
4805	11541610	3746257
4806	11546415	4510936
4807	11551221	4040290
4808	11556028	1997869
4809	11560836	2526077
4810	11565645	2569995
4811	11570455	2064538
4812	11575266	1372800
4813	11580078	2935618
4814	11584891	2886735
4815	11589705	2595983
4816	11594520	2450837
4817	11599336	3883206
4818	11604153	2210041
4819	11608971	4337973
4820	11613790	2263833
4821	11618610	2674803
4822	11623431	2560036
4823	11628253	2713350
4824	11633076	2113102
4825	11637900	3842343
4826	11642725	2310808
4827	11647551	1928489
4828	11652378	2378729
4829	11657206	3059907
4830	11662035	2981775
4831	11666865	2403774
4832	11671696	4746263
4833	11676528	3172396
4834	11681361	2826059
4835	11686195	2052957
4836	11691030	3447683
4837	11695866	1972798
4838	11700703	3634707
4839	11705541	2439435
4840	11710380	2804276
4841	11715220	3933268
4842	11720061	4159723
4843	11724903	2155298
4844	11729746	2819787
4845	11734590	5448642
4846	11739435	2280674
4847	11744281	2485711
4848	11749128	1879749
4849	11753976	2393121
4850	11758825	4982964
4851	11763675	2122517
4852	11768526	2084382
4853	11773378	2457945
4854	11778231	3091571
4855	11783085	2353368
4856	11787940	2645288
4857	11792796	2142361
4858	11797653	2220309
4859	11802511	5000384
4860	11807370	3258095
4861	11812230	2454270
4862	11817091	5765492
4863	11821953	3040050
4864	11826816	6197539
4865	11831680	2099306
4866	11836545	2851733
4867	11841411	2781191
4868	11846278	2193605
4869	11851146	3323966
4870	11856015	2033133
4871	11860885	2117507
4872	11865756	1755442
4873	11870628	4608007
4874	11875501	3383833
4875	11880375	5630568
4876	11885250	3090842
4877	11890126	5098175
4878	11895003	4442666
4879	11899881	3327051
4880	11904760	2711220
4881	11909640	6149784
4882	11914521	6631043
4883	11919403	4125473
4884	11924286	4474292
4885	11929170	4355615
4886	11934055	3242399
4887	11938941	6698779
4888	11943828	3553586
4889	11948716	4401750
4890	11953605	2232400
4891	11958495	2577438
4892	11963386	2346030
4893	11968278	3756778
4894	11973171	2069262
4895	11978065	1523114
4896	11982960	1557923
4897	11987856	2966419
4898	11992753	3221547
4899	11997651	2415113
4900	12002550	3987701
4901	12007450	2393934
4902	12012351	2396739
4903	12017253	2328459
4904	12022156	5232537
4905	12027060	2317267
4906	12031965	3171269
4907	12036871	3658554
4908	12041778	2206473
4909	12046686	2379104
4910	12051595	2525126
4911	12056505	4956987
4912	12061416	2702009
4913	12066328	2151926
4914	12071241	2563059
4915	12076155	2528735
4916	12081070	6618815
4917	12085986	3200735
4918	12090903	22670333
4919	12095821	15205484
4920	12100740	16580311
4921	12105660	4840808
4922	12110581	8013296
4923	12115503	5048248
