100	4950	106
101	5050	47
102	5151	56
103	5253	31
104	5356	48
105	5460	211
106	5565	46
107	5671	145
108	5778	162
109	5886	251
110	5995	47
111	6105	40
112	6216	49
113	6328	159
114	6441	121
115	6555	39
116	6670	32
117	6786	156
118	6903	34
119	7021	50
120	7140	137
121	7260	89
122	7381	75
123	7503	74
124	7626	63
125	7750	41
126	7875	43
127	8001	71
128	8128	56
129	8256	41
130	8385	43
131	8515	45
132	8646	61
133	8778	55
134	8911	850
135	9045	67
136	9180	49
137	9316	53
138	9453	94
139	9591	51
140	9730	47
141	9870	74
142	10011	75
143	10153	165
144	10296	79
145	10440	322
146	10585	66
147	10731	479
148	10878	55
149	11026	55
150	11175	91
151	11325	63
152	11476	94
153	11628	59
154	11781	107
155	11935	96
156	12090	80
157	12246	173
158	12403	55
159	12561	98
160	12720	86
161	12880	107
162	13041	359
163	13203	106
164	13366	116
165	13530	233
166	13695	104
167	13861	63
168	14028	95
169	14196	331
170	14365	285
171	14535	98
172	14706	78
173	14878	72
174	15051	104
175	15225	86
176	15400	114
177	15576	87
178	15753	137
179	15931	1120
180	16110	132
181	16290	386
182	16471	112
183	16653	117
184	16836	115
185	17020	360
186	17205	150
187	17391	139
188	17578	164
189	17766	116
190	17955	88
191	18145	125
192	18336	324
193	18528	135
194	18721	137
195	18915	130
196	19110	125
197	19306	133
198	19503	133
199	19701	109
200	19900	129
201	20100	90
202	20301	280
203	20503	367
204	20706	149
205	20910	145
206	21115	160
207	21321	92
208	21528	333
209	21736	167
210	21945	108
211	22155	134
212	22366	155
213	22578	100
214	22791	146
215	23005	102
216	23220	164
217	23436	146
218	23653	118
219	23871	113
220	24090	142
221	24310	151
222	24531	193
223	24753	197
224	24976	156
225	25200	424
226	25425	1102
227	25651	214
228	25878	691
229	26106	435
230	26335	884
231	26565	133
232	26796	130
233	27028	177
234	27261	245
235	27495	212
236	27730	217
237	27966	132
238	28203	427
239	28441	188
240	28680	1337
241	28920	243
242	29161	245
243	29403	243
244	29646	221
245	29890	290
246	30135	290
247	30381	192
248	30628	223
249	30876	167
250	31125	231
251	31375	150
252	31626	152
253	31878	146
254	32131	208
255	32385	198
256	32640	187
257	32896	314
258	33153	167
259	33411	240
260	33670	179
261	33930	157
262	34191	166
263	34453	254
264	34716	803
265	34980	361
266	35245	369
267	35511	222
268	35778	306
269	36046	259
270	36315	179
271	36585	475
272	36856	240
273	37128	565
274	37401	289
275	37675	237
276	37950	225
277	38226	174
278	38503	334
279	38781	175
280	39060	190
281	39340	319
282	39621	191
283	39903	290
284	40186	610
285	40470	184
286	40755	242
287	41041	195
288	41328	183
289	41616	251
290	41905	341
291	42195	465
292	42486	379
293	42778	589
294	43071	220
295	43365	330
296	43660	649
297	43956	253
298	44253	206
299	44551	1424
300	44850	233
301	45150	237
302	45451	802
303	45753	1298
304	46056	219
305	46360	294
306	46665	227
307	46971	259
308	47278	849
309	47586	1164
310	47895	364
311	48205	475
312	48516	643
313	48828	400
314	49141	396
315	49455	382
316	49770	387
317	50086	397
318	50403	392
319	50721	291
320	51040	404
321	51360	665
322	51681	246
323	52003	289
324	52326	306
325	52650	330
326	52975	1563
327	53301	391
328	53628	329
329	53956	256
330	54285	298
331	54615	261
332	54946	370
333	55278	606
334	55611	520
335	55945	398
336	56280	367
337	56616	355
338	56953	1393
339	57291	278
340	57630	388
341	57970	350
342	58311	508
343	58653	475
344	58996	384
345	59340	303
346	59685	318
347	60031	389
348	60378	315
349	60726	427
350	61075	359
351	61425	453
352	61776	279
353	62128	302
354	62481	1718
355	62835	283
356	63190	435
357	63546	478
358	63903	338
359	64261	315
360	64620	339
361	64980	526
362	65341	330
363	65703	390
364	66066	1856
365	66430	409
366	66795	318
367	67161	420
368	67528	486
369	67896	311
370	68265	402
371	68635	309
372	69006	381
373	69378	1199
374	69751	602
375	70125	299
376	70500	394
377	70876	386
378	71253	397
379	71631	511
380	72010	618
381	72390	436
382	72771	399
383	73153	347
384	73536	352
385	73920	337
386	74305	378
387	74691	402
388	75078	470
389	75466	438
390	75855	1086
391	76245	3686
392	76636	391
393	77028	533
394	77421	709
395	77815	606
396	78210	591
397	78606	386
398	79003	587
399	79401	384
400	79800	453
401	80200	499
402	80601	618
403	81003	534
404	81406	608
405	81810	2845
406	82215	420
407	82621	651
408	83028	782
409	83436	698
410	83845	1546
411	84255	2860
412	84666	361
413	85078	1560
414	85491	1018
415	85905	386
416	86320	477
417	86736	4953
418	87153	653
419	87571	436
420	87990	2009
421	88410	441
422	88831	466
423	89253	437
424	89676	407
425	90100	437
426	90525	466
427	90951	1003
428	91378	437
429	91806	620
430	92235	728
431	92665	397
432	93096	740
433	93528	4473
434	93961	914
435	94395	942
436	94830	863
437	95266	573
438	95703	826
439	96141	12346
440	96580	602
441	97020	901
442	97461	936
443	97903	603
444	98346	578
445	98790	848
446	99235	750
447	99681	747
448	100128	560
449	100576	535
450	101025	905
451	101475	886
452	101926	1440
453	102378	589
454	102831	825
455	103285	694
456	103740	668
457	104196	1593
458	104653	632
459	105111	598
460	105570	582
461	106030	586
462	106491	1229
463	106953	710
464	107416	620
465	107880	750
466	108345	628
467	108811	1198
468	109278	633
469	109746	874
470	110215	794
471	110685	641
472	111156	963
473	111628	656
474	112101	702
475	112575	987
476	113050	731
477	113526	615
478	114003	1137
479	114481	832
480	114960	815
481	115440	1657
482	115921	1146
483	116403	670
484	116886	3537
485	117370	648
486	117855	1020
487	118341	1071
488	118828	729
489	119316	701
490	119805	742
491	120295	1354
492	120786	795
493	121278	1943
494	121771	791
495	122265	1958
496	122760	4338
497	123256	1083
498	123753	1207
499	124251	1382
500	124750	1187
501	125250	1958
502	125751	1529
503	126253	763
504	126756	1607
505	127260	1210
506	127765	954
507	128271	1273
508	128778	1211
509	129286	764
510	129795	1380
511	130305	1227
512	130816	773
513	131328	1389
514	131841	1318
515	132355	1757
516	132870	3636
517	133386	922
518	133903	808
519	134421	2763
520	134940	896
521	135460	894
522	135981	1230
523	136503	818
524	137026	806
525	137550	2916
526	138075	7547
527	138601	755
528	139128	1197
529	139656	1221
530	140185	1039
531	140715	948
532	141246	1242
533	141778	11457
534	142311	1492
535	142845	1184
536	143380	3815
537	143916	1296
538	144453	868
539	144991	7579
540	145530	962
541	146070	2902
542	146611	1434
543	147153	1038
544	147696	903
545	148240	1289
546	148785	1064
547	149331	847
548	149878	858
549	150426	3698
550	150975	3700
551	151525	6120
552	152076	1078
553	152628	1137
554	153181	926
555	153735	2139
556	154290	975
557	154846	1035
558	155403	1199
559	155961	919
560	156520	972
561	157080	1054
562	157641	952
563	158203	900
564	158766	967
565	159330	1290
566	159895	934
567	160461	916
568	161028	1196
569	161596	2682
570	162165	936
571	162735	1465
572	163306	11995
573	163878	1330
574	164451	916
575	165025	1457
576	165600	1112
577	166176	1448
578	166753	1458
579	167331	935
580	167910	1438
581	168490	912
582	169071	1008
583	169653	881
584	170236	1015
585	170820	1139
586	171405	4440
587	171991	1030
588	172578	1391
589	173166	1218
590	173755	1512
591	174345	1602
592	174936	987
593	175528	1443
594	176121	1268
595	176715	1328
596	177310	1215
597	177906	1366
598	178503	1689
599	179101	1509
600	179700	1320
601	180300	1074
602	180901	1323
603	181503	1076
604	182106	1333
605	182710	1197
606	183315	1465
607	183921	9842
608	184528	1278
609	185136	3805
610	185745	1078
611	186355	2935
612	186966	1730
613	187578	4466
614	188191	1121
615	188805	1262
616	189420	1147
617	190036	1272
618	190653	2479
619	191271	1163
620	191890	1054
621	192510	1585
622	193131	1166
623	193753	1564
624	194376	1216
625	195000	1158
626	195625	1083
627	196251	1843
628	196878	8464
629	197506	1168
630	198135	10190
631	198765	1144
632	199396	1446
633	200028	1144
634	200661	1266
635	201295	1345
636	201930	1106
637	202566	1330
638	203203	1243
639	203841	1964
640	204480	1241
641	205120	1326
642	205761	1028
643	206403	1272
644	207046	1577
645	207690	1298
646	208335	1272
647	208981	1284
648	209628	1235
649	210276	1275
650	210925	1230
651	211575	2107
652	212226	1247
653	212878	1486
654	213531	1541
655	214185	6077
656	214840	11915
657	215496	1311
658	216153	1297
659	216811	1359
660	217470	1863
661	218130	1307
662	218791	1783
663	219453	1315
664	220116	1845
665	220780	1261
666	221445	1370
667	222111	1138
668	222778	1286
669	223446	1195
670	224115	1299
671	224785	1930
672	225456	1298
673	226128	1452
674	226801	1948
675	227475	1437
676	228150	2118
677	228826	1375
678	229503	1351
679	230181	1974
680	230860	1531
681	231540	1342
682	232221	1437
683	232903	1304
684	233586	1413
685	234270	1771
686	234955	1705
687	235641	1173
688	236328	2211
689	237016	1379
690	237705	1449
691	238395	5474
692	239086	1361
693	239778	1896
694	240471	1814
695	241165	3084
696	241860	1969
697	242556	2616
698	243253	1409
699	243951	3001
700	244650	1468
701	245350	1483
702	246051	2236
703	246753	1329
704	247456	1429
705	248160	2459
706	248865	10288
707	249571	1455
708	250278	2587
709	250986	2376
710	251695	8136
711	252405	1421
712	253116	1551
713	253828	1445
714	254541	1726
715	255255	1653
716	255970	1779
717	256686	2393
718	257403	1821
719	258121	2864
720	258840	1423
721	259560	1661
722	260281	1691
723	261003	1438
724	261726	8578
725	262450	2425
726	263175	1638
727	263901	7384
728	264628	1474
729	265356	1517
730	266085	1564
731	266815	1588
732	267546	1888
733	268278	1541
734	269011	1457
735	269745	2470
736	270480	2427
737	271216	2622
738	271953	4493
739	272691	2579
740	273430	1561
741	274170	5545
742	274911	2152
743	275653	2504
744	276396	2190
745	277140	1522
746	277885	1528
747	278631	1921
748	279378	1824
749	280126	1420
750	280875	1785
751	281625	1406
752	282376	2567
753	283128	1615
754	283881	1667
755	284635	1720
756	285390	6420
757	286146	1416
758	286903	1610
759	287661	1998
760	288420	1832
761	289180	1562
762	289941	2622
763	290703	9516
764	291466	1456
765	292230	1636
766	292995	2976
767	293761	1624
768	294528	2230
769	295296	2679
770	296065	12916
771	296835	1654
772	297606	2117
773	298378	2137
774	299151	1825
775	299925	1602
776	300700	12395
777	301476	2484
778	302253	1482
779	303031	1564
780	303810	1896
781	304590	2152
782	305371	1553
783	306153	3872
784	306936	1855
785	307720	2965
786	308505	7301
787	309291	2553
788	310078	1657
789	310866	1548
790	311655	3142
791	312445	2794
792	313236	1533
793	314028	1862
794	314821	2017
795	315615	1492
796	316410	2830
797	317206	12787
798	318003	1693
799	318801	2836
800	319600	2638
801	320400	4718
802	321201	1867
803	322003	1776
804	322806	1689
805	323610	8822
806	324415	1727
807	325221	1727
808	326028	1567
809	326836	2325
810	327645	1769
811	328455	1695
812	329266	1649
813	330078	1646
814	330891	2265
815	331705	1908
816	332520	2254
817	333336	3633
818	334153	1755
819	334971	1823
820	335790	7504
821	336610	2536
822	337431	2988
823	338253	2173
824	339076	2080
825	339900	3110
826	340725	7951
827	341551	3435
828	342378	1797
829	343206	1836
830	344035	1839
831	344865	3342
832	345696	1855
833	346528	1939
834	347361	1795
835	348195	2626
836	349030	10153
837	349866	2505
838	350703	1721
839	351541	1715
840	352380	1865
841	353220	1948
842	354061	1842
843	354903	1848
844	355746	2419
845	356590	1768
846	357435	2089
847	358281	3049
848	359128	1952
849	359976	2097
850	360825	1848
851	361675	3084
852	362526	3146
853	363378	1886
854	364231	1843
855	365085	6473
856	365940	1803
857	366796	1988
858	367653	1930
859	368511	1909
860	369370	1969
861	370230	3194
862	371091	2598
863	371953	2252
864	372816	3181
865	373680	2464
866	374545	3844
867	375411	2274
868	376278	4573
869	377146	3389
870	378015	3720
871	378885	2993
872	379756	2334
873	380628	2867
874	381501	2313
875	382375	2272
876	383250	2166
877	384126	2334
878	385003	4687
879	385881	6170
880	386760	2521
881	387640	2421
882	388521	2407
883	389403	2885
884	390286	2443
885	391170	3762
886	392055	20828
887	392941	2417
888	393828	6164
889	394716	2365
890	395605	2316
891	396495	2502
892	397386	2273
893	398278	2463
894	399171	2387
895	400065	2415
896	400960	4815
897	401856	2519
898	402753	2604
899	403651	6672
900	404550	2929
901	405450	2413
902	406351	2319
903	407253	9125
904	408156	2971
905	409060	17548
906	409965	2362
907	410871	2703
908	411778	7744
909	412686	5135
910	413595	2351
911	414505	4406
912	415416	2580
913	416328	2541
914	417241	2352
915	418155	2352
916	419070	2691
917	419986	9139
918	420903	3656
919	421821	2474
920	422740	11157
921	423660	18414
922	424581	4114
923	425503	2891
924	426426	2748
925	427350	3303
926	428275	2721
927	429201	3941
928	430128	2574
929	431056	2785
930	431985	2726
931	432915	3865
932	433846	2917
933	434778	3364
934	435711	6513
935	436645	2631
936	437580	2807
937	438516	2516
938	439453	2634
939	440391	2620
940	441330	2802
941	442270	8496
942	443211	4989
943	444153	2627
944	445096	2697
945	446040	12103
946	446985	2639
947	447931	4037
948	448878	7175
949	449826	2732
950	450775	3716
951	451725	3044
952	452676	2486
953	453628	5923
954	454581	6616
955	455535	4019
956	456490	4254
957	457446	5262
958	458403	6655
959	459361	13402
960	460320	2805
961	461280	4500
962	462241	12765
963	463203	3591
964	464166	2766
965	465130	9055
966	466095	4300
967	467061	2787
968	468028	3885
969	468996	2949
970	469965	2949
971	470935	2946
972	471906	9476
973	472878	2724
974	473851	3223
975	474825	2875
976	475800	3366
977	476776	3051
978	477753	3429
979	478731	2962
980	479710	2781
981	480690	5310
982	481671	3756
983	482653	2918
984	483636	2751
985	484620	2910
986	485605	5852
987	486591	2809
988	487578	2930
989	488566	2834
990	489555	2953
991	490545	4739
992	491536	4521
993	492528	2934
994	493521	5095
995	494515	2998
996	495510	5799
997	496506	3565
998	497503	7440
999	498501	4266
1000	499500	2768
1001	500500	5021
1002	501501	7729
1003	502503	3332
1004	503506	3277
1005	504510	3179
1006	505515	3949
1007	506521	3519
1008	507528	2832
1009	508536	2928
1010	509545	2965
1011	510555	6330
1012	511566	3134
1013	512578	3006
1014	513591	2989
1015	514605	3442
1016	515620	3103
1017	516636	2852
1018	517653	4095
1019	518671	10242
1020	519690	3289
1021	520710	4419
1022	521731	6723
1023	522753	5046
1024	523776	4720
1025	524800	2778
1026	525825	2796
1027	526851	6267
1028	527878	2920
1029	528906	2748
1030	529935	2973
1031	530965	2801
1032	531996	4378
1033	533028	2818
1034	534061	6993
1035	535095	3256
1036	536130	2744
1037	537166	3055
1038	538203	6319
1039	539241	3162
1040	540280	3428
1041	541320	3067
1042	542361	7644
1043	543403	3534
1044	544446	2997
1045	545490	21831
1046	546535	7816
1047	547581	3006
1048	548628	2886
1049	549676	3141
1050	550725	3056
1051	551775	3024
1052	552826	4009
1053	553878	2813
1054	554931	4465
1055	555985	3351
1056	557040	2846
1057	558096	5779
1058	559153	2960
1059	560211	5452
1060	561270	3344
1061	562330	3224
1062	563391	3392
1063	564453	4581
1064	565516	3192
1065	566580	3467
1066	567645	3229
1067	568711	3426
1068	569778	6295
1069	570846	3807
1070	571915	4606
1071	572985	5113
1072	574056	4144
1073	575128	4468
1074	576201	4555
1075	577275	5664
1076	578350	4078
1077	579426	3015
1078	580503	21939
1079	581581	3150
1080	582660	6928
1081	583740	3428
1082	584821	3275
1083	585903	3209
1084	586986	6012
1085	588070	4697
1086	589155	5992
1087	590241	3816
1088	591328	5501
1089	592416	2961
1090	593505	4710
1091	594595	3174
1092	595686	3104
1093	596778	4736
1094	597871	3230
1095	598965	3155
1096	600060	3021
1097	601156	4659
1098	602253	3273
1099	603351	3109
1100	604450	3318
1101	605550	3207
1102	606651	4061
1103	607753	3778
1104	608856	3133
1105	609960	5431
1106	611065	3192
1107	612171	3285
1108	613278	3430
1109	614386	3183
1110	615495	4279
1111	616605	4953
1112	617716	3374
1113	618828	3197
1114	619941	9147
1115	621055	21989
1116	622170	3904
1117	623286	8149
1118	624403	3450
1119	625521	2996
1120	626640	3230
1121	627760	7967
1122	628881	5634
1123	630003	48407
1124	631126	3496
1125	632250	6786
1126	633375	3289
1127	634501	7312
1128	635628	3194
1129	636756	3318
1130	637885	11647
1131	639015	5153
1132	640146	3349
1133	641278	5050
1134	642411	3320
1135	643545	3451
1136	644680	3480
1137	645816	3596
1138	646953	3714
1139	648091	3492
1140	649230	3414
1141	650370	4468
1142	651511	3303
1143	652653	8575
1144	653796	3488
1145	654940	4030
1146	656085	5354
1147	657231	3324
1148	658378	5207
1149	659526	5143
1150	660675	3392
1151	661825	4071
1152	662976	3584
1153	664128	3336
1154	665281	3741
1155	666435	3372
1156	667590	15943
1157	668746	3750
1158	669903	5167
1159	671061	3842
1160	672220	5458
1161	673380	5487
1162	674541	3683
1163	675703	3618
1164	676866	5429
1165	678030	3812
1166	679195	4792
1167	680361	3575
1168	681528	3495
1169	682696	3830
1170	683865	4052
1171	685035	3578
1172	686206	3423
1173	687378	3911
1174	688551	3802
1175	689725	4556
1176	690900	3640
1177	692076	4853
1178	693253	3672
1179	694431	5501
1180	695610	3458
1181	696790	3661
1182	697971	3424
1183	699153	3659
1184	700336	3445
1185	701520	5757
1186	702705	8089
1187	703891	3651
1188	705078	3767
1189	706266	3433
1190	707455	5526
1191	708645	4700
1192	709836	5660
1193	711028	3539
1194	712221	4173
1195	713415	3851
1196	714610	10434
1197	715806	3903
1198	717003	3634
1199	718201	3836
1200	719400	4051
1201	720600	4059
1202	721801	4952
1203	723003	3651
1204	724206	5588
1205	725410	3348
1206	726615	6405
1207	727821	16290
1208	729028	5677
1209	730236	3768
1210	731445	6561
1211	732655	3987
1212	733866	7539
1213	735078	5215
1214	736291	4760
1215	737505	6750
1216	738720	4484
1217	739936	5130
1218	741153	5755
1219	742371	4848
1220	743590	6743
1221	744810	11984
1222	746031	11694
1223	747253	5049
1224	748476	6003
1225	749700	5151
1226	750925	6133
1227	752151	6094
1228	753378	5520
1229	754606	4063
1230	755835	5506
1231	757065	3960
1232	758296	6004
1233	759528	3914
1234	760761	3978
1235	761995	7599
1236	763230	4024
1237	764466	4078
1238	765703	4371
1239	766941	6064
1240	768180	10648
1241	769420	8166
1242	770661	4276
1243	771903	4688
1244	773146	4470
1245	774390	4739
1246	775635	6172
1247	776881	8386
1248	778128	4326
1249	779376	4119
1250	780625	4141
1251	781875	4725
1252	783126	4160
1253	784378	6174
1254	785631	4931
1255	786885	4591
1256	788140	4832
1257	789396	4249
1258	790653	6390
1259	791911	4520
1260	793170	6166
1261	794430	5545
1262	795691	8210
1263	796953	5402
1264	798216	6217
1265	799480	6211
1266	800745	4257
1267	802011	5777
1268	803278	4275
1269	804546	4823
1270	805815	8499
1271	807085	3854
1272	808356	6025
1273	809628	6510
1274	810901	4573
1275	812175	4121
1276	813450	4190
1277	814726	6081
1278	816003	4799
1279	817281	4250
1280	818560	6395
1281	819840	7320
1282	821121	4579
1283	822403	5336
1284	823686	5197
1285	824970	4033
1286	826255	7175
1287	827541	4634
1288	828828	7045
1289	830116	4965
1290	831405	5422
1291	832695	4538
1292	833986	18144
1293	835278	4331
1294	836571	4368
1295	837865	6806
1296	839160	44708
1297	840456	6869
1298	841753	4778
1299	843051	4608
1300	844350	4450
1301	845650	6837
1302	846951	4507
1303	848253	4750
1304	849556	4522
1305	850860	4722
1306	852165	4464
1307	853471	6772
1308	854778	4689
1309	856086	5025
1310	857395	4432
1311	858705	4960
1312	860016	7029
1313	861328	4974
1314	862641	4594
1315	863955	4334
1316	865270	10967
1317	866586	4596
1318	867903	4574
1319	869221	5010
1320	870540	7358
1321	871860	14589
1322	873181	5278
1323	874503	8320
1324	875826	4609
1325	877150	4758
1326	878475	8270
1327	879801	19541
1328	881128	4625
1329	882456	6252
1330	883785	4975
1331	885115	4605
1332	886446	19781
1333	887778	5073
1334	889111	4647
1335	890445	4864
1336	891780	4960
1337	893116	4854
1338	894453	7122
1339	895791	6528
1340	897130	4821
1341	898470	4645
1342	899811	5576
1343	901153	4622
1344	902496	7223
1345	903840	4787
1346	905185	4865
1347	906531	4858
1348	907878	4920
1349	909226	14240
1350	910575	6986
1351	911925	7562
1352	913276	8129
1353	914628	11278
1354	915981	10363
1355	917335	4838
1356	918690	4690
1357	920046	6906
1358	921403	7105
1359	922761	9753
1360	924120	4933
1361	925480	6701
1362	926841	8062
1363	928203	5590
1364	929566	8483
1365	930930	8114
1366	932295	5230
1367	933661	6842
1368	935028	5685
1369	936396	5374
1370	937765	7889
1371	939135	4989
1372	940506	7715
1373	941878	5443
1374	943251	12679
1375	944625	8141
1376	946000	5698
1377	947376	7175
1378	948753	5605
1379	950131	6065
1380	951510	26170
1381	952890	5490
1382	954271	6992
1383	955653	7290
1384	957036	5181
1385	958420	7885
1386	959805	5630
1387	961191	8455
1388	962578	6144
1389	963966	5786
1390	965355	5866
1391	966745	6937
1392	968136	6869
1393	969528	5629
1394	970921	5417
1395	972315	5422
1396	973710	5623
1397	975106	5547
1398	976503	5787
1399	977901	8257
1400	979300	5832
1401	980700	6396
1402	982101	5939
1403	983503	7765
1404	984906	8169
1405	986310	7337
1406	987715	8260
1407	989121	5644
1408	990528	5520
1409	991936	8831
1410	993345	6861
1411	994755	5877
1412	996166	6989
1413	997578	6937
1414	998991	5658
1415	1000405	5811
1416	1001820	8528
1417	1003236	5631
1418	1004653	5550
1419	1006071	6615
1420	1007490	6246
1421	1008910	7148
1422	1010331	7059
1423	1011753	5930
1424	1013176	13996
1425	1014600	6517
1426	1016025	8913
1427	1017451	8874
1428	1018878	5644
1429	1020306	6713
1430	1021735	5370
1431	1023165	7262
1432	1024596	5934
1433	1026028	6202
1434	1027461	8820
1435	1028895	6297
1436	1030330	6142
1437	1031766	8962
1438	1033203	7565
1439	1034641	6149
1440	1036080	5948
1441	1037520	5815
1442	1038961	11618
1443	1040403	5942
1444	1041846	5646
1445	1043290	8309
1446	1044735	10327
1447	1046181	31429
1448	1047628	6360
1449	1049076	6338
1450	1050525	5844
1451	1051975	5807
1452	1053426	8400
1453	1054878	6083
1454	1056331	5910
1455	1057785	6116
1456	1059240	5955
1457	1060696	6163
1458	1062153	7616
1459	1063611	6000
1460	1065070	8844
1461	1066530	17324
1462	1067991	6380
1463	1069453	6111
1464	1070916	6331
1465	1072380	9372
1466	1073845	10030
1467	1075311	5899
1468	1076778	7111
1469	1078246	6168
1470	1079715	14291
1471	1081185	6660
1472	1082656	11435
1473	1084128	7255
1474	1085601	9070
1475	1087075	6257
1476	1088550	6113
1477	1090026	6129
1478	1091503	8836
1479	1092981	7317
1480	1094460	5724
1481	1095940	11894
1482	1097421	6248
1483	1098903	6322
1484	1100386	9322
1485	1101870	6166
1486	1103355	6372
1487	1104841	10856
1488	1106328	6236
1489	1107816	5990
1490	1109305	6618
1491	1110795	12951
1492	1112286	6158
1493	1113778	5909
1494	1115271	7731
1495	1116765	6641
1496	1118260	7943
1497	1119756	15295
1498	1121253	13711
1499	1122751	11886
1500	1124250	12991
1501	1125750	7719
1502	1127251	13675
1503	1128753	6460
1504	1130256	7813
1505	1131760	6293
1506	1133265	6270
1507	1134771	6283
1508	1136278	6566
1509	1137786	8553
1510	1139295	11258
1511	1140805	7159
1512	1142316	6695
1513	1143828	6401
1514	1145341	7902
1515	1146855	6529
1516	1148370	6241
1517	1149886	6631
1518	1151403	6665
1519	1152921	8103
1520	1154440	7538
1521	1155960	9773
1522	1157481	13626
1523	1159003	18120
1524	1160526	9655
1525	1162050	8738
1526	1163575	6749
1527	1165101	7604
1528	1166628	12442
1529	1168156	12145
1530	1169685	6491
1531	1171215	9601
1532	1172746	6704
1533	1174278	8120
1534	1175811	6616
1535	1177345	7576
1536	1178880	6511
1537	1180416	6821
1538	1181953	6246
1539	1183491	8325
1540	1185030	6176
1541	1186570	6582
1542	1188111	9666
1543	1189653	47239
1544	1191196	9931
1545	1192740	7050
1546	1194285	7509
1547	1195831	6221
1548	1197378	7107
1549	1198926	6545
1550	1200475	18391
1551	1202025	6442
1552	1203576	10189
1553	1205128	6724
1554	1206681	6540
1555	1208235	7818
1556	1209790	6222
1557	1211346	6451
1558	1212903	9575
1559	1214461	9507
1560	1216020	21436
1561	1217580	7993
1562	1219141	10187
1563	1220703	6605
1564	1222266	6275
1565	1223830	6123
1566	1225395	9522
1567	1226961	7039
1568	1228528	6862
1569	1230096	6295
1570	1231665	10180
1571	1233235	10503
1572	1234806	8470
1573	1236378	7639
1574	1237951	5991
1575	1239525	6519
1576	1241100	5930
1577	1242676	6630
1578	1244253	8441
1579	1245831	13970
1580	1247410	17278
1581	1248990	6945
1582	1250571	10267
1583	1252153	11947
1584	1253736	14325
1585	1255320	6743
1586	1256905	9905
1587	1258491	6916
1588	1260078	6689
1589	1261666	13490
1590	1263255	7559
1591	1264845	10450
1592	1266436	8353
1593	1268028	6667
1594	1269621	6435
1595	1271215	6488
1596	1272810	8208
1597	1274406	6601
1598	1276003	8825
1599	1277601	10172
1600	1279200	6818
1601	1280800	7959
1602	1282401	10667
1603	1284003	8394
1604	1285606	6715
1605	1287210	7112
1606	1288815	6881
1607	1290421	13483
1608	1292028	12540
1609	1293636	7135
1610	1295245	10533
1611	1296855	6663
1612	1298466	8217
1613	1300078	6804
1614	1301691	10247
1615	1303305	7006
1616	1304920	7384
1617	1306536	9643
1618	1308153	9777
1619	1309771	10414
1620	1311390	6771
1621	1313010	10439
1622	1314631	6935
1623	1316253	6834
1624	1317876	7034
1625	1319500	7718
1626	1321125	7993
1627	1322751	7154
1628	1324378	7108
1629	1326006	8260
1630	1327635	7291
1631	1329265	6735
1632	1330896	7157
1633	1332528	7992
1634	1334161	9802
1635	1335795	8231
1636	1337430	7163
1637	1339066	7041
1638	1340703	8230
1639	1342341	7945
1640	1343980	13960
1641	1345620	7047
1642	1347261	6910
1643	1348903	7173
1644	1350546	7035
1645	1352190	9338
1646	1353835	7134
1647	1355481	7114
1648	1357128	7116
1649	1358776	8413
1650	1360425	7351
1651	1362075	13503
1652	1363726	12996
1653	1365378	17646
1654	1367031	7290
1655	1368685	7451
1656	1370340	14330
1657	1371996	9281
1658	1373653	9590
1659	1375311	9142
1660	1376970	7229
1661	1378630	7043
1662	1380291	7047
1663	1381953	7223
1664	1383616	28468
1665	1385280	8026
1666	1386945	7121
1667	1388611	10794
1668	1390278	14615
1669	1391946	19077
1670	1393615	7600
1671	1395285	10942
1672	1396956	7054
1673	1398628	7386
1674	1400301	7338
1675	1401975	7791
1676	1403650	11272
1677	1405326	7436
1678	1407003	6973
1679	1408681	10917
1680	1410360	11020
1681	1412040	7377
1682	1413721	7187
1683	1415403	7214
1684	1417086	7332
1685	1418770	7760
1686	1420455	9030
1687	1422141	8253
1688	1423828	8252
1689	1425516	7220
1690	1427205	12315
1691	1428895	19154
1692	1430586	12301
1693	1432278	12220
1694	1433971	14595
1695	1435665	7323
1696	1437360	11504
1697	1439056	26373
1698	1440753	21801
1699	1442451	10676
1700	1444150	7591
1701	1445850	7501
1702	1447551	7458
1703	1449253	8512
1704	1450956	11632
1705	1452660	7993
1706	1454365	7742
1707	1456071	7231
1708	1457778	19444
1709	1459486	7514
1710	1461195	11339
1711	1462905	11364
1712	1464616	23473
1713	1466328	11534
1714	1468041	9604
1715	1469755	7745
1716	1471470	7897
1717	1473186	17136
1718	1474903	10064
1719	1476621	11637
1720	1478340	8109
1721	1480060	7354
1722	1481781	13110
1723	1483503	11465
1724	1485226	11959
1725	1486950	14870
1726	1488675	7930
1727	1490401	8010
1728	1492128	7953
1729	1493856	7632
1730	1495585	7450
1731	1497315	11380
1732	1499046	7525
1733	1500778	11074
1734	1502511	7856
1735	1504245	7791
1736	1505980	7583
1737	1507716	17573
1738	1509453	7626
1739	1511191	11613
1740	1512930	7948
1741	1514670	12061
1742	1516411	13180
1743	1518153	7753
1744	1519896	7737
1745	1521640	7851
1746	1523385	7619
1747	1525131	12259
1748	1526878	15622
1749	1528626	8417
1750	1530375	15581
1751	1532125	8249
1752	1533876	9653
1753	1535628	12260
1754	1537381	11178
1755	1539135	7995
1756	1540890	8188
1757	1542646	7265
1758	1544403	10016
1759	1546161	7785
1760	1547920	7828
1761	1549680	7919
1762	1551441	10614
1763	1553203	22092
1764	1554966	8164
1765	1556730	12453
1766	1558495	7728
1767	1560261	7866
1768	1562028	9077
1769	1563796	8149
1770	1565565	7493
1771	1567335	8982
1772	1569106	9812
1773	1570878	11946
1774	1572651	17792
1775	1574425	12188
1776	1576200	8018
1777	1577976	8185
1778	1579753	7817
1779	1581531	7853
1780	1583310	9196
1781	1585090	7544
1782	1586871	11580
1783	1588653	15645
1784	1590436	7936
1785	1592220	13144
1786	1594005	8219
1787	1595791	8298
1788	1597578	12170
1789	1599366	8172
1790	1601155	16125
1791	1602945	8188
1792	1604736	8056
1793	1606528	14560
1794	1608321	19290
1795	1610115	14837
1796	1611910	9877
1797	1613706	9385
1798	1615503	10354
1799	1617301	10230
1800	1619100	10342
1801	1620900	10569
1802	1622701	12747
1803	1624503	9731
1804	1626306	13605
1805	1628110	10419
1806	1629915	18763
1807	1631721	13654
1808	1633528	11386
1809	1635336	17576
1810	1637145	10639
1811	1638955	13868
1812	1640766	15284
1813	1642578	29757
1814	1644391	8820
1815	1646205	13062
1816	1648020	10765
1817	1649836	15346
1818	1651653	15866
1819	1653471	10988
1820	1655290	10864
1821	1657110	24354
1822	1658931	10856
1823	1660753	9662
1824	1662576	10443
1825	1664400	9829
1826	1666225	15657
1827	1668051	13621
1828	1669878	18821
1829	1671706	10416
1830	1673535	11222
1831	1675365	11410
1832	1677196	17299
1833	1679028	11034
1834	1680861	10205
1835	1682695	14181
1836	1684530	17416
1837	1686366	14989
1838	1688203	15869
1839	1690041	12663
1840	1691880	12767
1841	1693720	10759
1842	1695561	10621
1843	1697403	22709
1844	1699246	11357
1845	1701090	12085
1846	1702935	10357
1847	1704781	9799
1848	1706628	21424
1849	1708476	10987
1850	1710325	25151
1851	1712175	10990
1852	1714026	11228
1853	1715878	10368
1854	1717731	15403
1855	1719585	16039
1856	1721440	11545
1857	1723296	15590
1858	1725153	16579
1859	1727011	10236
1860	1728870	15682
1861	1730730	10223
1862	1732591	24850
1863	1734453	9822
1864	1736316	10202
1865	1738180	15602
1866	1740045	11141
1867	1741911	10448
1868	1743778	13950
1869	1745646	25720
1870	1747515	9646
1871	1749385	11883
1872	1751256	11052
1873	1753128	9955
1874	1755001	10749
1875	1756875	10779
1876	1758750	11195
1877	1760626	16610
1878	1762503	13970
1879	1764381	10745
1880	1766260	12158
1881	1768140	16257
1882	1770021	11257
1883	1771903	10381
1884	1773786	21333
1885	1775670	22452
1886	1777555	18628
1887	1779441	16537
1888	1781328	11356
1889	1783216	15001
1890	1785105	11156
1891	1786995	16316
1892	1788886	18068
1893	1790778	11810
1894	1792671	16428
1895	1794565	29412
1896	1796460	12095
1897	1798356	10590
1898	1800253	10949
1899	1802151	15601
1900	1804050	27463
1901	1805950	9690
1902	1807851	10612
1903	1809753	15021
1904	1811656	17333
1905	1813560	17960
1906	1815465	12942
1907	1817371	15022
1908	1819278	9410
1909	1821186	10908
1910	1823095	10044
1911	1825005	11071
1912	1826916	16334
1913	1828828	16339
1914	1830741	22610
1915	1832655	27575
1916	1834570	10797
1917	1836486	15083
1918	1838403	15508
1919	1840321	11256
1920	1842240	12812
1921	1844160	24051
1922	1846081	11408
1923	1848003	11852
1924	1849926	15067
1925	1851850	11529
1926	1853775	29339
1927	1855701	23303
1928	1857628	19284
1929	1859556	14461
1930	1861485	43570
1931	1863415	12048
1932	1865346	27396
1933	1867278	11527
1934	1869211	11176
1935	1871145	13587
1936	1873080	19972
1937	1875016	13800
1938	1876953	13798
1939	1878891	24374
1940	1880830	14338
1941	1882770	11760
1942	1884711	10939
1943	1886653	16338
1944	1888596	12306
1945	1890540	16539
1946	1892485	16817
1947	1894431	18166
1948	1896378	12542
1949	1898326	19012
1950	1900275	15735
1951	1902225	21309
1952	1904176	11462
1953	1906128	11441
1954	1908081	17836
1955	1910035	15718
1956	1911990	15283
1957	1913946	17456
1958	1915903	11600
1959	1917861	17337
1960	1919820	13584
1961	1921780	12427
1962	1923741	11860
1963	1925703	17392
1964	1927666	26372
1965	1929630	14307
1966	1931595	17173
1967	1933561	11647
1968	1935528	23234
1969	1937496	11234
1970	1939465	11317
1971	1941435	11757
1972	1943406	9986
1973	1945378	10646
1974	1947351	16901
1975	1949325	21518
1976	1951300	17375
1977	1953276	12162
1978	1955253	12455
1979	1957231	15682
1980	1959210	24478
1981	1961190	12398
1982	1963171	10984
1983	1965153	25085
1984	1967136	12168
1985	1969120	13061
1986	1971105	13191
1987	1973091	16551
1988	1975078	12300
1989	1977066	12417
1990	1979055	16835
1991	1981045	12521
1992	1983036	12839
1993	1985028	21692
1994	1987021	11923
1995	1989015	12811
1996	1991010	16509
1997	1993006	12407
1998	1995003	17920
1999	1997001	18492
2000	1999000	18477
2001	2001000	20132
2002	2003001	23499
2003	2005003	13726
2004	2007006	10702
2005	2009010	18173
2006	2011015	30819
2007	2013021	11931
2008	2015028	14611
2009	2017036	16961
2010	2019045	11700
2011	2021055	17198
2012	2023066	16535
2013	2025078	16312
2014	2027091	12474
2015	2029105	11846
2016	2031120	18462
2017	2033136	13433
2018	2035153	16737
2019	2037171	12383
2020	2039190	18398
2021	2041210	12523
2022	2043231	21198
2023	2045253	19259
2024	2047276	22508
2025	2049300	10412
2026	2051325	16451
2027	2053351	22319
2028	2055378	16540
2029	2057406	12338
2030	2059435	12253
2031	2061465	12290
2032	2063496	21181
2033	2065528	19235
2034	2067561	20129
2035	2069595	12941
2036	2071630	12945
2037	2073666	24960
2038	2075703	12210
2039	2077741	12536
2040	2079780	18469
2041	2081820	13036
2042	2083861	11004
2043	2085903	13117
2044	2087946	14082
2045	2089990	13147
2046	2092035	18703
2047	2094081	18552
2048	2096128	19866
2049	2098176	15163
2050	2100225	10919
2051	2102275	11241
2052	2104326	16731
2053	2106378	11586
2054	2108431	13029
2055	2110485	16512
2056	2112540	11609
2057	2114596	16673
2058	2116653	12753
2059	2118711	10929
2060	2120770	11001
2061	2122830	16857
2062	2124891	11225
2063	2126953	21210
2064	2129016	17037
2065	2131080	12432
2066	2133145	11159
2067	2135211	10946
2068	2137278	13624
2069	2139346	13823
2070	2141415	11891
2071	2143485	15840
2072	2145556	18674
2073	2147628	17420
2074	2149701	10923
2075	2151775	17543
2076	2153850	11281
2077	2155926	17648
2078	2158003	11719
2079	2160081	16851
2080	2162160	13804
2081	2164240	17274
2082	2166321	18573
2083	2168403	12743
2084	2170486	17236
2085	2172570	16860
2086	2174655	18355
2087	2176741	31073
2088	2178828	28107
2089	2180916	30834
2090	2183005	24641
2091	2185095	18266
2092	2187186	11711
2093	2189278	19587
2094	2191371	12957
2095	2193465	11888
2096	2195560	11624
2097	2197656	11383
2098	2199753	11863
2099	2201851	17175
2100	2203950	35396
2101	2206050	11316
2102	2208151	19636
2103	2210253	16998
2104	2212356	24687
2105	2214460	28382
2106	2216565	17190
2107	2218671	14985
2108	2220778	18479
2109	2222886	25532
2110	2224995	35087
2111	2227105	17900
2112	2229216	35800
2113	2231328	17630
2114	2233441	13208
2115	2235555	47366
2116	2237670	11463
2117	2239786	14893
2118	2241903	19205
2119	2244021	18412
2120	2246140	15926
2121	2248260	22607
2122	2250381	26848
2123	2252503	17271
2124	2254626	12104
2125	2256750	12020
2126	2258875	20943
2127	2261001	12677
2128	2263128	13226
2129	2265256	36207
2130	2267385	11810
2131	2269515	20467
2132	2271646	24440
2133	2273778	17371
2134	2275911	23317
2135	2278045	21084
2136	2280180	30646
2137	2282316	17978
2138	2284453	13883
2139	2286591	17648
2140	2288730	13262
2141	2290870	11671
2142	2293011	13698
2143	2295153	11641
2144	2297296	14334
2145	2299440	22421
2146	2301585	11899
2147	2303731	29706
2148	2305878	12188
2149	2308026	17563
2150	2310175	12153
2151	2312325	12993
2152	2314476	11849
2153	2316628	18280
2154	2318781	12203
2155	2320935	22012
2156	2323090	12677
2157	2325246	11816
2158	2327403	14238
2159	2329561	17809
2160	2331720	12169
2161	2333880	18239
2162	2336041	14859
2163	2338203	29413
2164	2340366	27895
2165	2342530	13187
2166	2344695	20755
2167	2346861	11932
2168	2349028	13847
2169	2351196	13564
2170	2353365	20884
2171	2355535	12936
2172	2357706	13862
2173	2359878	12451
2174	2362051	16216
2175	2364225	12182
2176	2366400	11681
2177	2368576	12110
2178	2370753	12574
2179	2372931	32872
2180	2375110	18844
2181	2377290	27930
2182	2379471	14157
2183	2381653	12724
2184	2383836	12770
2185	2386020	12483
2186	2388205	11511
2187	2390391	13766
2188	2392578	22319
2189	2394766	13692
2190	2396955	24725
2191	2399145	18689
2192	2401336	12005
2193	2403528	20518
2194	2405721	24250
2195	2407915	21867
2196	2410110	18492
2197	2412306	18428
2198	2414503	13797
2199	2416701	13456
2200	2418900	18424
2201	2421100	12760
2202	2423301	21030
2203	2425503	24410
2204	2427706	17181
2205	2429910	30862
2206	2432115	11431
2207	2434321	13073
2208	2436528	12809
2209	2438736	17756
2210	2440945	22791
2211	2443155	13472
2212	2445366	18124
2213	2447578	17371
2214	2449791	20553
2215	2452005	23458
2216	2454220	13175
2217	2456436	13061
2218	2458653	12724
2219	2460871	19899
2220	2463090	12809
2221	2465310	13275
2222	2467531	14516
2223	2469753	12958
2224	2471976	19265
2225	2474200	12542
2226	2476425	12419
2227	2478651	12065
2228	2480878	23138
2229	2483106	12894
2230	2485335	12676
2231	2487565	12157
2232	2489796	12987
2233	2492028	14469
2234	2494261	13368
2235	2496495	19804
2236	2498730	12736
2237	2500966	20154
2238	2503203	14138
2239	2505441	19027
2240	2507680	13053
2241	2509920	20886
2242	2512161	30436
2243	2514403	19443
2244	2516646	13080
2245	2518890	13238
2246	2521135	13401
2247	2523381	14169
2248	2525628	19892
2249	2527876	12551
2250	2530125	13295
2251	2532375	13032
2252	2534626	13160
2253	2536878	18422
2254	2539131	19912
2255	2541385	23315
2256	2543640	13441
2257	2545896	19740
2258	2548153	20102
2259	2550411	20902
2260	2552670	14062
2261	2554930	23553
2262	2557191	13223
2263	2559453	14944
2264	2561716	12868
2265	2563980	13045
2266	2566245	20549
2267	2568511	12995
2268	2570778	13305
2269	2573046	14215
2270	2575315	13497
2271	2577585	18640
2272	2579856	14794
2273	2582128	13436
2274	2584401	18514
2275	2586675	16131
2276	2588950	21359
2277	2591226	21122
2278	2593503	20686
2279	2595781	22898
2280	2598060	23946
2281	2600340	21119
2282	2602621	13689
2283	2604903	14323
2284	2607186	22664
2285	2609470	28422
2286	2611755	23137
2287	2614041	23792
2288	2616328	21309
2289	2618616	13539
2290	2620905	20650
2291	2623195	13132
2292	2625486	15111
2293	2627778	13870
2294	2630071	20410
2295	2632365	13652
2296	2634660	13461
2297	2636956	17018
2298	2639253	13753
2299	2641551	13618
2300	2643850	20498
2301	2646150	21420
2302	2648451	13707
2303	2650753	20725
2304	2653056	14589
2305	2655360	14733
2306	2657665	36742
2307	2659971	13739
2308	2662278	13890
2309	2664586	21073
2310	2666895	14036
2311	2669205	14265
2312	2671516	14651
2313	2673828	20666
2314	2676141	21732
2315	2678455	14459
2316	2680770	20647
2317	2683086	13926
2318	2685403	16055
2319	2687721	17369
2320	2690040	14242
2321	2692360	21075
2322	2694681	21640
2323	2697003	17561
2324	2699326	22324
2325	2701650	14262
2326	2703975	23879
2327	2706301	15040
2328	2708628	16187
2329	2710956	21402
2330	2713285	22579
2331	2715615	51292
2332	2717946	14564
2333	2720278	14052
2334	2722611	14567
2335	2724945	16030
2336	2727280	14802
2337	2729616	20343
2338	2731953	21586
2339	2734291	21387
2340	2736630	21597
2341	2738970	32834
2342	2741311	30968
2343	2743653	21099
2344	2745996	37117
2345	2748340	14354
2346	2750685	17356
2347	2753031	14341
2348	2755378	14289
2349	2757726	14231
2350	2760075	19971
2351	2762425	13739
2352	2764776	14047
2353	2767128	17031
2354	2769481	13925
2355	2771835	15743
2356	2774190	14665
2357	2776546	14801
2358	2778903	14216
2359	2781261	22616
2360	2783620	46523
2361	2785980	21628
2362	2788341	22450
2363	2790703	14272
2364	2793066	14153
2365	2795430	23361
2366	2797795	14774
2367	2800161	15213
2368	2802528	22499
2369	2804896	36608
2370	2807265	15775
2371	2809635	20842
2372	2812006	15281
2373	2814378	14800
2374	2816751	14456
2375	2819125	14991
2376	2821500	17195
2377	2823876	19234
2378	2826253	14613
2379	2828631	22709
2380	2831010	20791
2381	2833390	28839
2382	2835771	22097
2383	2838153	19394
2384	2840536	23950
2385	2842920	24456
2386	2845305	31437
2387	2847691	15544
2388	2850078	18056
2389	2852466	16721
2390	2854855	24683
2391	2857245	15607
2392	2859636	16349
2393	2862028	31224
2394	2864421	16459
2395	2866815	15567
2396	2869210	15885
2397	2871606	21524
2398	2874003	16966
2399	2876401	16942
2400	2878800	29045
2401	2881200	45843
2402	2883601	34413
2403	2886003	43414
2404	2888406	16046
2405	2890810	18814
2406	2893215	24197
2407	2895621	16347
2408	2898028	24247
2409	2900436	25099
2410	2902845	61159
2411	2905255	16377
2412	2907666	33365
2413	2910078	68365
2414	2912491	15583
2415	2914905	19347
2416	2917320	16090
2417	2919736	18808
2418	2922153	15285
2419	2924571	18300
2420	2926990	19684
2421	2929410	19452
2422	2931831	16144
2423	2934253	18909
2424	2936676	16605
2425	2939100	24297
2426	2941525	23817
2427	2943951	24845
2428	2946378	24941
2429	2948806	29724
2430	2951235	23063
2431	2953665	16427
2432	2956096	15752
2433	2958528	24909
2434	2960961	25829
2435	2963395	48243
2436	2965830	16527
2437	2968266	24519
2438	2970703	16075
2439	2973141	16622
2440	2975580	25122
2441	2978020	16683
2442	2980461	18021
2443	2982903	24807
2444	2985346	25497
2445	2987790	18592
2446	2990235	36285
2447	2992681	16573
2448	2995128	23869
2449	2997576	24110
2450	3000025	27535
2451	3002475	17450
2452	3004926	16602
2453	3007378	19662
2454	3009831	44481
2455	3012285	27112
2456	3014740	26902
2457	3017196	16475
2458	3019653	17646
2459	3022111	25754
2460	3024570	16271
2461	3027030	16916
2462	3029491	39500
2463	3031953	17648
2464	3034416	35452
2465	3036880	17798
2466	3039345	30407
2467	3041811	17104
2468	3044278	30251
2469	3046746	32388
2470	3049215	50623
2471	3051685	18457
2472	3054156	25734
2473	3056628	30155
2474	3059101	17049
2475	3061575	21646
2476	3064050	25434
2477	3066526	23397
2478	3069003	16075
2479	3071481	28899
2480	3073960	25506
2481	3076440	16619
2482	3078921	16347
2483	3081403	29873
2484	3083886	17609
2485	3086370	18558
2486	3088855	15613
2487	3091341	17525
2488	3093828	28523
2489	3096316	24180
2490	3098805	23059
2491	3101295	20763
2492	3103786	19598
2493	3106278	18650
2494	3108771	47802
2495	3111265	18542
2496	3113760	26323
2497	3116256	24062
2498	3118753	29539
2499	3121251	25975
2500	3123750	25563
2501	3126250	29140
2502	3128751	17459
2503	3131253	16191
2504	3133756	16452
2505	3136260	16873
2506	3138765	17741
2507	3141271	17821
2508	3143778	23765
2509	3146286	17401
2510	3148795	38396
2511	3151305	18114
2512	3153816	17526
2513	3156328	26793
2514	3158841	25469
2515	3161355	40075
2516	3163870	17992
2517	3166386	23223
2518	3168903	24469
2519	3171421	44122
2520	3173940	18265
2521	3176460	26218
2522	3178981	17665
2523	3181503	68728
2524	3184026	50955
2525	3186550	17967
2526	3189075	17966
2527	3191601	21226
2528	3194128	17865
2529	3196656	17292
2530	3199185	33391
2531	3201715	18617
2532	3204246	17747
2533	3206778	17220
2534	3209311	18328
2535	3211845	26582
2536	3214380	22775
2537	3216916	27052
2538	3219453	26920
2539	3221991	17836
2540	3224530	18286
2541	3227070	17840
2542	3229611	18847
2543	3232153	18012
2544	3234696	21627
2545	3237240	27402
2546	3239785	18528
2547	3242331	18878
2548	3244878	40049
2549	3247426	18159
2550	3249975	18280
2551	3252525	18061
2552	3255076	18138
2553	3257628	40619
2554	3260181	18916
2555	3262735	27150
2556	3265290	18239
2557	3267846	19030
2558	3270403	31478
2559	3272961	26628
2560	3275520	25380
2561	3278080	28585
2562	3280641	19662
2563	3283203	27256
2564	3285766	29080
2565	3288330	18233
2566	3290895	20916
2567	3293461	17583
2568	3296028	18424
2569	3298596	28217
2570	3301165	17870
2571	3303735	26863
2572	3306306	47298
2573	3308878	19167
2574	3311451	21686
2575	3314025	18649
2576	3316600	19807
2577	3319176	17886
2578	3321753	45013
2579	3324331	16820
2580	3326910	16901
2581	3329490	17765
2582	3332071	26933
2583	3334653	23740
2584	3337236	18140
2585	3339820	47128
2586	3342405	18104
2587	3344991	17752
2588	3347578	19275
2589	3350166	26285
2590	3352755	27435
2591	3355345	18008
2592	3357936	23366
2593	3360528	28325
2594	3363121	28544
2595	3365715	19818
2596	3368310	21098
2597	3370906	18136
2598	3373503	18086
2599	3376101	20422
2600	3378700	17248
2601	3381300	18369
2602	3383901	29206
2603	3386503	18181
2604	3389106	17931
2605	3391710	17911
2606	3394315	17938
2607	3396921	29137
2608	3399528	19816
2609	3402136	23388
2610	3404745	17805
2611	3407355	17749
2612	3409966	17197
2613	3412578	25509
2614	3415191	45219
2615	3417805	32697
2616	3420420	27301
2617	3423036	26353
2618	3425653	27159
2619	3428271	48910
2620	3430890	27479
2621	3433510	18429
2622	3436131	30491
2623	3438753	37817
2624	3441376	40006
2625	3444000	46873
2626	3446625	32521
2627	3449251	43327
2628	3451878	36159
2629	3454506	49853
2630	3457135	45817
2631	3459765	52705
2632	3462396	30709
2633	3465028	27225
2634	3467661	18984
2635	3470295	18970
2636	3472930	28861
2637	3475566	49175
2638	3478203	17069
2639	3480841	21047
2640	3483480	19002
2641	3486120	40985
2642	3488761	30029
2643	3491403	50029
2644	3494046	35774
2645	3496690	18402
2646	3499335	17984
2647	3501981	19044
2648	3504628	18743
2649	3507276	17971
2650	3509925	39220
2651	3512575	57628
2652	3515226	27543
2653	3517878	18466
2654	3520531	27515
2655	3523185	51823
2656	3525840	18397
2657	3528496	28994
2658	3531153	68889
2659	3533811	35786
2660	3536470	21777
2661	3539130	19296
2662	3541791	18024
2663	3544453	18937
2664	3547116	18998
2665	3549780	31254
2666	3552445	70224
2667	3555111	53349
2668	3557778	22920
2669	3560446	31529
2670	3563115	31059
2671	3565785	40582
2672	3568456	47827
2673	3571128	26968
2674	3573801	57003
2675	3576475	25207
2676	3579150	21182
2677	3581826	17566
2678	3584503	21277
2679	3587181	19288
2680	3589860	34955
2681	3592540	34166
2682	3595221	28862
2683	3597903	36971
2684	3600586	23756
2685	3603270	33264
2686	3605955	28657
2687	3608641	19991
2688	3611328	22512
2689	3614016	21656
2690	3616705	22487
2691	3619395	18701
2692	3622086	18839
2693	3624778	21310
2694	3627471	19058
2695	3630165	18446
2696	3632860	19769
2697	3635556	21124
2698	3638253	20885
2699	3640951	18186
2700	3643650	24525
2701	3646350	19108
2702	3649051	24639
2703	3651753	19187
2704	3654456	23440
2705	3657160	18882
2706	3659865	18691
2707	3662571	28408
2708	3665278	22207
2709	3667986	20215
2710	3670695	24910
2711	3673405	19620
2712	3676116	22057
2713	3678828	19370
2714	3681541	28675
2715	3684255	37637
2716	3686970	37190
2717	3689686	33132
2718	3692403	59667
2719	3695121	19494
2720	3697840	19784
2721	3700560	38427
2722	3703281	23920
2723	3706003	23179
2724	3708726	23669
2725	3711450	24642
2726	3714175	25308
2727	3716901	65336
2728	3719628	23282
2729	3722356	43856
2730	3725085	66791
2731	3727815	23120
2732	3730546	23286
2733	3733278	29692
2734	3736011	27603
2735	3738745	41739
2736	3741480	35786
2737	3744216	25322
2738	3746953	50885
2739	3749691	23672
2740	3752430	24654
2741	3755170	42817
2742	3757911	24443
2743	3760653	34732
2744	3763396	53457
2745	3766140	26266
2746	3768885	31389
2747	3771631	131527
2748	3774378	210250
2749	3777126	29948
2750	3779875	43787
2751	3782625	50387
2752	3785376	28575
2753	3788128	39428
2754	3790881	44083
2755	3793635	74045
2756	3796390	38188
2757	3799146	43989
2758	3801903	55021
2759	3804661	36593
2760	3807420	23829
2761	3810180	49352
2762	3812941	26524
2763	3815703	38270
2764	3818466	41047
2765	3821230	53067
2766	3823995	84897
2767	3826761	159825
2768	3829528	29329
2769	3832296	45923
2770	3835065	108048
2771	3837835	28657
2772	3840606	96507
2773	3843378	104596
2774	3846151	171518
2775	3848925	66113
2776	3851700	49460
2777	3854476	186896
2778	3857253	38852
2779	3860031	91215
2780	3862810	80727
2781	3865590	110622
2782	3868371	159338
2783	3871153	69794
2784	3873936	48401
2785	3876720	38701
2786	3879505	32941
2787	3882291	30233
2788	3885078	46380
2789	3887866	40456
2790	3890655	109081
2791	3893445	53252
2792	3896236	209268
2793	3899028	416244
2794	3901821	194157
2795	3904615	100307
2796	3907410	36712
2797	3910206	82252
2798	3913003	79673
2799	3915801	26450
2800	3918600	107479
2801	3921400	33879
2802	3924201	32616
2803	3927003	36275
2804	3929806	41008
2805	3932610	24201
2806	3935415	46514
2807	3938221	24355
2808	3941028	29926
2809	3943836	28722
2810	3946645	24520
2811	3949455	29914
2812	3952266	31853
2813	3955078	38543
2814	3957891	114407
2815	3960705	138289
2816	3963520	57623
2817	3966336	140912
2818	3969153	30762
2819	3971971	171240
2820	3974790	109157
2821	3977610	72405
2822	3980431	24760
2823	3983253	38508
2824	3986076	25797
2825	3988900	29860
2826	3991725	40616
2827	3994551	32228
2828	3997378	138167
2829	4000206	29842
2830	4003035	44139
2831	4005865	26694
2832	4008696	178916
2833	4011528	36767
2834	4014361	43058
2835	4017195	196816
2836	4020030	229916
2837	4022866	26426
2838	4025703	25972
2839	4028541	29812
2840	4031380	39801
2841	4034220	139913
2842	4037061	289431
2843	4039903	27435
2844	4042746	153065
2845	4045590	204338
2846	4048435	219109
2847	4051281	92391
2848	4054128	141369
2849	4056976	122345
2850	4059825	38985
2851	4062675	90625
2852	4065526	32640
2853	4068378	100025
2854	4071231	56918
2855	4074085	239265
2856	4076940	124264
2857	4079796	30309
2858	4082653	75584
2859	4085511	25538
2860	4088370	24959
2861	4091230	36600
2862	4094091	155576
2863	4096953	30232
2864	4099816	44716
2865	4102680	166920
2866	4105545	180640
2867	4108411	47518
2868	4111278	38422
2869	4114146	232898
2870	4117015	27519
2871	4119885	25281
2872	4122756	38957
2873	4125628	58521
2874	4128501	182141
2875	4131375	131130
2876	4134250	272826
2877	4137126	60437
2878	4140003	211963
2879	4142881	48322
2880	4145760	153903
2881	4148640	165904
2882	4151521	146050
2883	4154403	25376
2884	4157286	32527
2885	4160170	172462
2886	4163055	118806
2887	4165941	404692
2888	4168828	141692
2889	4171716	31496
2890	4174605	30458
2891	4177495	45015
2892	4180386	250773
2893	4183278	221397
2894	4186171	188077
2895	4189065	230483
2896	4191960	25880
2897	4194856	40028
2898	4197753	37011
2899	4200651	175995
2900	4203550	65535
2901	4206450	45223
2902	4209351	239764
2903	4212253	142731
2904	4215156	54815
2905	4218060	79502
2906	4220965	52467
2907	4223871	90623
2908	4226778	53545
2909	4229686	189744
2910	4232595	190274
2911	4235505	41756
2912	4238416	41537
2913	4241328	141872
2914	4244241	26393
2915	4247155	45766
2916	4250070	179025
2917	4252986	39733
2918	4255903	25172
2919	4258821	28574
2920	4261740	203380
2921	4264660	29222
2922	4267581	51379
2923	4270503	32085
2924	4273426	31322
2925	4276350	32445
2926	4279275	26339
2927	4282201	39634
2928	4285128	99329
2929	4288056	46472
2930	4290985	135927
2931	4293915	29268
2932	4296846	263368
2933	4299778	26038
2934	4302711	40206
2935	4305645	41461
2936	4308580	163101
2937	4311516	151177
2938	4314453	47971
2939	4317391	138498
2940	4320330	178716
2941	4323270	132147
2942	4326211	117063
2943	4329153	53958
2944	4332096	51459
2945	4335040	138369
2946	4337985	257699
2947	4340931	25515
2948	4343878	34241
2949	4346826	118266
2950	4349775	158532
2951	4352725	51463
2952	4355676	49970
2953	4358628	50090
2954	4361581	137803
2955	4364535	199316
2956	4367490	36999
2957	4370446	65609
2958	4373403	52243
2959	4376361	32396
2960	4379320	57461
2961	4382280	270323
2962	4385241	39941
2963	4388203	233044
2964	4391166	331820
2965	4394130	294542
2966	4397095	59823
2967	4400061	67648
2968	4403028	45535
2969	4405996	29808
2970	4408965	60740
2971	4411935	63918
2972	4414906	26996
2973	4417878	50538
2974	4420851	56477
2975	4423825	40232
2976	4426800	38556
2977	4429776	67430
2978	4432753	78607
2979	4435731	43213
2980	4438710	45501
2981	4441690	26236
2982	4444671	25187
2983	4447653	43769
2984	4450636	53888
2985	4453620	248528
2986	4456605	34544
2987	4459591	60301
2988	4462578	57968
2989	4465566	145707
2990	4468555	275472
2991	4471545	28771
2992	4474536	141599
2993	4477528	110297
2994	4480521	284425
2995	4483515	164550
2996	4486510	259410
2997	4489506	174748
2998	4492503	210679
2999	4495501	155834
3000	4498500	46503
3001	4501500	157051
3002	4504501	292077
3003	4507503	169568
3004	4510506	141777
3005	4513510	40301
3006	4516515	115947
3007	4519521	69507
3008	4522528	134984
3009	4525536	167500
3010	4528545	143541
3011	4531555	71520
3012	4534566	162587
3013	4537578	36750
3014	4540591	157732
3015	4543605	215630
3016	4546620	30364
3017	4549636	92602
3018	4552653	27541
3019	4555671	37915
3020	4558690	60155
3021	4561710	44975
3022	4564731	43902
3023	4567753	39271
3024	4570776	28930
3025	4573800	57175
3026	4576825	54152
3027	4579851	34389
3028	4582878	192869
3029	4585906	263266
3030	4588935	33904
3031	4591965	256960
3032	4594996	229545
3033	4598028	288818
3034	4601061	228706
3035	4604095	46379
3036	4607130	122118
3037	4610166	80724
3038	4613203	31745
3039	4616241	31270
3040	4619280	248419
3041	4622320	179742
3042	4625361	318728
3043	4628403	69747
3044	4631446	171362
3045	4634490	92240
3046	4637535	68152
3047	4640581	163913
3048	4643628	190734
3049	4646676	29318
3050	4649725	176855
3051	4652775	154935
3052	4655826	43122
3053	4658878	32579
3054	4661931	125810
3055	4664985	49057
3056	4668040	126242
3057	4671096	211768
3058	4674153	177302
3059	4677211	261212
3060	4680270	216441
3061	4683330	192913
3062	4686391	32231
3063	4689453	28698
3064	4692516	171797
3065	4695580	336362
3066	4698645	28497
3067	4701711	27519
3068	4704778	28467
3069	4707846	56926
3070	4710915	176194
3071	4713985	114390
3072	4717056	131503
3073	4720128	360019
3074	4723201	26139
3075	4726275	86708
3076	4729350	35055
3077	4732426	114209
3078	4735503	34406
3079	4738581	30965
3080	4741660	88946
3081	4744740	175445
3082	4747821	228339
3083	4750903	95045
3084	4753986	317311
3085	4757070	89980
3086	4760155	198055
3087	4763241	106313
3088	4766328	27444
3089	4769416	108957
3090	4772505	47894
3091	4775595	269494
3092	4778686	483597
3093	4781778	269556
3094	4784871	206106
3095	4787965	140450
3096	4791060	47133
3097	4794156	30276
3098	4797253	102791
3099	4800351	151442
3100	4803450	250270
3101	4806550	40673
3102	4809651	26293
3103	4812753	149798
3104	4815856	40587
3105	4818960	114313
3106	4822065	420197
3107	4825171	197926
3108	4828278	181810
3109	4831386	131357
3110	4834495	303790
3111	4837605	133104
3112	4840716	144071
3113	4843828	228933
3114	4846941	168890
3115	4850055	35254
3116	4853170	246906
3117	4856286	213883
3118	4859403	28155
3119	4862521	286962
3120	4865640	198884
3121	4868760	187424
3122	4871881	183473
3123	4875003	217984
3124	4878126	259289
3125	4881250	268056
3126	4884375	286504
3127	4887501	62523
3128	4890628	40386
3129	4893756	29028
3130	4896885	29088
3131	4900015	47234
3132	4903146	338205
3133	4906278	435622
3134	4909411	375716
3135	4912545	343805
3136	4915680	232470
3137	4918816	126155
3138	4921953	188290
3139	4925091	188937
3140	4928230	75484
3141	4931370	503629
3142	4934511	217621
3143	4937653	200820
3144	4940796	193386
3145	4943940	227684
3146	4947085	327536
3147	4950231	339634
3148	4953378	187219
3149	4956526	357182
3150	4959675	319173
3151	4962825	397145
3152	4965976	214753
3153	4969128	95662
3154	4972281	287644
3155	4975435	246645
3156	4978590	175109
3157	4981746	251609
3158	4984903	42553
3159	4988061	431090
3160	4991220	87791
3161	4994380	69284
3162	4997541	222575
3163	5000703	223721
3164	5003866	352188
3165	5007030	205434
3166	5010195	250497
3167	5013361	59093
3168	5016528	49662
3169	5019696	835027
3170	5022865	284407
3171	5026035	71684
3172	5029206	250233
3173	5032378	306941
3174	5035551	267201
3175	5038725	105030
3176	5041900	167606
3177	5045076	306559
3178	5048253	289337
3179	5051431	460542
3180	5054610	421042
3181	5057790	290220
3182	5060971	144049
3183	5064153	231497
3184	5067336	316045
3185	5070520	141040
3186	5073705	206092
3187	5076891	354708
3188	5080078	304450
3189	5083266	277465
3190	5086455	235345
3191	5089645	79127
3192	5092836	456115
3193	5096028	444455
3194	5099221	130200
3195	5102415	251471
3196	5105610	265330
3197	5108806	344983
3198	5112003	175276
3199	5115201	239669
3200	5118400	460323
3201	5121600	334573
3202	5124801	138546
3203	5128003	297169
3204	5131206	520974
3205	5134410	511277
3206	5137615	170917
3207	5140821	225011
3208	5144028	314953
3209	5147236	328536
3210	5150445	525805
3211	5153655	331397
3212	5156866	193510
3213	5160078	285401
3214	5163291	250225
3215	5166505	163134
3216	5169720	241654
3217	5172936	225750
3218	5176153	128946
3219	5179371	211645
3220	5182590	267772
3221	5185810	248349
3222	5189031	186958
3223	5192253	206379
3224	5195476	247571
3225	5198700	152113
3226	5201925	505150
3227	5205151	302480
3228	5208378	274260
3229	5211606	236987
3230	5214835	272820
3231	5218065	408935
3232	5221296	185155
3233	5224528	268426
3234	5227761	503772
3235	5230995	171310
3236	5234230	133169
3237	5237466	519627
3238	5240703	267923
3239	5243941	146909
3240	5247180	337069
3241	5250420	161154
3242	5253661	76806
3243	5256903	273059
3244	5260146	202441
3245	5263390	50167
3246	5266635	77608
3247	5269881	28590
3248	5273128	279162
3249	5276376	344268
3250	5279625	93751
3251	5282875	276581
3252	5286126	393780
3253	5289378	358786
3254	5292631	320426
3255	5295885	29529
3256	5299140	196277
3257	5302396	193677
3258	5305653	102563
3259	5308911	195459
3260	5312170	316595
3261	5315430	40332
3262	5318691	220954
3263	5321953	228258
3264	5325216	133261
3265	5328480	196576
3266	5331745	277259
3267	5335011	295700
3268	5338278	190887
3269	5341546	230075
3270	5344815	260893
3271	5348085	471422
3272	5351356	173997
3273	5354628	166604
3274	5357901	183089
3275	5361175	355317
3276	5364450	273458
3277	5367726	131086
3278	5371003	39211
3279	5374281	53098
3280	5377560	85725
3281	5380840	167021
3282	5384121	136841
3283	5387403	33222
3284	5390686	213798
3285	5393970	290915
3286	5397255	43317
3287	5400541	393502
3288	5403828	213651
3289	5407116	364413
3290	5410405	366300
3291	5413695	123258
3292	5416986	118237
3293	5420278	395117
3294	5423571	67494
3295	5426865	379087
3296	5430160	374809
3297	5433456	297833
3298	5436753	51667
3299	5440051	432109
3300	5443350	229301
3301	5446650	40536
3302	5449951	53829
3303	5453253	34453
3304	5456556	199353
3305	5459860	297232
3306	5463165	228476
3307	5466471	348790
3308	5469778	245438
3309	5473086	228270
3310	5476395	294910
3311	5479705	36863
3312	5483016	355489
3313	5486328	493305
3314	5489641	292573
3315	5492955	190404
3316	5496270	233932
3317	5499586	212589
3318	5502903	271269
3319	5506221	429779
3320	5509540	436409
3321	5512860	219633
3322	5516181	258147
3323	5519503	226110
3324	5522826	382151
3325	5526150	324722
3326	5529475	428843
3327	5532801	33317
3328	5536128	315590
3329	5539456	194996
3330	5542785	193836
3331	5546115	234480
3332	5549446	355724
3333	5552778	370649
3334	5556111	336440
3335	5559445	226118
3336	5562780	344553
3337	5566116	265712
3338	5569453	306530
3339	5572791	228799
3340	5576130	36890
3341	5579470	68021
3342	5582811	420022
3343	5586153	199235
3344	5589496	73581
3345	5592840	407065
3346	5596185	300624
3347	5599531	345885
3348	5602878	411594
3349	5606226	187256
3350	5609575	202554
3351	5612925	288653
3352	5616276	431298
3353	5619628	323236
3354	5622981	272995
3355	5626335	382459
3356	5629690	831883
3357	5633046	483178
3358	5636403	287281
3359	5639761	290326
3360	5643120	349638
3361	5646480	226363
3362	5649841	570139
3363	5653203	473727
3364	5656566	441771
3365	5659930	501865
3366	5663295	314773
3367	5666661	41100
3368	5670028	311054
3369	5673396	366202
3370	5676765	31420
3371	5680135	416286
3372	5683506	55894
3373	5686878	507066
3374	5690251	278109
3375	5693625	227603
3376	5697000	196531
3377	5700376	229552
3378	5703753	299108
3379	5707131	332965
3380	5710510	494413
3381	5713890	166797
3382	5717271	463438
3383	5720653	45817
3384	5724036	399755
3385	5727420	251113
3386	5730805	405872
3387	5734191	411766
3388	5737578	185281
3389	5740966	344545
3390	5744355	330197
3391	5747745	208132
3392	5751136	308346
3393	5754528	338697
3394	5757921	353520
3395	5761315	328819
3396	5764710	458637
3397	5768106	327032
3398	5771503	813543
3399	5774901	845454
3400	5778300	505817
3401	5781700	695107
3402	5785101	292437
3403	5788503	368879
3404	5791906	380279
3405	5795310	367438
3406	5798715	236379
3407	5802121	326695
3408	5805528	413311
3409	5808936	291895
3410	5812345	212158
3411	5815755	259975
3412	5819166	72637
3413	5822578	816071
3414	5825991	299405
3415	5829405	233673
3416	5832820	186076
3417	5836236	271275
3418	5839653	551527
3419	5843071	264905
3420	5846490	213700
3421	5849910	228682
3422	5853331	446115
3423	5856753	308216
3424	5860176	390889
3425	5863600	333021
3426	5867025	594605
3427	5870451	71377
3428	5873878	277942
3429	5877306	917390
3430	5880735	245926
3431	5884165	379161
3432	5887596	405647
3433	5891028	341230
3434	5894461	375655
3435	5897895	411770
3436	5901330	845571
3437	5904766	430193
3438	5908203	274531
3439	5911641	268619
3440	5915080	593306
3441	5918520	264932
3442	5921961	303558
3443	5925403	269516
3444	5928846	313748
3445	5932290	353519
3446	5935735	961794
3447	5939181	1327048
3448	5942628	225563
3449	5946076	474062
3450	5949525	281634
3451	5952975	300981
3452	5956426	644548
3453	5959878	511750
3454	5963331	438133
3455	5966785	317669
3456	5970240	501506
3457	5973696	939765
3458	5977153	283973
3459	5980611	438312
3460	5984070	347175
3461	5987530	301962
3462	5990991	555522
3463	5994453	323821
3464	5997916	926084
3465	6001380	788878
3466	6004845	548629
3467	6008311	359741
3468	6011778	229786
3469	6015246	253907
3470	6018715	199147
3471	6022185	255375
3472	6025656	308002
3473	6029128	360675
3474	6032601	318758
3475	6036075	871274
3476	6039550	543596
3477	6043026	467073
3478	6046503	334895
3479	6049981	266141
3480	6053460	1328383
3481	6056940	416864
3482	6060421	721051
3483	6063903	328224
3484	6067386	305190
3485	6070870	683305
3486	6074355	291683
3487	6077841	285453
3488	6081328	61899
3489	6084816	177957
3490	6088305	378020
3491	6091795	305898
3492	6095286	470700
3493	6098778	292041
3494	6102271	222245
3495	6105765	624500
3496	6109260	462324
3497	6112756	700511
3498	6116253	377894
3499	6119751	282369
3500	6123250	321741
3501	6126750	328904
3502	6130251	310431
3503	6133753	469255
3504	6137256	520064
3505	6140760	287187
3506	6144265	457678
3507	6147771	365412
3508	6151278	516441
3509	6154786	822816
3510	6158295	573455
3511	6161805	1124773
3512	6165316	578550
3513	6168828	581049
3514	6172341	344422
3515	6175855	534967
3516	6179370	447865
3517	6182886	399184
3518	6186403	391851
3519	6189921	885433
3520	6193440	469510
3521	6196960	435458
3522	6200481	346109
3523	6204003	1060556
3524	6207526	528639
3525	6211050	669984
3526	6214575	712983
3527	6218101	579373
3528	6221628	386352
3529	6225156	424765
3530	6228685	333238
3531	6232215	517765
3532	6235746	616075
3533	6239278	535553
3534	6242811	312721
3535	6246345	282070
3536	6249880	251517
3537	6253416	294168
3538	6256953	425179
3539	6260491	199448
3540	6264030	403225
3541	6267570	499350
3542	6271111	295984
3543	6274653	851533
3544	6278196	520925
3545	6281740	509901
3546	6285285	1005011
3547	6288831	521801
3548	6292378	1005491
3549	6295926	600808
3550	6299475	444292
3551	6303025	597972
3552	6306576	420104
3553	6310128	268746
3554	6313681	328313
3555	6317235	351635
3556	6320790	572884
3557	6324346	460602
3558	6327903	448057
3559	6331461	313285
3560	6335020	446756
3561	6338580	335954
3562	6342141	467129
3563	6345703	419013
3564	6349266	225975
3565	6352830	491652
3566	6356395	321113
3567	6359961	201211
3568	6363528	559778
3569	6367096	280394
3570	6370665	917492
3571	6374235	301972
3572	6377806	825951
3573	6381378	309327
3574	6384951	291609
3575	6388525	477246
3576	6392100	443734
3577	6395676	508853
3578	6399253	329348
3579	6402831	539865
3580	6406410	891401
3581	6409990	242176
3582	6413571	455843
3583	6417153	620378
3584	6420736	643665
3585	6424320	334497
3586	6427905	532970
3587	6431491	565298
3588	6435078	491404
3589	6438666	223578
3590	6442255	573156
3591	6445845	353518
3592	6449436	341447
3593	6453028	566861
3594	6456621	329582
3595	6460215	931798
3596	6463810	571110
3597	6467406	616595
3598	6471003	431518
3599	6474601	717000
3600	6478200	258489
3601	6481800	400531
3602	6485401	858150
3603	6489003	350121
3604	6492606	466845
3605	6496210	605357
3606	6499815	662501
3607	6503421	680543
3608	6507028	639756
3609	6510636	496720
3610	6514245	1185872
3611	6517855	486953
3612	6521466	941988
3613	6525078	634692
3614	6528691	342546
3615	6532305	605939
3616	6535920	247593
3617	6539536	489445
3618	6543153	667107
3619	6546771	830213
3620	6550390	486625
3621	6554010	1004046
3622	6557631	378459
3623	6561253	452749
3624	6564876	432000
3625	6568500	486196
3626	6572125	614998
3627	6575751	1099833
3628	6579378	561380
3629	6583006	495826
3630	6586635	306595
3631	6590265	564559
3632	6593896	500851
3633	6597528	705575
3634	6601161	398708
3635	6604795	503935
3636	6608430	388237
3637	6612066	361159
3638	6615703	1129875
3639	6619341	934997
3640	6622980	368951
3641	6626620	570715
3642	6630261	341001
3643	6633903	543491
3644	6637546	453666
3645	6641190	484395
3646	6644835	936637
3647	6648481	656168
3648	6652128	438865
3649	6655776	1157713
3650	6659425	528254
3651	6663075	350232
3652	6666726	737967
3653	6670378	947569
3654	6674031	534130
3655	6677685	307286
3656	6681340	637594
3657	6684996	738184
3658	6688653	683464
3659	6692311	385282
3660	6695970	322657
3661	6699630	405101
3662	6703291	419997
3663	6706953	889822
3664	6710616	514444
3665	6714280	897297
3666	6717945	766058
3667	6721611	430501
3668	6725278	378766
3669	6728946	284073
3670	6732615	1049832
3671	6736285	1283014
3672	6739956	914277
3673	6743628	373324
3674	6747301	425287
3675	6750975	507002
3676	6754650	483234
3677	6758326	499774
3678	6762003	803069
3679	6765681	437157
3680	6769360	318286
3681	6773040	509449
3682	6776721	966379
3683	6780403	426072
3684	6784086	661546
3685	6787770	646160
3686	6791455	924554
3687	6795141	412176
3688	6798828	479194
3689	6802516	492086
3690	6806205	890159
3691	6809895	777277
3692	6813586	692548
3693	6817278	644930
3694	6820971	544910
3695	6824665	468679
3696	6828360	312806
3697	6832056	723950
3698	6835753	469374
3699	6839451	479612
3700	6843150	315024
3701	6846850	261289
3702	6850551	458540
3703	6854253	284407
3704	6857956	538769
3705	6861660	1097136
3706	6865365	332847
3707	6869071	509876
3708	6872778	430656
3709	6876486	798034
3710	6880195	397626
3711	6883905	526076
3712	6887616	525322
3713	6891328	614780
3714	6895041	511718
3715	6898755	353792
3716	6902470	659912
3717	6906186	492530
3718	6909903	393223
3719	6913621	703720
3720	6917340	721112
3721	6921060	309575
3722	6924781	583882
3723	6928503	462306
3724	6932226	826588
3725	6935950	1140962
3726	6939675	1370155
3727	6943401	381571
3728	6947128	878451
3729	6950856	824187
3730	6954585	413319
3731	6958315	575591
3732	6962046	1124587
3733	6965778	687672
3734	6969511	532731
3735	6973245	405854
3736	6976980	568653
3737	6980716	376643
3738	6984453	374162
3739	6988191	669321
3740	6991930	1184641
3741	6995670	597364
3742	6999411	521310
3743	7003153	459869
3744	7006896	330153
3745	7010640	460912
3746	7014385	324298
3747	7018131	531769
3748	7021878	572874
3749	7025626	379516
3750	7029375	737857
3751	7033125	361921
3752	7036876	359546
3753	7040628	343293
3754	7044381	429609
3755	7048135	868841
3756	7051890	804767
3757	7055646	947658
3758	7059403	651526
3759	7063161	807421
3760	7066920	410429
3761	7070680	403928
3762	7074441	634931
3763	7078203	398660
3764	7081966	486154
3765	7085730	507552
3766	7089495	410279
3767	7093261	454746
3768	7097028	690634
3769	7100796	913801
3770	7104565	459145
3771	7108335	700375
3772	7112106	814355
3773	7115878	1141572
3774	7119651	479416
3775	7123425	402082
3776	7127200	452396
3777	7130976	551950
3778	7134753	513960
3779	7138531	376685
3780	7142310	508579
3781	7146090	381013
3782	7149871	821827
3783	7153653	957722
3784	7157436	619657
3785	7161220	558776
3786	7165005	598106
3787	7168791	990151
3788	7172578	1020529
3789	7176366	732305
3790	7180155	599027
3791	7183945	337158
3792	7187736	430863
3793	7191528	662966
3794	7195321	1093447
3795	7199115	686481
3796	7202910	564828
3797	7206706	889942
3798	7210503	446255
3799	7214301	566800
3800	7218100	417909
3801	7221900	396931
3802	7225701	576609
3803	7229503	990429
3804	7233306	1004939
3805	7237110	657110
3806	7240915	465970
3807	7244721	996986
3808	7248528	491423
3809	7252336	515606
3810	7256145	341014
3811	7259955	603929
3812	7263766	874675
3813	7267578	783442
3814	7271391	470945
3815	7275205	721846
3816	7279020	815958
3817	7282836	1079671
3818	7286653	283920
3819	7290471	566687
3820	7294290	373310
3821	7298110	358263
3822	7301931	437738
3823	7305753	369276
3824	7309576	346209
3825	7313400	573639
3826	7317225	742219
3827	7321051	1269282
3828	7324878	480513
3829	7328706	469569
3830	7332535	490759
3831	7336365	459559
3832	7340196	315634
3833	7344028	653359
3834	7347861	872757
3835	7351695	352811
3836	7355530	335581
3837	7359366	510010
3838	7363203	379147
3839	7367041	1063110
3840	7370880	550517
3841	7374720	409818
3842	7378561	507450
3843	7382403	1029774
3844	7386246	839313
3845	7390090	663773
3846	7393935	797701
3847	7397781	776121
3848	7401628	899820
3849	7405476	845536
3850	7409325	570696
3851	7413175	467800
3852	7417026	491627
3853	7420878	473221
3854	7424731	481744
3855	7428585	824925
3856	7432440	485337
3857	7436296	709292
3858	7440153	688116
3859	7444011	493541
3860	7447870	431301
3861	7451730	445359
3862	7455591	325047
3863	7459453	1016465
3864	7463316	512395
3865	7467180	953613
3866	7471045	469518
3867	7474911	1073458
3868	7478778	1057286
3869	7482646	719485
3870	7486515	506343
3871	7490385	714090
3872	7494256	685604
3873	7498128	989042
3874	7502001	1043766
3875	7505875	724333
3876	7509750	517285
3877	7513626	596105
3878	7517503	572412
3879	7521381	704992
3880	7525260	780123
3881	7529140	641207
3882	7533021	514192
3883	7536903	751507
3884	7540786	846589
3885	7544670	452135
3886	7548555	476232
3887	7552441	720151
3888	7556328	724303
3889	7560216	816992
3890	7564105	804546
3891	7567995	471542
3892	7571886	415827
3893	7575778	604511
3894	7579671	717611
3895	7583565	574563
3896	7587460	1476623
3897	7591356	858210
3898	7595253	511518
3899	7599151	499820
3900	7603050	432347
3901	7606950	457508
3902	7610851	469971
3903	7614753	1013373
3904	7618656	512125
3905	7622560	891507
3906	7626465	548336
3907	7630371	428000
3908	7634278	375506
3909	7638186	611720
3910	7642095	319616
3911	7646005	360023
3912	7649916	1016376
3913	7653828	657858
3914	7657741	540591
3915	7661655	1020645
3916	7665570	514020
3917	7669486	1207638
3918	7673403	954522
3919	7677321	721849
3920	7681240	1045561
3921	7685160	683634
3922	7689081	512397
3923	7693003	532139
3924	7696926	392696
3925	7700850	284143
3926	7704775	587932
3927	7708701	960668
3928	7712628	1283706
3929	7716556	1106765
3930	7720485	373496
3931	7724415	620824
3932	7728346	736375
3933	7732278	888346
3934	7736211	742261
3935	7740145	722986
3936	7744080	436568
3937	7748016	519303
3938	7751953	1289181
3939	7755891	1027869
3940	7759830	927512
3941	7763770	504211
3942	7767711	800915
3943	7771653	822506
3944	7775596	1183996
3945	7779540	668870
3946	7783485	466012
3947	7787431	541786
3948	7791378	1012710
3949	7795326	536152
3950	7799275	681070
3951	7803225	414484
3952	7807176	1119322
3953	7811128	627555
3954	7815081	339779
3955	7819035	431709
3956	7822990	538323
3957	7826946	811204
3958	7830903	632312
3959	7834861	973142
3960	7838820	560443
3961	7842780	369879
3962	7846741	306223
3963	7850703	996073
3964	7854666	794798
3965	7858630	390047
3966	7862595	416673
3967	7866561	480934
3968	7870528	1148891
3969	7874496	1024018
3970	7878465	724630
3971	7882435	409722
3972	7886406	667338
3973	7890378	631162
3974	7894351	350791
3975	7898325	294900
3976	7902300	276000
3977	7906276	893614
3978	7910253	561337
3979	7914231	737437
3980	7918210	483731
3981	7922190	483052
3982	7926171	532660
3983	7930153	1326562
3984	7934136	594016
3985	7938120	813674
3986	7942105	658781
3987	7946091	497209
3988	7950078	562136
3989	7954066	973775
3990	7958055	1223332
3991	7962045	516151
3992	7966036	649038
3993	7970028	1059339
3994	7974021	420525
3995	7978015	764884
3996	7982010	637881
3997	7986006	363984
3998	7990003	530253
3999	7994001	644997
4000	7998000	349211
4001	8002000	559553
4002	8006001	955203
4003	8010003	883376
4004	8014006	619590
4005	8018010	913864
4006	8022015	821411
4007	8026021	1595292
4008	8030028	495167
4009	8034036	437776
4010	8038045	236422
4011	8042055	445068
4012	8046066	554973
4013	8050078	457759
4014	8054091	544870
4015	8058105	645797
4016	8062120	754791
4017	8066136	798726
4018	8070153	1137720
4019	8074171	1037553
4020	8078190	629357
4021	8082210	1142861
4022	8086231	557475
4023	8090253	618255
4024	8094276	535537
4025	8098300	486938
4026	8102325	432130
4027	8106351	885074
4028	8110378	560470
4029	8114406	977176
4030	8118435	908971
4031	8122465	866584
4032	8126496	520952
4033	8130528	400071
4034	8134561	1094003
4035	8138595	693768
4036	8142630	417055
4037	8146666	575784
4038	8150703	494764
4039	8154741	412033
4040	8158780	353755
4041	8162820	553204
4042	8166861	421572
4043	8170903	820494
4044	8174946	905590
4045	8178990	1084119
4046	8183035	1346304
4047	8187081	786974
4048	8191128	720818
4049	8195176	773054
4050	8199225	1036517
4051	8203275	534393
4052	8207326	684199
4053	8211378	404556
4054	8215431	822542
4055	8219485	406503
4056	8223540	566405
4057	8227596	465961
4058	8231653	856524
4059	8235711	633916
4060	8239770	365420
4061	8243830	410124
4062	8247891	840908
4063	8251953	825178
4064	8256016	1271575
4065	8260080	1392213
4066	8264145	529644
4067	8268211	942185
4068	8272278	779847
4069	8276346	1406717
4070	8280415	965188
4071	8284485	694690
4072	8288556	362553
4073	8292628	912974
4074	8296701	993835
4075	8300775	785373
4076	8304850	1059865
4077	8308926	680842
4078	8313003	511824
4079	8317081	495435
4080	8321160	318558
4081	8325240	820606
4082	8329321	617737
4083	8333403	755662
4084	8337486	605330
4085	8341570	1204767
4086	8345655	1097445
4087	8349741	742225
4088	8353828	716519
4089	8357916	1437759
4090	8362005	805565
4091	8366095	544659
4092	8370186	415798
4093	8374278	922635
4094	8378371	646406
4095	8382465	876693
4096	8386560	1301249
4097	8390656	666525
4098	8394753	845129
4099	8398851	662592
4100	8402950	887031
4101	8407050	943959
4102	8411151	1045946
4103	8415253	758364
4104	8419356	726405
4105	8423460	1787557
4106	8427565	619788
4107	8431671	701261
4108	8435778	483349
4109	8439886	1086272
4110	8443995	612871
4111	8448105	1085639
4112	8452216	498331
4113	8456328	527447
4114	8460441	672193
4115	8464555	848585
4116	8468670	505955
4117	8472786	519663
4118	8476903	669755
4119	8481021	404600
4120	8485140	1016129
4121	8489260	1449909
4122	8493381	1033462
4123	8497503	763615
4124	8501626	438166
4125	8505750	945753
4126	8509875	545011
4127	8514001	908303
4128	8518128	488363
4129	8522256	345997
4130	8526385	813439
4131	8530515	688384
4132	8534646	1161435
4133	8538778	972403
4134	8542911	292838
4135	8547045	815728
4136	8551180	1484016
4137	8555316	999840
4138	8559453	797131
4139	8563591	612505
4140	8567730	1387641
4141	8571870	1264799
4142	8576011	583414
4143	8580153	738963
4144	8584296	596419
4145	8588440	1091082
4146	8592585	1211875
4147	8596731	1197372
4148	8600878	615821
4149	8605026	1382088
4150	8609175	1441132
4151	8613325	894269
4152	8617476	693171
4153	8621628	478209
4154	8625781	619548
4155	8629935	936404
4156	8634090	1226235
4157	8638246	638208
4158	8642403	554805
4159	8646561	1032487
4160	8650720	663176
4161	8654880	803961
4162	8659041	734279
4163	8663203	630906
4164	8667366	967850
4165	8671530	1486366
4166	8675695	1081317
4167	8679861	856512
4168	8684028	1118811
4169	8688196	1408340
4170	8692365	1191247
4171	8696535	451541
4172	8700706	916639
4173	8704878	723583
4174	8709051	758153
4175	8713225	670534
4176	8717400	766233
4177	8721576	641363
4178	8725753	829399
4179	8729931	847792
4180	8734110	945265
4181	8738290	520370
4182	8742471	528076
4183	8746653	843303
4184	8750836	908677
4185	8755020	1024458
4186	8759205	733596
4187	8763391	1058947
4188	8767578	591961
4189	8771766	784970
4190	8775955	611153
4191	8780145	752103
4192	8784336	669269
4193	8788528	688012
4194	8792721	461514
4195	8796915	733309
4196	8801110	885358
4197	8805306	742393
4198	8809503	586006
4199	8813701	1509880
4200	8817900	828356
4201	8822100	755339
4202	8826301	604710
4203	8830503	675182
4204	8834706	1128383
4205	8838910	939858
4206	8843115	597283
4207	8847321	581844
4208	8851528	506232
4209	8855736	475124
4210	8859945	684201
4211	8864155	1481404
4212	8868366	543858
4213	8872578	778282
4214	8876791	847001
4215	8881005	664919
4216	8885220	781435
4217	8889436	822844
4218	8893653	949666
4219	8897871	1586693
4220	8902090	866497
4221	8906310	952950
4222	8910531	952569
4223	8914753	388953
4224	8918976	1009303
4225	8923200	657899
4226	8927425	1007418
4227	8931651	750573
4228	8935878	1521805
4229	8940106	1035816
4230	8944335	844888
4231	8948565	702844
4232	8952796	493627
4233	8957028	453399
4234	8961261	1148198
4235	8965495	681303
4236	8969730	901318
4237	8973966	1240627
4238	8978203	1873110
4239	8982441	734520
4240	8986680	777867
4241	8990920	1049508
4242	8995161	812526
4243	8999403	598476
4244	9003646	1219661
4245	9007890	946572
4246	9012135	418692
4247	9016381	431094
4248	9020628	907336
4249	9024876	1308459
4250	9029125	653861
4251	9033375	774777
4252	9037626	536882
4253	9041878	808936
4254	9046131	580950
4255	9050385	539277
4256	9054640	530203
4257	9058896	577521
4258	9063153	587015
4259	9067411	934156
4260	9071670	436790
4261	9075930	586234
4262	9080191	727194
4263	9084453	695460
4264	9088716	1101420
4265	9092980	920724
4266	9097245	888264
4267	9101511	590029
4268	9105778	855847
4269	9110046	1294131
4270	9114315	568323
4271	9118585	909055
4272	9122856	932110
4273	9127128	681135
4274	9131401	2558392
4275	9135675	1785343
4276	9139950	702379
4277	9144226	553756
4278	9148503	591487
4279	9152781	512480
4280	9157060	667597
4281	9161340	549875
4282	9165621	731657
4283	9169903	902083
4284	9174186	751203
4285	9178470	1012136
4286	9182755	1429096
4287	9187041	1119545
4288	9191328	677895
4289	9195616	536463
4290	9199905	1166838
4291	9204195	844213
4292	9208486	558835
4293	9212778	1412430
4294	9217071	769012
4295	9221365	1296180
4296	9225660	1414318
4297	9229956	708752
4298	9234253	1794516
4299	9238551	1529009
4300	9242850	962078
4301	9247150	510808
4302	9251451	1196191
4303	9255753	882958
4304	9260056	681437
4305	9264360	800214
4306	9268665	1574343
4307	9272971	655034
4308	9277278	562698
4309	9281586	780777
4310	9285895	1712292
4311	9290205	1165401
4312	9294516	663890
4313	9298828	768041
4314	9303141	521490
4315	9307455	1178945
4316	9311770	538746
4317	9316086	848801
4318	9320403	1140802
4319	9324721	746520
4320	9329040	452471
4321	9333360	502972
4322	9337681	948603
4323	9342003	705191
4324	9346326	885329
4325	9350650	1152982
4326	9354975	651527
4327	9359301	846198
4328	9363628	575083
4329	9367956	849297
4330	9372285	589049
4331	9376615	606428
4332	9380946	1096842
4333	9385278	755451
4334	9389611	1167901
4335	9393945	629091
4336	9398280	1464819
4337	9402616	866876
4338	9406953	743770
4339	9411291	499148
4340	9415630	558119
4341	9419970	788757
4342	9424311	773435
4343	9428653	436442
4344	9432996	817594
4345	9437340	612956
4346	9441685	423216
4347	9446031	1245699
4348	9450378	1554471
4349	9454726	687989
4350	9459075	735949
4351	9463425	666873
4352	9467776	490561
4353	9472128	1281881
4354	9476481	836963
4355	9480835	1974811
4356	9485190	1327971
4357	9489546	654754
4358	9493903	609820
4359	9498261	559140
4360	9502620	1228796
4361	9506980	629319
4362	9511341	554959
4363	9515703	501561
4364	9520066	802266
4365	9524430	1137644
4366	9528795	1353363
4367	9533161	939754
4368	9537528	773611
4369	9541896	682669
4370	9546265	438165
4371	9550635	1489787
4372	9555006	1634662
4373	9559378	1938362
4374	9563751	1494817
4375	9568125	1292495
4376	9572500	3990276
4377	9576876	1337970
4378	9581253	1454453
4379	9585631	1298262
4380	9590010	1105493
4381	9594390	608987
4382	9598771	813493
4383	9603153	1620017
4384	9607536	955041
4385	9611920	1512373
4386	9616305	690083
4387	9620691	554804
4388	9625078	677804
4389	9629466	619684
4390	9633855	674160
4391	9638245	459516
4392	9642636	689494
4393	9647028	808714
4394	9651421	896192
4395	9655815	878546
4396	9660210	1391373
4397	9664606	1044975
4398	9669003	837929
4399	9673401	602080
4400	9677800	916332
4401	9682200	566637
4402	9686601	842304
4403	9691003	733847
4404	9695406	749596
4405	9699810	1784852
4406	9704215	696317
4407	9708621	780723
4408	9713028	731674
4409	9717436	1382995
4410	9721845	1920254
4411	9726255	654647
4412	9730666	1858172
4413	9735078	853654
4414	9739491	769298
4415	9743905	793892
4416	9748320	572688
4417	9752736	766273
4418	9757153	543314
4419	9761571	1818336
4420	9765990	769126
4421	9770410	2735384
4422	9774831	844316
4423	9779253	667618
4424	9783676	760185
4425	9788100	774980
4426	9792525	1016740
4427	9796951	1785618
4428	9801378	1137508
4429	9805806	783652
4430	9810235	807056
4431	9814665	649331
4432	9819096	772552
4433	9823528	696667
4434	9827961	1182788
4435	9832395	509271
4436	9836830	933960
4437	9841266	1422147
4438	9845703	1141152
4439	9850141	1379690
4440	9854580	1682251
4441	9859020	591248
4442	9863461	1687656
4443	9867903	922593
4444	9872346	864605
4445	9876790	1545892
4446	9881235	1492251
4447	9885681	1280011
4448	9890128	515177
4449	9894576	1001960
4450	9899025	629160
4451	9903475	525128
4452	9907926	645533
4453	9912378	1200707
4454	9916831	1209058
4455	9921285	1092408
4456	9925740	1548859
4457	9930196	1043141
4458	9934653	1060227
4459	9939111	594892
4460	9943570	1294001
4461	9948030	1434745
4462	9952491	691092
4463	9956953	1701448
4464	9961416	766119
4465	9965880	568800
4466	9970345	839925
4467	9974811	1280162
4468	9979278	814006
4469	9983746	750586
4470	9988215	1599366
4471	9992685	1101764
4472	9997156	1953514
4473	10001628	542366
4474	10006101	1425788
4475	10010575	1093085
4476	10015050	1600739
4477	10019526	639107
4478	10024003	665577
4479	10028481	1314415
4480	10032960	1079276
4481	10037440	696730
4482	10041921	785017
4483	10046403	967710
4484	10050886	931549
4485	10055370	704970
4486	10059855	923925
4487	10064341	916338
4488	10068828	925633
4489	10073316	817990
4490	10077805	1410887
4491	10082295	719951
4492	10086786	668534
4493	10091278	753302
4494	10095771	905509
4495	10100265	826762
4496	10104760	1976444
4497	10109256	2157730
4498	10113753	1611461
4499	10118251	899141
4500	10122750	1009246
4501	10127250	727583
4502	10131751	514807
4503	10136253	1021188
4504	10140756	967436
4505	10145260	814553
4506	10149765	691760
4507	10154271	816439
4508	10158778	737920
4509	10163286	708549
4510	10167795	659425
4511	10172305	1569996
4512	10176816	846678
4513	10181328	2080823
4514	10185841	932258
4515	10190355	619017
4516	10194870	1368376
4517	10199386	1013148
4518	10203903	872373
4519	10208421	1255753
4520	10212940	1032280
4521	10217460	644209
4522	10221981	1504251
4523	10226503	1267549
4524	10231026	1384285
4525	10235550	1639594
4526	10240075	718953
4527	10244601	2235391
4528	10249128	1088556
4529	10253656	701796
4530	10258185	1195244
4531	10262715	485016
4532	10267246	829960
4533	10271778	949009
4534	10276311	525303
4535	10280845	1223609
4536	10285380	730075
4537	10289916	756983
4538	10294453	510172
4539	10298991	1435844
4540	10303530	1252058
4541	10308070	866222
4542	10312611	1008011
4543	10317153	729663
4544	10321696	1374895
4545	10326240	980297
4546	10330785	920355
4547	10335331	931703
4548	10339878	1445055
4549	10344426	1232187
4550	10348975	1354101
4551	10353525	955053
4552	10358076	881671
4553	10362628	981574
4554	10367181	589015
4555	10371735	1219540
4556	10376290	632284
4557	10380846	1143368
4558	10385403	1081688
4559	10389961	744718
4560	10394520	884299
4561	10399080	856747
4562	10403641	1545545
4563	10408203	927826
4564	10412766	1154054
4565	10417330	555187
4566	10421895	613917
4567	10426461	732407
4568	10431028	1419088
4569	10435596	1304240
4570	10440165	933363
4571	10444735	795108
4572	10449306	757311
4573	10453878	586599
4574	10458451	580632
4575	10463025	630653
4576	10467600	731964
4577	10472176	757962
4578	10476753	1107722
4579	10481331	1455156
4580	10485910	1177786
4581	10490490	2489237
4582	10495071	1360751
4583	10499653	607522
4584	10504236	731226
4585	10508820	1025110
4586	10513405	1273117
4587	10517991	790014
4588	10522578	922282
4589	10527166	879646
4590	10531755	647317
4591	10536345	1401342
4592	10540936	1145741
4593	10545528	1117738
4594	10550121	1449867
4595	10554715	1490905
4596	10559310	1145964
4597	10563906	2082130
4598	10568503	1154486
4599	10573101	645491
4600	10577700	1036576
4601	10582300	992005
4602	10586901	1019900
4603	10591503	1146197
4604	10596106	1154715
4605	10600710	1948723
4606	10605315	1420411
4607	10609921	637920
4608	10614528	1927063
4609	10619136	804428
4610	10623745	1320439
4611	10628355	2151003
4612	10632966	984861
4613	10637578	618468
4614	10642191	846906
4615	10646805	733882
4616	10651420	1145394
4617	10656036	1059653
4618	10660653	908759
4619	10665271	1271247
4620	10669890	993045
4621	10674510	791257
4622	10679131	743069
4623	10683753	854882
4624	10688376	688413
4625	10693000	959728
4626	10697625	631814
4627	10702251	851426
4628	10706878	1214504
4629	10711506	1322471
4630	10716135	975654
4631	10720765	799105
4632	10725396	721260
4633	10730028	939049
4634	10734661	708067
4635	10739295	621699
4636	10743930	1145759
4637	10748566	670362
4638	10753203	770854
4639	10757841	764740
4640	10762480	892103
4641	10767120	995931
4642	10771761	1125984
4643	10776403	662249
4644	10781046	801507
4645	10785690	659909
4646	10790335	603460
4647	10794981	1254833
4648	10799628	969080
4649	10804276	821597
4650	10808925	733765
4651	10813575	850835
4652	10818226	1853168
4653	10822878	1695162
4654	10827531	1189820
4655	10832185	2133291
4656	10836840	2048996
4657	10841496	1206678
4658	10846153	1256581
4659	10850811	594978
4660	10855470	799454
4661	10860130	1285130
4662	10864791	865395
4663	10869453	406333
4664	10874116	1310873
4665	10878780	500345
4666	10883445	1352947
4667	10888111	959085
4668	10892778	860173
4669	10897446	2771336
4670	10902115	773931
4671	10906785	2036395
4672	10911456	2059489
4673	10916128	1599233
4674	10920801	867092
4675	10925475	951639
4676	10930150	858687
4677	10934826	1455814
4678	10939503	1106486
4679	10944181	1310291
4680	10948860	786627
4681	10953540	864565
4682	10958221	1010285
4683	10962903	476306
4684	10967586	1475386
4685	10972270	723187
4686	10976955	943837
4687	10981641	1234163
4688	10986328	975427
4689	10991016	777061
4690	10995705	707037
4691	11000395	617719
4692	11005086	1455016
4693	11009778	1702836
4694	11014471	1578737
4695	11019165	1812218
4696	11023860	1466418
4697	11028556	1147784
4698	11033253	826427
4699	11037951	787359
4700	11042650	673510
4701	11047350	620810
4702	11052051	828412
4703	11056753	999761
4704	11061456	641518
4705	11066160	1632374
4706	11070865	1732379
4707	11075571	1346012
4708	11080278	1403211
4709	11084986	544430
4710	11089695	1993927
4711	11094405	1330546
4712	11099116	1028969
4713	11103828	873621
4714	11108541	618401
4715	11113255	1310930
4716	11117970	578914
4717	11122686	2668510
4718	11127403	1391640
4719	11132121	2359683
4720	11136840	1141562
4721	11141560	1793505
4722	11146281	1820572
4723	11151003	670851
4724	11155726	1153359
4725	11160450	923021
4726	11165175	979580
4727	11169901	966100
4728	11174628	781797
4729	11179356	1470516
4730	11184085	1021481
4731	11188815	552696
4732	11193546	769534
4733	11198278	854320
4734	11203011	1091771
4735	11207745	1010733
4736	11212480	1259551
4737	11217216	760755
4738	11221953	1902794
4739	11226691	1545605
4740	11231430	739627
4741	11236170	1064425
4742	11240911	649674
4743	11245653	1102588
4744	11250396	717145
4745	11255140	588719
4746	11259885	1993448
4747	11264631	1662984
4748	11269378	963505
4749	11274126	945477
4750	11278875	1525444
4751	11283625	1848555
4752	11288376	1173787
4753	11293128	811990
4754	11297881	860247
4755	11302635	1289629
4756	11307390	747152
4757	11312146	958744
4758	11316903	928982
4759	11321661	1761636
4760	11326420	783062
4761	11331180	632168
4762	11335941	895337
4763	11340703	843001
4764	11345466	898141
4765	11350230	867914
4766	11354995	660880
4767	11359761	863522
4768	11364528	647904
4769	11369296	1215553
4770	11374065	1437181
4771	11378835	955204
4772	11383606	791324
4773	11388378	1358416
4774	11393151	1992759
4775	11397925	2300138
4776	11402700	1173923
4777	11407476	1796499
4778	11412253	1803643
4779	11417031	1080211
4780	11421810	907880
4781	11426590	1367255
4782	11431371	761968
4783	11436153	907197
4784	11440936	826869
4785	11445720	2054105
4786	11450505	1146444
4787	11455291	1846130
4788	11460078	2030121
4789	11464866	1355725
4790	11469655	901682
4791	11474445	689167
4792	11479236	970484
4793	11484028	1130776
4794	11488821	614778
4795	11493615	1418975
4796	11498410	1864713
4797	11503206	2072877
4798	11508003	1285220
4799	11512801	2024768
4800	11517600	1124394
4801	11522400	1112818
4802	11527201	673198
4803	11532003	840311
4804	11536806	731445
4805	11541610	906429
4806	11546415	802297
4807	11551221	656520
4808	11556028	1067451
4809	11560836	1704284
4810	11565645	2084546
4811	11570455	841508
4812	11575266	1123252
4813	11580078	1481200
4814	11584891	2091612
4815	11589705	793328
4816	11594520	1202053
4817	11599336	696025
4818	11604153	841784
4819	11608971	902281
4820	11613790	1014767
4821	11618610	1731249
4822	11623431	1676954
4823	11628253	1752116
4824	11633076	1117721
4825	11637900	1142105
4826	11642725	635881
4827	11647551	1160427
4828	11652378	811957
4829	11657206	840372
4830	11662035	1227889
4831	11666865	1209477
4832	11671696	566097
4833	11676528	1371610
4834	11681361	2237911
4835	11686195	1135702
4836	11691030	1519427
4837	11695866	1139248
4838	11700703	1080504
4839	11705541	884847
4840	11710380	1091513
4841	11715220	624146
4842	11720061	485355
4843	11724903	817054
4844	11729746	2071363
4845	11734590	1141849
4846	11739435	969440
4847	11744281	1781141
4848	11749128	1899842
4849	11753976	995245
4850	11758825	931385
4851	11763675	981603
4852	11768526	1387658
4853	11773378	823442
4854	11778231	1443367
4855	11783085	1055164
4856	11787940	743357
4857	11792796	1615821
4858	11797653	1375647
4859	11802511	849703
4860	11807370	1913455
4861	11812230	1161773
4862	11817091	931888
4863	11821953	1015627
4864	11826816	929583
4865	11831680	857666
4866	11836545	1885217
4867	11841411	2758293
4868	11846278	887177
4869	11851146	2052678
4870	11856015	875462
4871	11860885	751469
4872	11865756	1475213
4873	11870628	1116108
4874	11875501	705333
4875	11880375	850974
4876	11885250	1888822
4877	11890126	554685
4878	11895003	736743
4879	11899881	986996
4880	11904760	1522408
4881	11909640	3497848
4882	11914521	1132286
4883	11919403	1501831
4884	11924286	1002551
4885	11929170	1114234
4886	11934055	1816434
4887	11938941	1140418
4888	11943828	1907249
4889	11948716	1310511
4890	11953605	1079559
4891	11958495	1991260
4892	11963386	1458054
4893	11968278	946416
4894	11973171	830575
4895	11978065	881360
4896	11982960	1298990
4897	11987856	1688171
4898	11992753	1887561
4899	11997651	1237353
4900	12002550	931956
4901	12007450	785291
4902	12012351	2077097
4903	12017253	1348118
4904	12022156	1932251
4905	12027060	953919
4906	12031965	1231405
4907	12036871	2417605
4908	12041778	2300065
4909	12046686	675773
4910	12051595	1003465
4911	12056505	811336
4912	12061416	2026795
4913	12066328	1611547
4914	12071241	1632283
4915	12076155	2998578
4916	12081070	2592063
4917	12085986	2599200
4918	12090903	4779322
4919	12095821	6368555
4920	12100740	11327564
4921	12105660	4857799
4922	12110581	4975216
4923	12115503	2875398
