100	4950	0
101	5050	8
102	5151	0
103	5253	0
104	5356	1
105	5460	1
106	5565	1
107	5671	0
108	5778	0
109	5886	0
110	5995	1
111	6105	0
112	6216	1
113	6328	0
114	6441	0
115	6555	0
116	6670	0
117	6786	1
118	6903	0
119	7021	2
120	7140	1
121	7260	10
122	7381	0
123	7503	3
124	7626	1
125	7750	0
126	7875	0
127	8001	1
128	8128	81
129	8256	0
130	8385	1
131	8515	1
132	8646	0
133	8778	1
134	8911	1
135	9045	1
136	9180	1
137	9316	1
138	9453	1
139	9591	133
140	9730	1
141	9870	1
142	10011	4
143	10153	3
144	10296	1
145	10440	1
146	10585	1
147	10731	1
148	10878	1
149	11026	1
150	11175	0
151	11325	1
152	11476	1
153	11628	1
154	11781	1
155	11935	1
156	12090	0
157	12246	1
158	12403	1
159	12561	1
160	12720	1
161	12880	2
162	13041	1
163	13203	0
164	13366	2
165	13530	2
166	13695	1
167	13861	0
168	14028	2
169	14196	2
170	14365	1
171	14535	1
172	14706	1
173	14878	1
174	15051	1
175	15225	1
176	15400	2
177	15576	2
178	15753	1
179	15931	3
180	16110	1
181	16290	2
182	16471	1
183	16653	1
184	16836	1
185	17020	1
186	17205	1
187	17391	1
188	17578	1
189	17766	2
190	17955	2
191	18145	1
192	18336	1
193	18528	2
194	18721	1
195	18915	2
196	19110	12
197	19306	2
198	19503	1
199	19701	2
200	19900	2
201	20100	1
202	20301	2
203	20503	2
204	20706	1
205	20910	1
206	21115	1
207	21321	20
208	21528	1
209	21736	1
210	21945	2
211	22155	2
212	22366	2
213	22578	2
214	22791	3
215	23005	2
216	23220	1
217	23436	2
218	23653	1
219	23871	2
220	24090	1
221	24310	1
222	24531	1
223	24753	1
224	24976	1
225	25200	1
226	25425	2
227	25651	2
228	25878	1
229	26106	1
230	26335	1
231	26565	2
232	26796	1
233	27028	1
234	27261	1
235	27495	1
236	27730	2
237	27966	2
238	28203	1
239	28441	1
240	28680	2
241	28920	1
242	29161	1
243	29403	2
244	29646	2
245	29890	2
246	30135	1
247	30381	1
248	30628	2
249	30876	2
250	31125	1
251	31375	1
252	31626	1
253	31878	1
254	32131	2
255	32385	1
256	32640	2
257	32896	2
258	33153	1
259	33411	2
260	33670	4
261	33930	1
262	34191	1
263	34453	2
264	34716	1
265	34980	2
266	35245	12
267	35511	1
268	35778	2
269	36046	2
270	36315	1
271	36585	1
272	36856	2
273	37128	3
274	37401	3
275	37675	1
276	37950	125
277	38226	1
278	38503	1
279	38781	1
280	39060	2
281	39340	2
282	39621	1
283	39903	2
284	40186	2
285	40470	3
286	40755	2
287	41041	2
288	41328	2
289	41616	1
290	41905	2
291	42195	2
292	42486	2
293	42778	2
294	43071	1
295	43365	1
296	43660	2
297	43956	1
298	44253	2
299	44551	2
300	44850	2
301	45150	2
302	45451	2
303	45753	1
304	46056	2
305	46360	114
306	46665	1
307	46971	5
308	47278	1
309	47586	2
310	47895	2
311	48205	1
312	48516	2
313	48828	1
314	49141	2
315	49455	3
316	49770	2
317	50086	2
318	50403	2
319	50721	1
320	51040	1
321	51360	1
322	51681	1
323	52003	2
324	52326	1
325	52650	2
326	52975	2
327	53301	1
328	53628	1
329	53956	1
330	54285	2
331	54615	2
332	54946	1
333	55278	1
334	55611	2
335	55945	2
336	56280	2
337	56616	3
338	56953	1
339	57291	1
340	57630	5
341	57970	4
342	58311	3
343	58653	3
344	58996	3
345	59340	3
346	59685	2
347	60031	3
348	60378	3
349	60726	2
350	61075	1
351	61425	1
352	61776	3
353	62128	2
354	62481	5
355	62835	7
356	63190	1
357	63546	3
358	63903	3
359	64261	4
360	64620	3
361	64980	2
362	65341	4
363	65703	1
364	66066	3
365	66430	1
366	66795	3
367	67161	1
368	67528	3
369	67896	2
370	68265	2
371	68635	3
372	69006	3
373	69378	3
374	69751	3
375	70125	3
376	70500	3
377	70876	2
378	71253	4
379	71631	4
380	72010	4
381	72390	2
382	72771	2
383	73153	3
384	73536	2
385	73920	3
386	74305	2
387	74691	1
388	75078	3
389	75466	56
390	75855	2
391	76245	2
392	76636	3
393	77028	3
394	77421	3
395	77815	3
396	78210	2
397	78606	2
398	79003	2
399	79401	3
400	79800	2
401	80200	1
402	80601	2
403	81003	1
404	81406	1
405	81810	1
406	82215	1
407	82621	2
408	83028	3
409	83436	1
410	83845	1
411	84255	1
412	84666	2
413	85078	6
414	85491	5
415	85905	4
416	86320	4
417	86736	3
418	87153	2
419	87571	5
420	87990	104
421	88410	2
422	88831	5
423	89253	3
424	89676	4
425	90100	4
426	90525	3
427	90951	2
428	91378	4
429	91806	4
430	92235	3
431	92665	2
432	93096	4
433	93528	2
434	93961	3
435	94395	2
436	94830	2
437	95266	2
438	95703	2
439	96141	2
440	96580	3
441	97020	3
442	97461	3
443	97903	2
444	98346	3
445	98790	2
446	99235	1
447	99681	2
448	100128	15
449	100576	2
450	101025	2
451	101475	2
452	101926	2
453	102378	2
454	102831	3
455	103285	4
456	103740	3
457	104196	3
458	104653	3
459	105111	3
460	105570	2
461	106030	3
462	106491	4
463	106953	3
464	107416	3
465	107880	2
466	108345	4
467	108811	3
468	109278	4
469	109746	3
470	110215	3
471	110685	4
472	111156	3
473	111628	2
474	112101	2
475	112575	3
476	113050	156
477	113526	3
478	114003	4
479	114481	4
480	114960	35
481	115440	4
482	115921	7
483	116403	3
484	116886	3
485	117370	3
486	117855	3
487	118341	3
488	118828	4
489	119316	2
490	119805	2
491	120295	4
492	120786	3
493	121278	3
494	121771	4
495	122265	4
496	122760	3
497	123256	4
498	123753	4
499	124251	3
500	124750	15
501	125250	4
502	125751	5
503	126253	93
504	126756	5
505	127260	4
506	127765	4
507	128271	15
508	128778	4
509	129286	3
510	129795	4
511	130305	7
512	130816	8
513	131328	16
514	131841	4
515	132355	6
516	132870	6
517	133386	4
518	133903	5
519	134421	6
520	134940	4
521	135460	5
522	135981	6
523	136503	3
524	137026	6
525	137550	3
526	138075	2
527	138601	5
528	139128	4
529	139656	7
530	140185	3
531	140715	3
532	141246	3
533	141778	3
534	142311	3
535	142845	2
536	143380	5
537	143916	5
538	144453	6
539	144991	6
540	145530	4
541	146070	5
542	146611	4
543	147153	13
544	147696	6
545	148240	4
546	148785	6
547	149331	3
548	149878	7
549	150426	7
550	150975	4
551	151525	4
552	152076	5
553	152628	3
554	153181	3
555	153735	4
556	154290	6
557	154846	6
558	155403	3
559	155961	4
560	156520	6
561	157080	7
562	157641	5
563	158203	6
564	158766	5
565	159330	119
566	159895	3
567	160461	2
568	161028	6
569	161596	6
570	162165	7
571	162735	6
572	163306	6
573	163878	6
574	164451	9
575	165025	3
576	165600	6
577	166176	5
578	166753	78
579	167331	3
580	167910	3
581	168490	5
582	169071	6
583	169653	5
584	170236	4
585	170820	5
586	171405	6
587	171991	2
588	172578	3
589	173166	5
590	173755	7
591	174345	5
592	174936	4
593	175528	6
594	176121	5
595	176715	7
596	177310	6
597	177906	9
598	178503	13
599	179101	10
600	179700	6
601	180300	7
602	180901	6
603	181503	7
604	182106	7
605	182710	4
606	183315	4
607	183921	8
608	184528	3
609	185136	6
610	185745	5
611	186355	6
612	186966	11
613	187578	5
614	188191	4
615	188805	5
616	189420	4
617	190036	5
618	190653	4
619	191271	4
620	191890	5
621	192510	5
622	193131	146
623	193753	7
624	194376	5
625	195000	5
626	195625	5
627	196251	4
628	196878	133
629	197506	5
630	198135	6
631	198765	5
632	199396	5
633	200028	4
634	200661	5
635	201295	7
636	201930	4
637	202566	5
638	203203	4
639	203841	6
640	204480	6
641	205120	91
642	205761	4
643	206403	4
644	207046	5
645	207690	4
646	208335	8
647	208981	4
648	209628	61
649	210276	6
650	210925	4
651	211575	3
652	212226	9
653	212878	5
654	213531	3
655	214185	5
656	214840	4
657	215496	5
658	216153	6
659	216811	162
660	217470	105
661	218130	42
662	218791	5
663	219453	6
664	220116	4
665	220780	124
666	221445	6
667	222111	5
668	222778	4
669	223446	3
670	224115	19
671	224785	3
672	225456	10
673	226128	5
674	226801	6
675	227475	5
676	228150	50
677	228826	3
678	229503	6
679	230181	4
680	230860	7
681	231540	8
682	232221	5
683	232903	5
684	233586	6
685	234270	3
686	234955	7
687	235641	5
688	236328	7
689	237016	4
690	237705	12
691	238395	4
692	239086	5
693	239778	7
694	240471	3
695	241165	4
696	241860	5
697	242556	4
698	243253	8
699	243951	6
700	244650	5
701	245350	6
702	246051	8
703	246753	7
704	247456	5
705	248160	7
706	248865	4
707	249571	7
708	250278	6
709	250986	3
710	251695	8
711	252405	3
712	253116	8
713	253828	8
714	254541	163
715	255255	5
716	255970	6
717	256686	6
718	257403	7
719	258121	6
720	258840	4
721	259560	2
722	260281	7
723	261003	4
724	261726	4
725	262450	7
726	263175	3
727	263901	7
728	264628	95
729	265356	7
730	266085	5
731	266815	7
732	267546	5
733	268278	14
734	269011	5
735	269745	10
736	270480	3
737	271216	8
738	271953	9
739	272691	4
740	273430	5
741	274170	3
742	274911	5
743	275653	4
744	276396	12
745	277140	6
746	277885	5
747	278631	9
748	279378	4
749	280126	7
750	280875	7
751	281625	3
752	282376	22
753	283128	5
754	283881	7
755	284635	27
756	285390	4
757	286146	3
758	286903	7
759	287661	7
760	288420	5
761	289180	5
762	289941	8
763	290703	14
764	291466	13
765	292230	8
766	292995	6
767	293761	6
768	294528	9
769	295296	8
770	296065	8
771	296835	8
772	297606	12
773	298378	6
774	299151	8
775	299925	10
776	300700	5
777	301476	8
778	302253	8
779	303031	4
780	303810	7
781	304590	4
782	305371	5
783	306153	5
784	306936	8
785	307720	10
786	308505	9
787	309291	8
788	310078	10
789	310866	7
790	311655	10
791	312445	4
792	313236	4
793	314028	8
794	314821	11
795	315615	5
796	316410	5
797	317206	5
798	318003	4
799	318801	8
800	319600	6
801	320400	5
802	321201	9
803	322003	9
804	322806	184
805	323610	6
806	324415	5
807	325221	6
808	326028	10
809	326836	9
810	327645	9
811	328455	10
812	329266	162
813	330078	9
814	330891	6
815	331705	7
816	332520	5
817	333336	11
818	334153	157
819	334971	6
820	335790	12
821	336610	4
822	337431	8
823	338253	4
824	339076	5
825	339900	11
826	340725	13
827	341551	16
828	342378	11
829	343206	8
830	344035	5
831	344865	8
832	345696	9
833	346528	8
834	347361	4
835	348195	7
836	349030	11
837	349866	9
838	350703	5
839	351541	6
840	352380	6
841	353220	6
842	354061	8
843	354903	53
844	355746	10
845	356590	4
846	357435	9
847	358281	12
848	359128	8
849	359976	12
850	360825	9
851	361675	9
852	362526	4
853	363378	5
854	364231	8
855	365085	23
856	365940	11
857	366796	10
858	367653	52
859	368511	7
860	369370	12
861	370230	11
862	371091	9
863	371953	6
864	372816	10
865	373680	6
866	374545	5
867	375411	5
868	376278	6
869	377146	6
870	378015	5
871	378885	8
872	379756	5
873	380628	8
874	381501	6
875	382375	6
876	383250	6
877	384126	108
878	385003	6
879	385881	5
880	386760	8
881	387640	6
882	388521	6
883	389403	6
884	390286	6
885	391170	4
886	392055	4
887	392941	40
888	393828	5
889	394716	97
890	395605	185
891	396495	165
892	397386	13
893	398278	4
894	399171	6
895	400065	4
896	400960	4
897	401856	5
898	402753	6
899	403651	10
900	404550	8
901	405450	7
902	406351	155
903	407253	6
904	408156	6
905	409060	7
906	409965	6
907	410871	6
908	411778	5
909	412686	7
910	413595	7
911	414505	6
912	415416	5
913	416328	6
914	417241	4
915	418155	6
916	419070	6
917	419986	8
918	420903	4
919	421821	6
920	422740	5
921	423660	8
922	424581	8
923	425503	6
924	426426	118
925	427350	4
926	428275	6
927	429201	6
928	430128	7
929	431056	8
930	431985	6
931	432915	6
932	433846	6
933	434778	6
934	435711	11
935	436645	5
936	437580	6
937	438516	6
938	439453	6
939	440391	5
940	441330	7
941	442270	7
942	443211	8
943	444153	5
944	445096	6
945	446040	6
946	446985	6
947	447931	5
948	448878	6
949	449826	100
950	450775	6
951	451725	6
952	452676	5
953	453628	8
954	454581	5
955	455535	4
956	456490	10
957	457446	5
958	458403	8
959	459361	5
960	460320	26
961	461280	7
962	462241	5
963	463203	5
964	464166	7
965	465130	27
966	466095	7
967	467061	7
968	468028	8
969	468996	5
970	469965	5
971	470935	5
972	471906	7
973	472878	6
974	473851	6
975	474825	5
976	475800	5
977	476776	7
978	477753	6
979	478731	91
980	479710	5
981	480690	5
982	481671	6
983	482653	5
984	483636	6
985	484620	6
986	485605	5
987	486591	5
988	487578	7
989	488566	5
990	489555	7
991	490545	8
992	491536	7
993	492528	7
994	493521	6
995	494515	7
996	495510	7
997	496506	7
998	497503	7
999	498501	9
1000	499500	7
1001	500500	7
1002	501501	5
1003	502503	8
1004	503506	4
1005	504510	7
1006	505515	7
1007	506521	6
1008	507528	9
1009	508536	5
1010	509545	7
1011	510555	5
1012	511566	5
1013	512578	81
1014	513591	5
1015	514605	7
1016	515620	5
1017	516636	7
1018	517653	9
1019	518671	5
1020	519690	6
1021	520710	7
1022	521731	6
1023	522753	7
1024	523776	7
1025	524800	19
1026	525825	14
1027	526851	13
1028	527878	16
1029	528906	164
1030	529935	13
1031	530965	8
1032	531996	13
1033	533028	11
1034	534061	4
1035	535095	7
1036	536130	10
1037	537166	18
1038	538203	20
1039	539241	7
1040	540280	14
1041	541320	6
1042	542361	6
1043	543403	8
1044	544446	7
1045	545490	27
1046	546535	6
1047	547581	7
1048	548628	142
1049	549676	7
1050	550725	15
1051	551775	12
1052	552826	13
1053	553878	6
1054	554931	6
1055	555985	20
1056	557040	143
1057	558096	21
1058	559153	15
1059	560211	14
1060	561270	11
1061	562330	157
1062	563391	11
1063	564453	13
1064	565516	15
1065	566580	9
1066	567645	7
1067	568711	7
1068	569778	13
1069	570846	14
1070	571915	14
1071	572985	16
1072	574056	7
1073	575128	12
1074	576201	13
1075	577275	5
1076	578350	10
1077	579426	17
1078	580503	11
1079	581581	11
1080	582660	8
1081	583740	5
1082	584821	11
1083	585903	7
1084	586986	5
1085	588070	5
1086	589155	13
1087	590241	7
1088	591328	14
1089	592416	11
1090	593505	119
1091	594595	138
1092	595686	13
1093	596778	18
1094	597871	4
1095	598965	13
1096	600060	10
1097	601156	15
1098	602253	7
1099	603351	32
1100	604450	7
1101	605550	22
1102	606651	12
1103	607753	12
1104	608856	14
1105	609960	24
1106	611065	9
1107	612171	15
1108	613278	10
1109	614386	12
1110	615495	13
1111	616605	15
1112	617716	11
1113	618828	11
1114	619941	6
1115	621055	14
1116	622170	5
1117	623286	6
1118	624403	9
1119	625521	13
1120	626640	8
1121	627760	5
1122	628881	7
1123	630003	12
1124	631126	6
1125	632250	8
1126	633375	106
1127	634501	21
1128	635628	12
1129	636756	12
1130	637885	8
1131	639015	12
1132	640146	34
1133	641278	16
1134	642411	84
1135	643545	13
1136	644680	19
1137	645816	14
1138	646953	6
1139	648091	12
1140	649230	19
1141	650370	7
1142	651511	16
1143	652653	6
1144	653796	21
1145	654940	13
1146	656085	18
1147	657231	12
1148	658378	13
1149	659526	13
1150	660675	5
1151	661825	12
1152	662976	5
1153	664128	143
1154	665281	5
1155	666435	12
1156	667590	6
1157	668746	16
1158	669903	12
1159	671061	19
1160	672220	16
1161	673380	107
1162	674541	8
1163	675703	12
1164	676866	13
1165	678030	19
1166	679195	15
1167	680361	12
1168	681528	11
1169	682696	8
1170	683865	11
1171	685035	107
1172	686206	30
1173	687378	11
1174	688551	13
1175	689725	14
1176	690900	7
1177	692076	176
1178	693253	58
1179	694431	7
1180	695610	7
1181	696790	20
1182	697971	13
1183	699153	13
1184	700336	147
1185	701520	6
1186	702705	12
1187	703891	31
1188	705078	5
1189	706266	14
1190	707455	7
1191	708645	11
1192	709836	8
1193	711028	12
1194	712221	12
1195	713415	7
1196	714610	7
1197	715806	12
1198	717003	12
1199	718201	107
1200	719400	11
1201	720600	12
1202	721801	16
1203	723003	66
1204	724206	14
1205	725410	10
1206	726615	24
1207	727821	7
1208	729028	15
1209	730236	143
1210	731445	15
1211	732655	7
1212	733866	6
1213	735078	12
1214	736291	12
1215	737505	8
1216	738720	6
1217	739936	10
1218	741153	9
1219	742371	11
1220	743590	9
1221	744810	8
1222	746031	13
1223	747253	11
1224	748476	10
1225	749700	11
1226	750925	10
1227	752151	11
1228	753378	6
1229	754606	10
1230	755835	7
1231	757065	100
1232	758296	12
1233	759528	12
1234	760761	17
1235	761995	8
1236	763230	11
1237	764466	8
1238	765703	8
1239	766941	10
1240	768180	17
1241	769420	11
1242	770661	13
1243	771903	11
1244	773146	7
1245	774390	11
1246	775635	10
1247	776881	6
1248	778128	12
1249	779376	8
1250	780625	10
1251	781875	7
1252	783126	8
1253	784378	12
1254	785631	11
1255	786885	10
1256	788140	12
1257	789396	13
1258	790653	11
1259	791911	11
1260	793170	12
1261	794430	7
1262	795691	12
1263	796953	11
1264	798216	12
1265	799480	9
1266	800745	13
1267	802011	21
1268	803278	9
1269	804546	12
1270	805815	8
1271	807085	13
1272	808356	12
1273	809628	8
1274	810901	7
1275	812175	11
1276	813450	8
1277	814726	7
1278	816003	8
1279	817281	33
1280	818560	12
1281	819840	8
1282	821121	18
1283	822403	64
1284	823686	6
1285	824970	6
1286	826255	9
1287	827541	12
1288	828828	567
1289	830116	146
1290	831405	11
1291	832695	14
1292	833986	6
1293	835278	12
1294	836571	10
1295	837865	11
1296	839160	124
1297	840456	7
1298	841753	13
1299	843051	13
1300	844350	10
1301	845650	8
1302	846951	13
1303	848253	12
1304	849556	9
1305	850860	8
1306	852165	7
1307	853471	11
1308	854778	36
1309	856086	10
1310	857395	9
1311	858705	8
1312	860016	11
1313	861328	11
1314	862641	34
1315	863955	12
1316	865270	12
1317	866586	102
1318	867903	64
1319	869221	36
1320	870540	11
1321	871860	6
1322	873181	6
1323	874503	9
1324	875826	43
1325	877150	22
1326	878475	6
1327	879801	25
1328	881128	6
1329	882456	8
1330	883785	14
1331	885115	9
1332	886446	10
1333	887778	19
1334	889111	9
1335	890445	9
1336	891780	40
1337	893116	15
1338	894453	12
1339	895791	7
1340	897130	12
1341	898470	11
1342	899811	13
1343	901153	18
1344	902496	15
1345	903840	15
1346	905185	11
1347	906531	104
1348	907878	8
1349	909226	11
1350	910575	7
1351	911925	6
1352	913276	14
1353	914628	14
1354	915981	9
1355	917335	12
1356	918690	17
1357	920046	10
1358	921403	9
1359	922761	11
1360	924120	10
1361	925480	9
1362	926841	12
1363	928203	8
1364	929566	8
1365	930930	10
1366	932295	8
1367	933661	8
1368	935028	10
1369	936396	13
1370	937765	12
1371	939135	13
1372	940506	15
1373	941878	8
1374	943251	11
1375	944625	6
1376	946000	13
1377	947376	16
1378	948753	11
1379	950131	9
1380	951510	8
1381	952890	22
1382	954271	9
1383	955653	12
1384	957036	8
1385	958420	7
1386	959805	10
1387	961191	9
1388	962578	13
1389	963966	12
1390	965355	9
1391	966745	10
1392	968136	8
1393	969528	17
1394	970921	10
1395	972315	12
1396	973710	12
1397	975106	8
1398	976503	17
1399	977901	9
1400	979300	123
1401	980700	10
1402	982101	11
1403	983503	11
1404	984906	8
1405	986310	13
1406	987715	9
1407	989121	9
1408	990528	121
1409	991936	12
1410	993345	8
1411	994755	74
1412	996166	8
1413	997578	11
1414	998991	17
1415	1000405	150
1416	1001820	13
1417	1003236	10
1418	1004653	10
1419	1006071	11
1420	1007490	9
1421	1008910	132
1422	1010331	10
1423	1011753	11
1424	1013176	7
1425	1014600	10
1426	1016025	11
1427	1017451	202
1428	1018878	11
1429	1020306	14
1430	1021735	8
1431	1023165	8
1432	1024596	9
1433	1026028	12
1434	1027461	9
1435	1028895	12
1436	1030330	166
1437	1031766	8
1438	1033203	12
1439	1034641	142
1440	1036080	10
1441	1037520	11
1442	1038961	9
1443	1040403	78
1444	1041846	11
1445	1043290	11
1446	1044735	15
1447	1046181	6
1448	1047628	13
1449	1049076	11
1450	1050525	8
1451	1051975	8
1452	1053426	7
1453	1054878	9
1454	1056331	51
1455	1057785	10
1456	1059240	11
1457	1060696	9
1458	1062153	8
1459	1063611	8
1460	1065070	6
1461	1066530	19
1462	1067991	9
1463	1069453	10
1464	1070916	14
1465	1072380	13
1466	1073845	11
1467	1075311	129
1468	1076778	13
1469	1078246	12
1470	1079715	11
1471	1081185	14
1472	1082656	13
1473	1084128	11
1474	1085601	9
1475	1087075	18
1476	1088550	151
1477	1090026	9
1478	1091503	8
1479	1092981	17
1480	1094460	128
1481	1095940	13
1482	1097421	64
1483	1098903	11
1484	1100386	7
1485	1101870	30
1486	1103355	11
1487	1104841	10
1488	1106328	8
1489	1107816	9
1490	1109305	13
1491	1110795	9
1492	1112286	11
1493	1113778	9
1494	1115271	11
1495	1116765	135
1496	1118260	9
1497	1119756	12
1498	1121253	9
1499	1122751	15
1500	1124250	14
1501	1125750	9
1502	1127251	11
1503	1128753	7
1504	1130256	9
1505	1131760	15
1506	1133265	10
1507	1134771	15
1508	1136278	10
1509	1137786	10
1510	1139295	116
1511	1140805	8
1512	1142316	9
1513	1143828	6
1514	1145341	11
1515	1146855	10
1516	1148370	11
1517	1149886	11
1518	1151403	12
1519	1152921	11
1520	1154440	9
1521	1155960	10
1522	1157481	13
1523	1159003	12
1524	1160526	7
1525	1162050	10
1526	1163575	9
1527	1165101	16
1528	1166628	11
1529	1168156	11
1530	1169685	12
1531	1171215	9
1532	1172746	15
1533	1174278	12
1534	1175811	15
1535	1177345	12
1536	1178880	10
1537	1180416	14
1538	1181953	14
1539	1183491	6
1540	1185030	8
1541	1186570	15
1542	1188111	12
1543	1189653	15
1544	1191196	9
1545	1192740	82
1546	1194285	13
1547	1195831	7
1548	1197378	13
1549	1198926	149
1550	1200475	22
1551	1202025	15
1552	1203576	20
1553	1205128	15
1554	1206681	15
1555	1208235	18
1556	1209790	7
1557	1211346	12
1558	1212903	7
1559	1214461	12
1560	1216020	390
1561	1217580	13
1562	1219141	12
1563	1220703	14
1564	1222266	13
1565	1223830	12
1566	1225395	13
1567	1226961	87
1568	1228528	13
1569	1230096	256
1570	1231665	11
1571	1233235	7
1572	1234806	140
1573	1236378	23
1574	1237951	11
1575	1239525	161
1576	1241100	17
1577	1242676	13
1578	1244253	9
1579	1245831	16
1580	1247410	12
1581	1248990	12
1582	1250571	13
1583	1252153	18
1584	1253736	9
1585	1255320	11
1586	1256905	14
1587	1258491	97
1588	1260078	31
1589	1261666	11
1590	1263255	33
1591	1264845	12
1592	1266436	14
1593	1268028	13
1594	1269621	17
1595	1271215	13
1596	1272810	14
1597	1274406	11
1598	1276003	12
1599	1277601	25
1600	1279200	11
1601	1280800	16
1602	1282401	13
1603	1284003	13
1604	1285606	10
1605	1287210	9
1606	1288815	18
1607	1290421	11
1608	1292028	12
1609	1293636	154
1610	1295245	9
1611	1296855	8
1612	1298466	13
1613	1300078	18
1614	1301691	10
1615	1303305	14
1616	1304920	28
1617	1306536	14
1618	1308153	22
1619	1309771	14
1620	1311390	11
1621	1313010	22
1622	1314631	113
1623	1316253	16
1624	1317876	15
1625	1319500	14
1626	1321125	15
1627	1322751	15
1628	1324378	9
1629	1326006	10
1630	1327635	15
1631	1329265	11
1632	1330896	16
1633	1332528	13
1634	1334161	15
1635	1335795	11
1636	1337430	21
1637	1339066	14
1638	1340703	12
1639	1342341	11
1640	1343980	11
1641	1345620	164
1642	1347261	20
1643	1348903	12
1644	1350546	15
1645	1352190	10
1646	1353835	13
1647	1355481	13
1648	1357128	147
1649	1358776	18
1650	1360425	11
1651	1362075	14
1652	1363726	15
1653	1365378	21
1654	1367031	14
1655	1368685	14
1656	1370340	21
1657	1371996	10
1658	1373653	16
1659	1375311	19
1660	1376970	144
1661	1378630	103
1662	1380291	13
1663	1381953	18
1664	1383616	16
1665	1385280	10
1666	1386945	155
1667	1388611	13
1668	1390278	15
1669	1391946	21
1670	1393615	7
1671	1395285	16
1672	1396956	10
1673	1398628	17
1674	1400301	18
1675	1401975	10
1676	1403650	15
1677	1405326	17
1678	1407003	13
1679	1408681	12
1680	1410360	13
1681	1412040	19
1682	1413721	14
1683	1415403	16
1684	1417086	13
1685	1418770	7
1686	1420455	11
1687	1422141	22
1688	1423828	14
1689	1425516	12
1690	1427205	11
1691	1428895	13
1692	1430586	20
1693	1432278	14
1694	1433971	23
1695	1435665	96
1696	1437360	7
1697	1439056	12
1698	1440753	20
1699	1442451	12
1700	1444150	16
1701	1445850	17
1702	1447551	10
1703	1449253	13
1704	1450956	16
1705	1452660	142
1706	1454365	10
1707	1456071	16
1708	1457778	10
1709	1459486	18
1710	1461195	9
1711	1462905	10
1712	1464616	17
1713	1466328	16
1714	1468041	86
1715	1469755	16
1716	1471470	22
1717	1473186	8
1718	1474903	25
1719	1476621	10
1720	1478340	21
1721	1480060	17
1722	1481781	7
1723	1483503	18
1724	1485226	10
1725	1486950	16
1726	1488675	10
1727	1490401	13
1728	1492128	25
1729	1493856	11
1730	1495585	22
1731	1497315	15
1732	1499046	10
1733	1500778	18
1734	1502511	10
1735	1504245	79
1736	1505980	19
1737	1507716	76
1738	1509453	8
1739	1511191	17
1740	1512930	12
1741	1514670	30
1742	1516411	18
1743	1518153	17
1744	1519896	12
1745	1521640	8
1746	1523385	14
1747	1525131	15
1748	1526878	8
1749	1528626	29
1750	1530375	25
1751	1532125	8
1752	1533876	16
1753	1535628	10
1754	1537381	28
1755	1539135	12
1756	1540890	18
1757	1542646	9
1758	1544403	20
1759	1546161	14
1760	1547920	13
1761	1549680	11
1762	1551441	19
1763	1553203	18
1764	1554966	11
1765	1556730	21
1766	1558495	14
1767	1560261	13
1768	1562028	31
1769	1563796	8
1770	1565565	18
1771	1567335	18
1772	1569106	8
1773	1570878	10
1774	1572651	16
1775	1574425	18
1776	1576200	13
1777	1577976	14
1778	1579753	14
1779	1581531	19
1780	1583310	26
1781	1585090	26
1782	1586871	10
1783	1588653	21
1784	1590436	12
1785	1592220	11
1786	1594005	18
1787	1595791	29
1788	1597578	9
1789	1599366	506
1790	1601155	8
1791	1602945	18
1792	1604736	50
1793	1606528	95
1794	1608321	19
1795	1610115	14
1796	1611910	19
1797	1613706	18
1798	1615503	124
1799	1617301	13
1800	1619100	72
1801	1620900	10
1802	1622701	17
1803	1624503	146
1804	1626306	20
1805	1628110	13
1806	1629915	155
1807	1631721	55
1808	1633528	16
1809	1635336	15
1810	1637145	41
1811	1638955	10
1812	1640766	12
1813	1642578	16
1814	1644391	57
1815	1646205	13
1816	1648020	13
1817	1649836	17
1818	1651653	13
1819	1653471	11
1820	1655290	19
1821	1657110	12
1822	1658931	112
1823	1660753	15
1824	1662576	10
1825	1664400	119
1826	1666225	14
1827	1668051	84
1828	1669878	11
1829	1671706	14
1830	1673535	11
1831	1675365	18
1832	1677196	12
1833	1679028	12
1834	1680861	12
1835	1682695	12
1836	1684530	13
1837	1686366	15
1838	1688203	11
1839	1690041	15
1840	1691880	135
1841	1693720	18
1842	1695561	121
1843	1697403	9
1844	1699246	14
1845	1701090	14
1846	1702935	127
1847	1704781	10
1848	1706628	12
1849	1708476	12
1850	1710325	10
1851	1712175	148
1852	1714026	9
1853	1715878	154
1854	1717731	12
1855	1719585	15
1856	1721440	38
1857	1723296	18
1858	1725153	10
1859	1727011	10
1860	1728870	12
1861	1730730	9
1862	1732591	14
1863	1734453	15
1864	1736316	17
1865	1738180	13
1866	1740045	9
1867	1741911	10
1868	1743778	13
1869	1745646	9
1870	1747515	11
1871	1749385	129
1872	1751256	9
1873	1753128	10
1874	1755001	10
1875	1756875	537
1876	1758750	9
1877	1760626	13
1878	1762503	10
1879	1764381	11
1880	1766260	10
1881	1768140	16
1882	1770021	10
1883	1771903	13
1884	1773786	16
1885	1775670	13
1886	1777555	13
1887	1779441	9
1888	1781328	13
1889	1783216	14
1890	1785105	17
1891	1786995	73
1892	1788886	13
1893	1790778	19
1894	1792671	13
1895	1794565	11
1896	1796460	10
1897	1798356	14
1898	1800253	48
1899	1802151	12
1900	1804050	9
1901	1805950	10
1902	1807851	18
1903	1809753	12
1904	1811656	14
1905	1813560	15
1906	1815465	19
1907	1817371	17
1908	1819278	10
1909	1821186	18
1910	1823095	15
1911	1825005	20
1912	1826916	10
1913	1828828	10
1914	1830741	10
1915	1832655	17
1916	1834570	14
1917	1836486	10
1918	1838403	17
1919	1840321	52
1920	1842240	16
1921	1844160	15
1922	1846081	140
1923	1848003	10
1924	1849926	10
1925	1851850	17
1926	1853775	16
1927	1855701	11
1928	1857628	15
1929	1859556	133
1930	1861485	10
1931	1863415	11
1932	1865346	13
1933	1867278	102
1934	1869211	14
1935	1871145	10
1936	1873080	14
1937	1875016	20
1938	1876953	137
1939	1878891	18
1940	1880830	14
1941	1882770	21
1942	1884711	13
1943	1886653	102
1944	1888596	16
1945	1890540	15
1946	1892485	10
1947	1894431	11
1948	1896378	12
1949	1898326	21
1950	1900275	13
1951	1902225	10
1952	1904176	16
1953	1906128	13
1954	1908081	18
1955	1910035	14
1956	1911990	15
1957	1913946	129
1958	1915903	15
1959	1917861	11
1960	1919820	153
1961	1921780	10
1962	1923741	13
1963	1925703	13
1964	1927666	10
1965	1929630	14
1966	1931595	10
1967	1933561	17
1968	1935528	11
1969	1937496	102
1970	1939465	139
1971	1941435	15
1972	1943406	10
1973	1945378	15
1974	1947351	18
1975	1949325	14
1976	1951300	13
1977	1953276	149
1978	1955253	17
1979	1957231	11
1980	1959210	16
1981	1961190	13
1982	1963171	11
1983	1965153	10
1984	1967136	16
1985	1969120	123
1986	1971105	15
1987	1973091	13
1988	1975078	19
1989	1977066	10
1990	1979055	10
1991	1981045	14
1992	1983036	10
1993	1985028	38
1994	1987021	13
1995	1989015	14
1996	1991010	10
1997	1993006	46
1998	1995003	11
1999	1997001	14
2000	1999000	15
2001	2001000	11
2002	2003001	23
2003	2005003	84
2004	2007006	21
2005	2009010	16
2006	2011015	14
2007	2013021	116
2008	2015028	15
2009	2017036	19
2010	2019045	12
2011	2021055	15
2012	2023066	13
2013	2025078	150
2014	2027091	17
2015	2029105	19
2016	2031120	11
2017	2033136	18
2018	2035153	13
2019	2037171	13
2020	2039190	10
2021	2041210	107
2022	2043231	13
2023	2045253	13
2024	2047276	18
2025	2049300	126
2026	2051325	13
2027	2053351	105
2028	2055378	15
2029	2057406	12
2030	2059435	14
2031	2061465	11
2032	2063496	130
2033	2065528	19
2034	2067561	21
2035	2069595	107
2036	2071630	56
2037	2073666	12
2038	2075703	141
2039	2077741	15
2040	2079780	10
2041	2081820	88
2042	2083861	17
2043	2085903	16
2044	2087946	11
2045	2089990	14
2046	2092035	16
2047	2094081	19
2048	2096128	11
2049	2098176	73
2050	2100225	144
2051	2102275	22
2052	2104326	10
2053	2106378	13
2054	2108431	20
2055	2110485	53
2056	2112540	166
2057	2114596	9
2058	2116653	15
2059	2118711	21
2060	2120770	21
2061	2122830	31
2062	2124891	14
2063	2126953	22
2064	2129016	20
2065	2131080	23
2066	2133145	29
2067	2135211	26
2068	2137278	32
2069	2139346	21
2070	2141415	19
2071	2143485	24
2072	2145556	24
2073	2147628	40
2074	2149701	9
2075	2151775	11
2076	2153850	169
2077	2155926	9
2078	2158003	34
2079	2160081	9
2080	2162160	9
2081	2164240	21
2082	2166321	22
2083	2168403	43
2084	2170486	10
2085	2172570	20
2086	2174655	12
2087	2176741	17
2088	2178828	10
2089	2180916	30
2090	2183005	24
2091	2185095	23
2092	2187186	24
2093	2189278	21
2094	2191371	156
2095	2193465	10
2096	2195560	34
2097	2197656	52
2098	2199753	57
2099	2201851	14
2100	2203950	21
2101	2206050	41
2102	2208151	16
2103	2210253	23
2104	2212356	29
2105	2214460	13
2106	2216565	30
2107	2218671	69
2108	2220778	9
2109	2222886	18
2110	2224995	13
2111	2227105	12
2112	2229216	12
2113	2231328	23
2114	2233441	21
2115	2235555	12
2116	2237670	33
2117	2239786	24
2118	2241903	14
2119	2244021	27
2120	2246140	24
2121	2248260	14
2122	2250381	24
2123	2252503	36
2124	2254626	41
2125	2256750	101
2126	2258875	26
2127	2261001	26
2128	2263128	21
2129	2265256	104
2130	2267385	25
2131	2269515	15
2132	2271646	43
2133	2273778	20
2134	2275911	19
2135	2278045	24
2136	2280180	14
2137	2282316	35
2138	2284453	22
2139	2286591	23
2140	2288730	21
2141	2290870	35
2142	2293011	104
2143	2295153	23
2144	2297296	15
2145	2299440	12
2146	2301585	19
2147	2303731	18
2148	2305878	26
2149	2308026	18
2150	2310175	90
2151	2312325	14
2152	2314476	162
2153	2316628	19
2154	2318781	20
2155	2320935	18
2156	2323090	12
2157	2325246	27
2158	2327403	25
2159	2329561	19
2160	2331720	158
2161	2333880	25
2162	2336041	129
2163	2338203	14
2164	2340366	14
2165	2342530	14
2166	2344695	29
2167	2346861	28
2168	2349028	104
2169	2351196	118
2170	2353365	122
2171	2355535	35
2172	2357706	14
2173	2359878	11
2174	2362051	19
2175	2364225	21
2176	2366400	25
2177	2368576	36
2178	2370753	28
2179	2372931	32
2180	2375110	38
2181	2377290	29
2182	2379471	13
2183	2381653	31
2184	2383836	20
2185	2386020	11
2186	2388205	20
2187	2390391	16
2188	2392578	23
2189	2394766	210
2190	2396955	23
2191	2399145	13
2192	2401336	12
2193	2403528	23
2194	2405721	32
2195	2407915	24
2196	2410110	23
2197	2412306	13
2198	2414503	30
2199	2416701	37
2200	2418900	18
2201	2421100	142
2202	2423301	28
2203	2425503	25
2204	2427706	85
2205	2429910	26
2206	2432115	24
2207	2434321	26
2208	2436528	11
2209	2438736	28
2210	2440945	45
2211	2443155	21
2212	2445366	14
2213	2447578	12
2214	2449791	20
2215	2452005	20
2216	2454220	22
2217	2456436	30
2218	2458653	23
2219	2460871	14
2220	2463090	17
2221	2465310	14
2222	2467531	84
2223	2469753	13
2224	2471976	11
2225	2474200	13
2226	2476425	16
2227	2478651	10
2228	2480878	18
2229	2483106	135
2230	2485335	29
2231	2487565	32
2232	2489796	63
2233	2492028	24
2234	2494261	14
2235	2496495	13
2236	2498730	200
2237	2500966	24
2238	2503203	136
2239	2505441	19
2240	2507680	14
2241	2509920	22
2242	2512161	24
2243	2514403	25
2244	2516646	15
2245	2518890	177
2246	2521135	157
2247	2523381	14
2248	2525628	22
2249	2527876	34
2250	2530125	145
2251	2532375	16
2252	2534626	11
2253	2536878	14
2254	2539131	29
2255	2541385	24
2256	2543640	16
2257	2545896	22
2258	2548153	20
2259	2550411	39
2260	2552670	11
2261	2554930	30
2262	2557191	151
2263	2559453	22
2264	2561716	10
2265	2563980	20
2266	2566245	30
2267	2568511	28
2268	2570778	15
2269	2573046	40
2270	2575315	17
2271	2577585	15
2272	2579856	11
2273	2582128	162
2274	2584401	130
2275	2586675	32
2276	2588950	19
2277	2591226	28
2278	2593503	31
2279	2595781	15
2280	2598060	25
2281	2600340	28
2282	2602621	31
2283	2604903	14
2284	2607186	29
2285	2609470	15
2286	2611755	32
2287	2614041	21
2288	2616328	11
2289	2618616	16
2290	2620905	28
2291	2623195	23
2292	2625486	121
2293	2627778	24
2294	2630071	28
2295	2632365	13
2296	2634660	15
2297	2636956	24
2298	2639253	14
2299	2641551	24
2300	2643850	32
2301	2646150	14
2302	2648451	117
2303	2650753	156
2304	2653056	191
2305	2655360	109
2306	2657665	22
2307	2659971	107
2308	2662278	23
2309	2664586	39
2310	2666895	14
2311	2669205	12
2312	2671516	19
2313	2673828	26
2314	2676141	14
2315	2678455	15
2316	2680770	32
2317	2683086	30
2318	2685403	29
2319	2687721	20
2320	2690040	21
2321	2692360	22
2322	2694681	15
2323	2697003	158
2324	2699326	21
2325	2701650	49
2326	2703975	22
2327	2706301	22
2328	2708628	20
2329	2710956	157
2330	2713285	73
2331	2715615	14
2332	2717946	17
2333	2720278	20
2334	2722611	19
2335	2724945	16
2336	2727280	110
2337	2729616	10
2338	2731953	22
2339	2734291	34
2340	2736630	19
2341	2738970	22
2342	2741311	29
2343	2743653	17
2344	2745996	27
2345	2748340	23
2346	2750685	20
2347	2753031	13
2348	2755378	28
2349	2757726	25
2350	2760075	28
2351	2762425	25
2352	2764776	15
2353	2767128	28
2354	2769481	33
2355	2771835	25
2356	2774190	61
2357	2776546	18
2358	2778903	30
2359	2781261	18
2360	2783620	15
2361	2785980	23
2362	2788341	15
2363	2790703	17
2364	2793066	18
2365	2795430	24
2366	2797795	20
2367	2800161	26
2368	2802528	27
2369	2804896	17
2370	2807265	20
2371	2809635	16
2372	2812006	21
2373	2814378	16
2374	2816751	25
2375	2819125	21
2376	2821500	21
2377	2823876	33
2378	2826253	91
2379	2828631	29
2380	2831010	15
2381	2833390	20
2382	2835771	16
2383	2838153	30
2384	2840536	14
2385	2842920	12
2386	2845305	25
2387	2847691	15
2388	2850078	19
2389	2852466	19
2390	2854855	11
2391	2857245	160
2392	2859636	94
2393	2862028	33
2394	2864421	26
2395	2866815	31
2396	2869210	17
2397	2871606	21
2398	2874003	23
2399	2876401	14
2400	2878800	19
2401	2881200	31
2402	2883601	26
2403	2886003	19
2404	2888406	31
2405	2890810	280
2406	2893215	14
2407	2895621	122
2408	2898028	21
2409	2900436	22
2410	2902845	24
2411	2905255	19
2412	2907666	19
2413	2910078	16
2414	2912491	18
2415	2914905	16
2416	2917320	20
2417	2919736	34
2418	2922153	16
2419	2924571	15
2420	2926990	16
2421	2929410	136
2422	2931831	27
2423	2934253	20
2424	2936676	11
2425	2939100	30
2426	2941525	19
2427	2943951	15
2428	2946378	52
2429	2948806	21
2430	2951235	12
2431	2953665	19
2432	2956096	80
2433	2958528	26
2434	2960961	27
2435	2963395	21
2436	2965830	22
2437	2968266	20
2438	2970703	18
2439	2973141	11
2440	2975580	12
2441	2978020	117
2442	2980461	529
2443	2982903	17
2444	2985346	15
2445	2987790	219
2446	2990235	12
2447	2992681	15
2448	2995128	11
2449	2997576	102
2450	3000025	13
2451	3002475	136
2452	3004926	21
2453	3007378	15
2454	3009831	20
2455	3012285	25
2456	3014740	16
2457	3017196	16
2458	3019653	19
2459	3022111	14
2460	3024570	23
2461	3027030	21
2462	3029491	13
2463	3031953	25
2464	3034416	26
2465	3036880	12
2466	3039345	16
2467	3041811	16
2468	3044278	26
2469	3046746	11
2470	3049215	15
2471	3051685	15
2472	3054156	37
2473	3056628	24
2474	3059101	18
2475	3061575	18
2476	3064050	14
2477	3066526	39
2478	3069003	24
2479	3071481	17
2480	3073960	31
2481	3076440	15
2482	3078921	16
2483	3081403	16
2484	3083886	24
2485	3086370	15
2486	3088855	15
2487	3091341	175
2488	3093828	17
2489	3096316	22
2490	3098805	14
2491	3101295	34
2492	3103786	23
2493	3106278	22
2494	3108771	16
2495	3111265	39
2496	3113760	18
2497	3116256	22
2498	3118753	17
2499	3121251	11
2500	3123750	15
2501	3126250	22
2502	3128751	19
2503	3131253	21
2504	3133756	37
2505	3136260	15
2506	3138765	20
2507	3141271	20
2508	3143778	15
2509	3146286	18
2510	3148795	24
2511	3151305	71
2512	3153816	27
2513	3156328	25
2514	3158841	18
2515	3161355	17
2516	3163870	80
2517	3166386	23
2518	3168903	23
2519	3171421	169
2520	3173940	277
2521	3176460	17
2522	3178981	21
2523	3181503	35
2524	3184026	27
2525	3186550	530
2526	3189075	23
2527	3191601	191
2528	3194128	163
2529	3196656	22
2530	3199185	23
2531	3201715	189
2532	3204246	83
2533	3206778	19
2534	3209311	171
2535	3211845	22
2536	3214380	18
2537	3216916	16
2538	3219453	16
2539	3221991	41
2540	3224530	76
2541	3227070	156
2542	3229611	19
2543	3232153	54
2544	3234696	16
2545	3237240	20
2546	3239785	145
2547	3242331	20
2548	3244878	22
2549	3247426	23
2550	3249975	18
2551	3252525	18
2552	3255076	17
2553	3257628	11
2554	3260181	19
2555	3262735	21
2556	3265290	11
2557	3267846	29
2558	3270403	15
2559	3272961	16
2560	3275520	19
2561	3278080	160
2562	3280641	16
2563	3283203	39
2564	3285766	26
2565	3288330	26
2566	3290895	131
2567	3293461	22
2568	3296028	22
2569	3298596	35
2570	3301165	32
2571	3303735	24
2572	3306306	245
2573	3308878	190
2574	3311451	34
2575	3314025	73
2576	3316600	31
2577	3319176	21
2578	3321753	36
2579	3324331	17
2580	3326910	18
2581	3329490	18
2582	3332071	25
2583	3334653	63
2584	3337236	43
2585	3339820	26
2586	3342405	144
2587	3344991	22
2588	3347578	139
2589	3350166	25
2590	3352755	16
2591	3355345	142
2592	3357936	27
2593	3360528	18
2594	3363121	34
2595	3365715	26
2596	3368310	17
2597	3370906	27
2598	3373503	32
2599	3376101	131
2600	3378700	34
2601	3381300	123
2602	3383901	24
2603	3386503	158
2604	3389106	13
2605	3391710	13
2606	3394315	20
2607	3396921	24
2608	3399528	26
2609	3402136	129
2610	3404745	24
2611	3407355	17
2612	3409966	25
2613	3412578	28
2614	3415191	16
2615	3417805	30
2616	3420420	39
2617	3423036	16
2618	3425653	28
2619	3428271	18
2620	3430890	17
2621	3433510	19
2622	3436131	20
2623	3438753	49
2624	3441376	36
2625	3444000	35
2626	3446625	13
2627	3449251	26
2628	3451878	22
2629	3454506	37
2630	3457135	24
2631	3459765	27
2632	3462396	13
2633	3465028	31
2634	3467661	28
2635	3470295	51
2636	3472930	26
2637	3475566	36
2638	3478203	37
2639	3480841	24
2640	3483480	13
2641	3486120	30
2642	3488761	23
2643	3491403	17
2644	3494046	29
2645	3496690	20
2646	3499335	25
2647	3501981	20
2648	3504628	28
2649	3507276	30
2650	3509925	20
2651	3512575	29
2652	3515226	22
2653	3517878	24
2654	3520531	53
2655	3523185	39
2656	3525840	30
2657	3528496	15
2658	3531153	19
2659	3533811	46
2660	3536470	18
2661	3539130	44
2662	3541791	13
2663	3544453	23
2664	3547116	30
2665	3549780	82
2666	3552445	38
2667	3555111	17
2668	3557778	38
2669	3560446	22
2670	3563115	40
2671	3565785	17
2672	3568456	16
2673	3571128	42
2674	3573801	24
2675	3576475	29
2676	3579150	19
2677	3581826	39
2678	3584503	22
2679	3587181	27
2680	3589860	35
2681	3592540	13
2682	3595221	29
2683	3597903	30
2684	3600586	18
2685	3603270	14
2686	3605955	21
2687	3608641	44
2688	3611328	27
2689	3614016	23
2690	3616705	23
2691	3619395	27
2692	3622086	30
2693	3624778	24
2694	3627471	18
2695	3630165	26
2696	3632860	182
2697	3635556	18
2698	3638253	28
2699	3640951	30
2700	3643650	140
2701	3646350	29
2702	3649051	20
2703	3651753	26
2704	3654456	25
2705	3657160	42
2706	3659865	49
2707	3662571	14
2708	3665278	21
2709	3667986	25
2710	3670695	17
2711	3673405	35
2712	3676116	31
2713	3678828	23
2714	3681541	20
2715	3684255	23
2716	3686970	29
2717	3689686	15
2718	3692403	28
2719	3695121	17
2720	3697840	298
2721	3700560	17
2722	3703281	160
2723	3706003	28
2724	3708726	16
2725	3711450	20
2726	3714175	28
2727	3716901	21
2728	3719628	38
2729	3722356	23
2730	3725085	16
2731	3727815	16
2732	3730546	325
2733	3733278	31
2734	3736011	24
2735	3738745	21
2736	3741480	24
2737	3744216	20
2738	3746953	16
2739	3749691	38
2740	3752430	61
2741	3755170	29
2742	3757911	17
2743	3760653	19
2744	3763396	84
2745	3766140	22
2746	3768885	521
2747	3771631	31
2748	3774378	21
2749	3777126	303
2750	3779875	31
2751	3782625	21
2752	3785376	20
2753	3788128	20
2754	3790881	26
2755	3793635	59
2756	3796390	50
2757	3799146	26
2758	3801903	215
2759	3804661	110
2760	3807420	16
2761	3810180	17
2762	3812941	22
2763	3815703	82
2764	3818466	674
2765	3821230	23
2766	3823995	180
2767	3826761	16
2768	3829528	92
2769	3832296	153
2770	3835065	62
2771	3837835	24
2772	3840606	20
2773	3843378	28
2774	3846151	184
2775	3848925	22
2776	3851700	32
2777	3854476	26
2778	3857253	28
2779	3860031	14062
2780	3862810	16
2781	3865590	47
2782	3868371	22
2783	3871153	24
2784	3873936	69
2785	3876720	272
2786	3879505	24
2787	3882291	17
2788	3885078	22
2789	3887866	26
2790	3890655	20
2791	3893445	19
2792	3896236	36
2793	3899028	321
2794	3901821	114
2795	3904615	141
2796	3907410	17
2797	3910206	158
2798	3913003	30
2799	3915801	186
2800	3918600	21
2801	3921400	175
2802	3924201	239
2803	3927003	18
2804	3929806	20
2805	3932610	83
2806	3935415	33
2807	3938221	157
2808	3941028	108
2809	3943836	32
2810	3946645	21
2811	3949455	22
2812	3952266	21
2813	3955078	21
2814	3957891	23
2815	3960705	92
2816	3963520	47
2817	3966336	178
2818	3969153	23
2819	3971971	206
2820	3974790	17
2821	3977610	75
2822	3980431	177
2823	3983253	17
2824	3986076	334
2825	3988900	21
2826	3991725	18
2827	3994551	115
2828	3997378	191
2829	4000206	690
2830	4003035	28
2831	4005865	21
2832	4008696	24
2833	4011528	24
2834	4014361	70
2835	4017195	52
2836	4020030	203
2837	4022866	28
2838	4025703	401
2839	4028541	28
2840	4031380	23
2841	4034220	16
2842	4037061	117
2843	4039903	42
2844	4042746	23
2845	4045590	163
2846	4048435	111
2847	4051281	33
2848	4054128	144
2849	4056976	53
2850	4059825	168
2851	4062675	23
2852	4065526	25
2853	4068378	27
2854	4071231	112
2855	4074085	61
2856	4076940	202
2857	4079796	20
2858	4082653	24
2859	4085511	21
2860	4088370	26
2861	4091230	24
2862	4094091	276
2863	4096953	178
2864	4099816	741
2865	4102680	276
2866	4105545	194
2867	4108411	20
2868	4111278	34
2869	4114146	71
2870	4117015	23
2871	4119885	22
2872	4122756	25
2873	4125628	72
2874	4128501	23
2875	4131375	130
2876	4134250	23
2877	4137126	21
2878	4140003	18
2879	4142881	17
2880	4145760	18
2881	4148640	745
2882	4151521	92
2883	4154403	17
2884	4157286	125
2885	4160170	261
2886	4163055	1247
2887	4165941	23
2888	4168828	99
2889	4171716	27
2890	4174605	109
2891	4177495	54
2892	4180386	43
2893	4183278	93
2894	4186171	87
2895	4189065	78
2896	4191960	21
2897	4194856	25
2898	4197753	17
2899	4200651	16
2900	4203550	150
2901	4206450	199
2902	4209351	174
2903	4212253	31
2904	4215156	15
2905	4218060	109
2906	4220965	19
2907	4223871	357
2908	4226778	666
2909	4229686	33
2910	4232595	914
2911	4235505	17
2912	4238416	73
2913	4241328	16
2914	4244241	37
2915	4247155	23
2916	4250070	80
2917	4252986	30
2918	4255903	29
2919	4258821	24
2920	4261740	171
2921	4264660	27
2922	4267581	22
2923	4270503	38
2924	4273426	27
2925	4276350	32
2926	4279275	17
2927	4282201	24
2928	4285128	154
2929	4288056	21
2930	4290985	89
2931	4293915	169
2932	4296846	134
2933	4299778	65
2934	4302711	16
2935	4305645	26
2936	4308580	86
2937	4311516	95
2938	4314453	39
2939	4317391	31
2940	4320330	16
2941	4323270	24
2942	4326211	16
2943	4329153	22
2944	4332096	55
2945	4335040	247
2946	4337985	33
2947	4340931	18
2948	4343878	24
2949	4346826	17
2950	4349775	124
2951	4352725	31
2952	4355676	25
2953	4358628	25
2954	4361581	46
2955	4364535	228
2956	4367490	39
2957	4370446	1833
2958	4373403	20
2959	4376361	32
2960	4379320	137
2961	4382280	216
2962	4385241	25
2963	4388203	21
2964	4391166	604
2965	4394130	35
2966	4397095	33
2967	4400061	24
2968	4403028	25
2969	4405996	24
2970	4408965	17
2971	4411935	19
2972	4414906	25
2973	4417878	24
2974	4420851	24
2975	4423825	17
2976	4426800	20
2977	4429776	21
2978	4432753	27
2979	4435731	37
2980	4438710	25
2981	4441690	20
2982	4444671	18
2983	4447653	29
2984	4450636	160
2985	4453620	135
2986	4456605	29
2987	4459591	194
2988	4462578	21
2989	4465566	110
2990	4468555	91
2991	4471545	35
2992	4474536	24
2993	4477528	24
2994	4480521	47
2995	4483515	2555
2996	4486510	47
2997	4489506	146
2998	4492503	308
2999	4495501	113
3000	4498500	125
3001	4501500	36
3002	4504501	26
3003	4507503	55
3004	4510506	22
3005	4513510	22
3006	4516515	495
3007	4519521	16
3008	4522528	174
3009	4525536	39
3010	4528545	86
3011	4531555	99
3012	4534566	406
3013	4537578	25
3014	4540591	214
3015	4543605	18
3016	4546620	36
3017	4549636	175
3018	4552653	31
3019	4555671	18
3020	4558690	25
3021	4561710	21
3022	4564731	320
3023	4567753	238
3024	4570776	22
3025	4573800	28
3026	4576825	25
3027	4579851	23
3028	4582878	169
3029	4585906	39
3030	4588935	98
3031	4591965	65
3032	4594996	71
3033	4598028	71
3034	4601061	164
3035	4604095	34
3036	4607130	168
3037	4610166	94
3038	4613203	38
3039	4616241	24
3040	4619280	23
3041	4622320	274
3042	4625361	106
3043	4628403	210
3044	4631446	59
3045	4634490	48
3046	4637535	246
3047	4640581	24
3048	4643628	174
3049	4646676	28
3050	4649725	129
3051	4652775	56
3052	4655826	43
3053	4658878	36
3054	4661931	49
3055	4664985	64
3056	4668040	23
3057	4671096	541
3058	4674153	61
3059	4677211	91
3060	4680270	87
3061	4683330	270
3062	4686391	21
3063	4689453	230
3064	4692516	101
3065	4695580	17
3066	4698645	23
3067	4701711	19
3068	4704778	18
3069	4707846	35
3070	4710915	20
3071	4713985	24
3072	4717056	28
3073	4720128	46
3074	4723201	133
3075	4726275	470
3076	4729350	27
3077	4732426	2914
3078	4735503	28
3079	4738581	22
3080	4741660	535
3081	4744740	21
3082	4747821	706
3083	4750903	39
3084	4753986	19
3085	4757070	15
3086	4760155	632
3087	4763241	544
3088	4766328	46
3089	4769416	259
3090	4772505	267
3091	4775595	522
3092	4778686	54
3093	4781778	549
3094	4784871	380
3095	4787965	93
3096	4791060	41
3097	4794156	575
3098	4797253	177
3099	4800351	535
3100	4803450	21
3101	4806550	34
3102	4809651	284
3103	4812753	142
3104	4815856	168
3105	4818960	601
3106	4822065	868
3107	4825171	213
3108	4828278	1711
3109	4831386	508
3110	4834495	535
3111	4837605	109
3112	4840716	92
3113	4843828	132
3114	4846941	696
3115	4850055	30
3116	4853170	2839
3117	4856286	23
3118	4859403	28
3119	4862521	304
3120	4865640	171
3121	4868760	1619
3122	4871881	23
3123	4875003	67
3124	4878126	85
3125	4881250	24
3126	4884375	109
3127	4887501	232
3128	4890628	47
3129	4893756	55
3130	4896885	50
3131	4900015	524
3132	4903146	822
3133	4906278	3976
3134	4909411	254
3135	4912545	501
3136	4915680	539
3137	4918816	151
3138	4921953	31
3139	4925091	98
3140	4928230	60
3141	4931370	467
3142	4934511	37
3143	4937653	271
3144	4940796	419
3145	4943940	1280
3146	4947085	37
3147	4950231	633
3148	4953378	18
3149	4956526	92
3150	4959675	2108
3151	4962825	2767
3152	4965976	20
3153	4969128	67
3154	4972281	526
3155	4975435	520
3156	4978590	297
3157	4981746	1099
3158	4984903	22
3159	4988061	162
3160	4991220	46
3161	4994380	18
3162	4997541	57
3163	5000703	49
3164	5003866	271
3165	5007030	244
3166	5010195	321
3167	5013361	33
3168	5016528	55
3169	5019696	526
3170	5022865	22
3171	5026035	337
3172	5029206	20
3173	5032378	115
3174	5035551	70
3175	5038725	22
3176	5041900	77
3177	5045076	423
3178	5048253	24
3179	5051431	275
3180	5054610	253
3181	5057790	19
3182	5060971	21
3183	5064153	25
3184	5067336	190
3185	5070520	340
3186	5073705	33
3187	5076891	27
3188	5080078	21
3189	5083266	280
3190	5086455	27
3191	5089645	1101
3192	5092836	1521
3193	5096028	16
3194	5099221	22
3195	5102415	246
3196	5105610	302
3197	5108806	3261
3198	5112003	529
3199	5115201	934
3200	5118400	72
3201	5121600	51
3202	5124801	171
3203	5128003	178
3204	5131206	23
3205	5134410	803
3206	5137615	582
3207	5140821	305
3208	5144028	885
3209	5147236	373
3210	5150445	78
3211	5153655	413
3212	5156866	22
3213	5160078	1143
3214	5163291	463
3215	5166505	265
3216	5169720	25
3217	5172936	70
3218	5176153	497
3219	5179371	220
3220	5182590	44
3221	5185810	33
3222	5189031	18
3223	5192253	288
3224	5195476	34
3225	5198700	721
3226	5201925	626
3227	5205151	382
3228	5208378	45
3229	5211606	48
3230	5214835	21
3231	5218065	984
3232	5221296	71
3233	5224528	32
3234	5227761	1877
3235	5230995	924
3236	5234230	568
3237	5237466	437
3238	5240703	29
3239	5243941	25
3240	5247180	340
3241	5250420	580
3242	5253661	468
3243	5256903	49
3244	5260146	515
3245	5263390	61
3246	5266635	436
3247	5269881	106
3248	5273128	23
3249	5276376	188
3250	5279625	142
3251	5282875	232
3252	5286126	22
3253	5289378	18
3254	5292631	28
3255	5295885	26
3256	5299140	62
3257	5302396	201
3258	5305653	24
3259	5308911	21
3260	5312170	517
3261	5315430	169
3262	5318691	375
3263	5321953	45
3264	5325216	722
3265	5328480	29
3266	5331745	408
3267	5335011	267
3268	5338278	338
3269	5341546	225
3270	5344815	185
3271	5348085	21
3272	5351356	645
3273	5354628	87
3274	5357901	2192
3275	5361175	225
3276	5364450	85
3277	5367726	19
3278	5371003	20
3279	5374281	25
3280	5377560	192
3281	5380840	60
3282	5384121	52
3283	5387403	30
3284	5390686	1484
3285	5393970	260
3286	5397255	45
3287	5400541	476
3288	5403828	41
3289	5407116	142
3290	5410405	2902
3291	5413695	30
3292	5416986	28
3293	5420278	78
3294	5423571	2301
3295	5426865	65
3296	5430160	350
3297	5433456	391
3298	5436753	70
3299	5440051	475
3300	5443350	766
3301	5446650	55
3302	5449951	624
3303	5453253	168
3304	5456556	161
3305	5459860	15
3306	5463165	1281
3307	5466471	732
3308	5469778	18
3309	5473086	78
3310	5476395	45
3311	5479705	164
3312	5483016	22
3313	5486328	29
3314	5489641	878
3315	5492955	46
3316	5496270	41
3317	5499586	466
3318	5502903	502
3319	5506221	369
3320	5509540	25
3321	5512860	871
3322	5516181	193
3323	5519503	490
3324	5522826	20
3325	5526150	24
3326	5529475	21
3327	5532801	378
3328	5536128	987
3329	5539456	170
3330	5542785	626
3331	5546115	41
3332	5549446	23
3333	5552778	36
3334	5556111	405
3335	5559445	33
3336	5562780	550
3337	5566116	290
3338	5569453	1548
3339	5572791	19
3340	5576130	47
3341	5579470	861
3342	5582811	25
3343	5586153	25
3344	5589496	21
3345	5592840	588
3346	5596185	1149
3347	5599531	295
3348	5602878	333
3349	5606226	74
3350	5609575	442
3351	5612925	37
3352	5616276	20
3353	5619628	274
3354	5622981	446
3355	5626335	44
3356	5629690	404
3357	5633046	26
3358	5636403	758
3359	5639761	180
3360	5643120	19
3361	5646480	376
3362	5649841	353
3363	5653203	394
3364	5656566	535
3365	5659930	804
3366	5663295	780
3367	5666661	44
3368	5670028	23
3369	5673396	23
3370	5676765	1981
3371	5680135	459
3372	5683506	197
3373	5686878	373
3374	5690251	620
3375	5693625	427
3376	5697000	505
3377	5700376	24
3378	5703753	780
3379	5707131	215
3380	5710510	23
3381	5713890	19
3382	5717271	570
3383	5720653	60
3384	5724036	744
3385	5727420	167
3386	5730805	611
3387	5734191	27
3388	5737578	686
3389	5740966	25
3390	5744355	58
3391	5747745	26
3392	5751136	585
3393	5754528	112
3394	5757921	25
3395	5761315	29
3396	5764710	423
3397	5768106	74
3398	5771503	395
3399	5774901	340
3400	5778300	632
3401	5781700	43
3402	5785101	211
3403	5788503	85
3404	5791906	384
3405	5795310	217
3406	5798715	133
3407	5802121	805
3408	5805528	4266
3409	5808936	146
3410	5812345	51
3411	5815755	197
3412	5819166	37
3413	5822578	184
3414	5825991	629
3415	5829405	378
3416	5832820	50
3417	5836236	79
3418	5839653	17
3419	5843071	971
3420	5846490	18
3421	5849910	284
3422	5853331	127
3423	5856753	346
3424	5860176	23
3425	5863600	125
3426	5867025	871
3427	5870451	240
3428	5873878	1430
3429	5877306	221
3430	5880735	53
3431	5884165	255
3432	5887596	404
3433	5891028	147
3434	5894461	214
3435	5897895	22
3436	5901330	79
3437	5904766	308
3438	5908203	31
3439	5911641	951
3440	5915080	3907
3441	5918520	281
3442	5921961	758
3443	5925403	28
3444	5928846	216
3445	5932290	180
3446	5935735	550
3447	5939181	24
3448	5942628	303
3449	5946076	57
3450	5949525	139
3451	5952975	35
3452	5956426	440
3453	5959878	363
3454	5963331	43
3455	5966785	246
3456	5970240	31
3457	5973696	32
3458	5977153	1427
3459	5980611	373
3460	5984070	95
3461	5987530	1472
3462	5990991	365
3463	5994453	1682
3464	5997916	335
3465	6001380	50
3466	6004845	783
3467	6008311	177
3468	6011778	6592
3469	6015246	115
3470	6018715	106
3471	6022185	280
3472	6025656	73
3473	6029128	431
3474	6032601	243
3475	6036075	1722
3476	6039550	400
3477	6043026	205
3478	6046503	74
3479	6049981	25
3480	6053460	366
3481	6056940	541
3482	6060421	68
3483	6063903	1360
3484	6067386	129
3485	6070870	380
3486	6074355	990
3487	6077841	374
3488	6081328	203
3489	6084816	85
3490	6088305	339
3491	6091795	26
3492	6095286	96
3493	6098778	413
3494	6102271	300
3495	6105765	27
3496	6109260	353
3497	6112756	47
3498	6116253	315
3499	6119751	51
3500	6123250	379
3501	6126750	279
3502	6130251	1453
3503	6133753	251
3504	6137256	88
3505	6140760	114
3506	6144265	462
3507	6147771	645
3508	6151278	88
3509	6154786	32
3510	6158295	27
3511	6161805	325
3512	6165316	50
3513	6168828	30
3514	6172341	178
3515	6175855	277
3516	6179370	394
3517	6182886	30
3518	6186403	39
3519	6189921	27
3520	6193440	351
3521	6196960	178
3522	6200481	383
3523	6204003	26
3524	6207526	71
3525	6211050	385
3526	6214575	27
3527	6218101	388
3528	6221628	255
3529	6225156	32
3530	6228685	316
3531	6232215	494
3532	6235746	733
3533	6239278	61
3534	6242811	267
3535	6246345	431
3536	6249880	7653
3537	6253416	35
3538	6256953	67
3539	6260491	131
3540	6264030	220
3541	6267570	26
3542	6271111	21
3543	6274653	1558
3544	6278196	462
3545	6281740	30
3546	6285285	49
3547	6288831	85
3548	6292378	303
3549	6295926	58
3550	6299475	291
3551	6303025	593
3552	6306576	374
3553	6310128	1339
3554	6313681	351
3555	6317235	60
3556	6320790	48
3557	6324346	30
3558	6327903	294
3559	6331461	32
3560	6335020	288
3561	6338580	1766
3562	6342141	198
3563	6345703	440
3564	6349266	27
3565	6352830	72
3566	6356395	30
3567	6359961	249
3568	6363528	30
3569	6367096	227
3570	6370665	73
3571	6374235	475
3572	6377806	1022
3573	6381378	410
3574	6384951	182
3575	6388525	427
3576	6392100	976
3577	6395676	471
3578	6399253	1022
3579	6402831	386
3580	6406410	79
3581	6409990	59
3582	6413571	1380
3583	6417153	291
3584	6420736	231
3585	6424320	247
3586	6427905	212
3587	6431491	2453
3588	6435078	245
3589	6438666	493
3590	6442255	88
3591	6445845	228
3592	6449436	153
3593	6453028	1138
3594	6456621	522
3595	6460215	140
3596	6463810	112
3597	6467406	172
3598	6471003	1070
3599	6474601	155
3600	6478200	344
3601	6481800	31
3602	6485401	3015
3603	6489003	169
3604	6492606	201
3605	6496210	472
3606	6499815	1560
3607	6503421	218
3608	6507028	215
3609	6510636	97
3610	6514245	262
3611	6517855	183
3612	6521466	147
3613	6525078	272
3614	6528691	199
3615	6532305	1236
3616	6535920	242
3617	6539536	105
3618	6543153	324
3619	6546771	105
3620	6550390	101
3621	6554010	205
3622	6557631	200
3623	6561253	99
3624	6564876	237
3625	6568500	167
3626	6572125	53
3627	6575751	109
3628	6579378	515
3629	6583006	82
3630	6586635	118
3631	6590265	263
3632	6593896	204
3633	6597528	76
3634	6601161	216
3635	6604795	774
3636	6608430	884
3637	6612066	246
3638	6615703	364
3639	6619341	216
3640	6622980	849
3641	6626620	155
3642	6630261	220
3643	6633903	199
3644	6637546	3975
3645	6641190	396
3646	6644835	134
3647	6648481	85
3648	6652128	337
3649	6655776	117
3650	6659425	92
3651	6663075	197
3652	6666726	95
3653	6670378	194
3654	6674031	85
3655	6677685	733
3656	6681340	446
3657	6684996	235
3658	6688653	287
3659	6692311	112
3660	6695970	1088
3661	6699630	70
3662	6703291	108
3663	6706953	201
3664	6710616	317
3665	6714280	1767
3666	6717945	290
3667	6721611	3339
3668	6725278	132
3669	6728946	241
3670	6732615	238
3671	6736285	562
3672	6739956	210
3673	6743628	104
3674	6747301	234
3675	6750975	142
3676	6754650	219
3677	6758326	85
3678	6762003	142
3679	6765681	71
3680	6769360	694
3681	6773040	188
3682	6776721	86
3683	6780403	744
3684	6784086	72
3685	6787770	277
3686	6791455	242
3687	6795141	202
3688	6798828	121
3689	6802516	217
3690	6806205	364
3691	6809895	466
3692	6813586	230
3693	6817278	204
3694	6820971	202
3695	6824665	153
3696	6828360	258
3697	6832056	160
3698	6835753	203
3699	6839451	471
3700	6843150	120
3701	6846850	273
3702	6850551	866
3703	6854253	209
3704	6857956	126
3705	6861660	145
3706	6865365	208
3707	6869071	239
3708	6872778	176
3709	6876486	753
3710	6880195	121
3711	6883905	1039
3712	6887616	470
3713	6891328	83
3714	6895041	199
3715	6898755	86
3716	6902470	677
3717	6906186	536
3718	6909903	105
3719	6913621	164
3720	6917340	238
3721	6921060	450
3722	6924781	91
3723	6928503	347
3724	6932226	126
3725	6935950	91
3726	6939675	1633
3727	6943401	85
3728	6947128	55
3729	6950856	180
3730	6954585	263
3731	6958315	313
3732	6962046	137
3733	6965778	161
3734	6969511	290
3735	6973245	184
3736	6976980	829
3737	6980716	198
3738	6984453	1900
3739	6988191	517
3740	6991930	728
3741	6995670	60
3742	6999411	285
3743	7003153	711
3744	7006896	115
3745	7010640	75
3746	7014385	167
3747	7018131	196
3748	7021878	169
3749	7025626	89
3750	7029375	274
3751	7033125	68
3752	7036876	229
3753	7040628	103
3754	7044381	117
3755	7048135	60
3756	7051890	177
3757	7055646	498
3758	7059403	693
3759	7063161	282
3760	7066920	348
3761	7070680	78
3762	7074441	142
3763	7078203	258
3764	7081966	70
3765	7085730	225
3766	7089495	110
3767	7093261	390
3768	7097028	415
3769	7100796	270
3770	7104565	1236
3771	7108335	82
3772	7112106	313
3773	7115878	340
3774	7119651	66
3775	7123425	217
3776	7127200	139
3777	7130976	149
3778	7134753	187
3779	7138531	895
3780	7142310	140
3781	7146090	140
3782	7149871	141
3783	7153653	3459
3784	7157436	544
3785	7161220	487
3786	7165005	159
3787	7168791	184
3788	7172578	196
3789	7176366	174
3790	7180155	221
3791	7183945	71
3792	7187736	89
3793	7191528	149
3794	7195321	828
3795	7199115	1387
3796	7202910	412
3797	7206706	449
3798	7210503	311
3799	7214301	206
3800	7218100	778
3801	7221900	2125
3802	7225701	94
3803	7229503	312
3804	7233306	277
3805	7237110	255
3806	7240915	125
3807	7244721	241
3808	7248528	95
3809	7252336	128
3810	7256145	1315
3811	7259955	443
3812	7263766	353
3813	7267578	108
3814	7271391	704
3815	7275205	75
3816	7279020	237
3817	7282836	91
3818	7286653	561
3819	7290471	55
3820	7294290	282
3821	7298110	501
3822	7301931	105
3823	7305753	4474
3824	7309576	62
3825	7313400	67
3826	7317225	540
3827	7321051	217
3828	7324878	200
3829	7328706	155
3830	7332535	916
3831	7336365	97
3832	7340196	77
3833	7344028	116
3834	7347861	447
3835	7351695	235
3836	7355530	597
3837	7359366	127
3838	7363203	119
3839	7367041	114
3840	7370880	155
3841	7374720	607
3842	7378561	967
3843	7382403	189
3844	7386246	578
3845	7390090	134
3846	7393935	1668
3847	7397781	148
3848	7401628	115
3849	7405476	148
3850	7409325	448
3851	7413175	321
3852	7417026	245
3853	7420878	104
3854	7424731	339
3855	7428585	336
3856	7432440	112
3857	7436296	86
3858	7440153	110
3859	7444011	322
3860	7447870	1211
3861	7451730	513
3862	7455591	432
3863	7459453	79
3864	7463316	88
3865	7467180	943
3866	7471045	684
3867	7474911	88
3868	7478778	179
3869	7482646	327
3870	7486515	358
3871	7490385	521
3872	7494256	1860
3873	7498128	146
3874	7502001	171
3875	7505875	180
3876	7509750	745
3877	7513626	225
3878	7517503	745
3879	7521381	2273
3880	7525260	277
3881	7529140	165
3882	7533021	1462
3883	7536903	55
3884	7540786	61
3885	7544670	1809
3886	7548555	928
3887	7552441	235
3888	7556328	213
3889	7560216	91
3890	7564105	264
3891	7567995	294
3892	7571886	237
3893	7575778	96
3894	7579671	1184
3895	7583565	1631
3896	7587460	96
3897	7591356	182
3898	7595253	132
3899	7599151	146
3900	7603050	267
3901	7606950	621
3902	7610851	444
3903	7614753	170
3904	7618656	152
3905	7622560	294
3906	7626465	103
3907	7630371	208
3908	7634278	2364
3909	7638186	357
3910	7642095	250
3911	7646005	137
3912	7649916	407
3913	7653828	169
3914	7657741	154
3915	7661655	139
3916	7665570	177
3917	7669486	96
3918	7673403	114
3919	7677321	475
3920	7681240	118
3921	7685160	276
3922	7689081	250
3923	7693003	422
3924	7696926	290
3925	7700850	333
3926	7704775	142
3927	7708701	219
3928	7712628	129
3929	7716556	111
3930	7720485	213
3931	7724415	358
3932	7728346	180
3933	7732278	82
3934	7736211	741
3935	7740145	4933
3936	7744080	357
3937	7748016	223
3938	7751953	105
3939	7755891	788
3940	7759830	172
3941	7763770	202
3942	7767711	201
3943	7771653	140
3944	7775596	186
3945	7779540	181
3946	7783485	546
3947	7787431	271
3948	7791378	162
3949	7795326	142
3950	7799275	97
3951	7803225	96
3952	7807176	344
3953	7811128	437
3954	7815081	3200
3955	7819035	144
3956	7822990	319
3957	7826946	179
3958	7830903	137
3959	7834861	571
3960	7838820	1116
3961	7842780	292
3962	7846741	743
3963	7850703	259
3964	7854666	541
3965	7858630	82
3966	7862595	194
3967	7866561	86
3968	7870528	231
3969	7874496	259
3970	7878465	353
3971	7882435	233
3972	7886406	81
3973	7890378	165
3974	7894351	238
3975	7898325	342
3976	7902300	67
3977	7906276	377
3978	7910253	108
3979	7914231	59
3980	7918210	341
3981	7922190	749
3982	7926171	119
3983	7930153	117
3984	7934136	176
3985	7938120	206
3986	7942105	538
3987	7946091	282
3988	7950078	298
3989	7954066	88
3990	7958055	164
3991	7962045	195
3992	7966036	93
3993	7970028	99
3994	7974021	214
3995	7978015	354
3996	7982010	178
3997	7986006	452
3998	7990003	150
3999	7994001	552
4000	7998000	240
4001	8002000	75
4002	8006001	1050
4003	8010003	92
4004	8014006	571
4005	8018010	225
4006	8022015	196
4007	8026021	73
4008	8030028	217
4009	8034036	696
4010	8038045	211
4011	8042055	114
4012	8046066	129
4013	8050078	1282
4014	8054091	245
4015	8058105	132
4016	8062120	1589
4017	8066136	153
4018	8070153	162
4019	8074171	276
4020	8078190	181
4021	8082210	160
4022	8086231	199
4023	8090253	798
4024	8094276	226
4025	8098300	1087
4026	8102325	188
4027	8106351	79
4028	8110378	59
4029	8114406	3570
4030	8118435	210
4031	8122465	888
4032	8126496	617
4033	8130528	152
4034	8134561	287
4035	8138595	127
4036	8142630	895
4037	8146666	416
4038	8150703	275
4039	8154741	135
4040	8158780	271
4041	8162820	209
4042	8166861	156
4043	8170903	1581
4044	8174946	1606
4045	8178990	296
4046	8183035	150
4047	8187081	148
4048	8191128	103
4049	8195176	199
4050	8199225	549
4051	8203275	116
4052	8207326	401
4053	8211378	332
4054	8215431	335
4055	8219485	416
4056	8223540	111
4057	8227596	563
4058	8231653	62
4059	8235711	207
4060	8239770	5531
4061	8243830	85
4062	8247891	188
4063	8251953	348
4064	8256016	138
4065	8260080	127
4066	8264145	68
4067	8268211	81
4068	8272278	162
4069	8276346	236
4070	8280415	240
4071	8284485	897
4072	8288556	245
4073	8292628	43
4074	8296701	2126
4075	8300775	315
4076	8304850	201
4077	8308926	246
4078	8313003	2179
4079	8317081	326
4080	8321160	4016
4081	8325240	75
4082	8329321	1957
4083	8333403	83
4084	8337486	263
4085	8341570	874
4086	8345655	200
4087	8349741	253
4088	8353828	112
4089	8357916	240
4090	8362005	67
4091	8366095	275
4092	8370186	894
4093	8374278	509
4094	8378371	271
4095	8382465	114
4096	8386560	108
4097	8390656	82
4098	8394753	135
4099	8398851	887
4100	8402950	299
4101	8407050	109
4102	8411151	782
4103	8415253	188
4104	8419356	120
4105	8423460	226
4106	8427565	239
4107	8431671	114
4108	8435778	152
4109	8439886	253
4110	8443995	208
4111	8448105	161
4112	8452216	411
4113	8456328	150
4114	8460441	1341
4115	8464555	97
4116	8468670	174
4117	8472786	869
4118	8476903	172
4119	8481021	503
4120	8485140	415
4121	8489260	282
4122	8493381	97
4123	8497503	365
4124	8501626	190
4125	8505750	2527
4126	8509875	89
4127	8514001	1497
4128	8518128	826
4129	8522256	505
4130	8526385	223
4131	8530515	273
4132	8534646	97
4133	8538778	232
4134	8542911	220
4135	8547045	94
4136	8551180	449
4137	8555316	158
4138	8559453	781
4139	8563591	87
4140	8567730	166
4141	8571870	213
4142	8576011	2271
4143	8580153	2406
4144	8584296	402
4145	8588440	183
4146	8592585	217
4147	8596731	158
4148	8600878	268
4149	8605026	59
4150	8609175	1719
4151	8613325	253
4152	8617476	210
4153	8621628	230
4154	8625781	959
4155	8629935	247
4156	8634090	153
4157	8638246	106
4158	8642403	640
4159	8646561	201
4160	8650720	2640
4161	8654880	623
4162	8659041	66
4163	8663203	167
4164	8667366	430
4165	8671530	102
4166	8675695	219
4167	8679861	79
4168	8684028	213
4169	8688196	200
4170	8692365	100
4171	8696535	303
4172	8700706	3126
4173	8704878	128
4174	8709051	75
4175	8713225	283
4176	8717400	220
4177	8721576	232
4178	8725753	247
4179	8729931	115
4180	8734110	392
4181	8738290	390
4182	8742471	8986
4183	8746653	320
4184	8750836	217
4185	8755020	216
4186	8759205	171
4187	8763391	570
4188	8767578	158
4189	8771766	4472
4190	8775955	1934
4191	8780145	92
4192	8784336	1807
4193	8788528	184
4194	8792721	1399
4195	8796915	76
4196	8801110	121
4197	8805306	403
4198	8809503	614
4199	8813701	476
4200	8817900	179
4201	8822100	558
4202	8826301	119
4203	8830503	1233
4204	8834706	319
4205	8838910	229
4206	8843115	184
4207	8847321	255
4208	8851528	146
4209	8855736	231
4210	8859945	296
4211	8864155	836
4212	8868366	233
4213	8872578	433
4214	8876791	853
4215	8881005	168
4216	8885220	144
4217	8889436	523
4218	8893653	72
4219	8897871	242
4220	8902090	290
4221	8906310	921
4222	8910531	135
4223	8914753	593
4224	8918976	70
4225	8923200	113
4226	8927425	1025
4227	8931651	124
4228	8935878	2974
4229	8940106	159
4230	8944335	1399
4231	8948565	170
4232	8952796	238
4233	8957028	148
4234	8961261	254
4235	8965495	286
4236	8969730	155
4237	8973966	286
4238	8978203	164
4239	8982441	243
4240	8986680	188
4241	8990920	3234
4242	8995161	2088
4243	8999403	1224
4244	9003646	179
4245	9007890	441
4246	9012135	125
4247	9016381	86
4248	9020628	97
4249	9024876	1643
4250	9029125	299
4251	9033375	215
4252	9037626	159
4253	9041878	398
4254	9046131	53
4255	9050385	136
4256	9054640	223
4257	9058896	181
4258	9063153	140
4259	9067411	1429
4260	9071670	131
4261	9075930	577
4262	9080191	1250
4263	9084453	202
4264	9088716	169
4265	9092980	805
4266	9097245	91
4267	9101511	1343
4268	9105778	146
4269	9110046	177
4270	9114315	329
4271	9118585	597
4272	9122856	820
4273	9127128	176
4274	9131401	953
4275	9135675	266
4276	9139950	301
4277	9144226	2401
4278	9148503	558
4279	9152781	1216
4280	9157060	1416
4281	9161340	1119
4282	9165621	1003
4283	9169903	72
4284	9174186	386
4285	9178470	277
4286	9182755	176
4287	9187041	162
4288	9191328	91
4289	9195616	134
4290	9199905	144
4291	9204195	1088
4292	9208486	359
4293	9212778	699
4294	9217071	121
4295	9221365	168
4296	9225660	214
4297	9229956	108
4298	9234253	88
4299	9238551	108
4300	9242850	743
4301	9247150	130
4302	9251451	93
4303	9255753	644
4304	9260056	632
4305	9264360	111
4306	9268665	480
4307	9272971	153
4308	9277278	193
4309	9281586	108
4310	9285895	162
4311	9290205	177
4312	9294516	2419
4313	9298828	254
4314	9303141	173
4315	9307455	327
4316	9311770	2979
4317	9316086	145
4318	9320403	134
4319	9324721	335
4320	9329040	576
4321	9333360	4671
4322	9337681	102
4323	9342003	962
4324	9346326	120
4325	9350650	551
4326	9354975	956
4327	9359301	240
4328	9363628	736
4329	9367956	760
4330	9372285	391
4331	9376615	2501
4332	9380946	194
4333	9385278	1028
4334	9389611	285
4335	9393945	353
4336	9398280	766
4337	9402616	1159
4338	9406953	166
4339	9411291	3126
4340	9415630	3326
4341	9419970	191
4342	9424311	155
4343	9428653	117
4344	9432996	290
4345	9437340	3020
4346	9441685	742
4347	9446031	217
4348	9450378	153
4349	9454726	920
4350	9459075	141
4351	9463425	123
4352	9467776	116
4353	9472128	65
4354	9476481	2038
4355	9480835	1871
4356	9485190	73
4357	9489546	225
4358	9493903	522
4359	9498261	848
4360	9502620	532
4361	9506980	259
4362	9511341	1109
4363	9515703	246
4364	9520066	131
4365	9524430	98
4366	9528795	244
4367	9533161	235
4368	9537528	2084
4369	9541896	136
4370	9546265	161
4371	9550635	537
4372	9555006	91
4373	9559378	122
4374	9563751	198
4375	9568125	256
4376	9572500	74
4377	9576876	664
4378	9581253	1775
4379	9585631	285
4380	9590010	197
4381	9594390	682
4382	9598771	77
4383	9603153	162
4384	9607536	496
4385	9611920	230
4386	9616305	131
4387	9620691	117
4388	9625078	629
4389	9629466	344
4390	9633855	313
4391	9638245	393
4392	9642636	278
4393	9647028	215
4394	9651421	184
4395	9655815	246
4396	9660210	689
4397	9664606	307
4398	9669003	134
4399	9673401	127
4400	9677800	194
4401	9682200	204
4402	9686601	712
4403	9691003	77
4404	9695406	397
4405	9699810	378
4406	9704215	332
4407	9708621	72
4408	9713028	70
4409	9717436	53
4410	9721845	548
4411	9726255	72
4412	9730666	211
4413	9735078	156
4414	9739491	1974
4415	9743905	243
4416	9748320	1059
4417	9752736	122
4418	9757153	1077
4419	9761571	225
4420	9765990	169
4421	9770410	132
4422	9774831	125
4423	9779253	231
4424	9783676	2914
4425	9788100	339
4426	9792525	1452
4427	9796951	151
4428	9801378	404
4429	9805806	170
4430	9810235	307
4431	9814665	923
4432	9819096	262
4433	9823528	2486
4434	9827961	286
4435	9832395	100
4436	9836830	164
4437	9841266	92
4438	9845703	459
4439	9850141	474
4440	9854580	175
4441	9859020	127
4442	9863461	1349
4443	9867903	154
4444	9872346	103
4445	9876790	88
4446	9881235	350
4447	9885681	435
4448	9890128	398
4449	9894576	374
4450	9899025	268
4451	9903475	373
4452	9907926	606
4453	9912378	148
4454	9916831	165
4455	9921285	865
4456	9925740	580
4457	9930196	633
4458	9934653	2946
4459	9939111	451
4460	9943570	104
4461	9948030	307
4462	9952491	203
4463	9956953	237
4464	9961416	319
4465	9965880	137
4466	9970345	334
4467	9974811	247
4468	9979278	191
4469	9983746	5655
4470	9988215	237
4471	9992685	172
4472	9997156	4282
4473	10001628	1248
4474	10006101	208
4475	10010575	119
4476	10015050	165
4477	10019526	236
4478	10024003	192
4479	10028481	372
4480	10032960	132
4481	10037440	1446
4482	10041921	90
4483	10046403	262
4484	10050886	80
4485	10055370	757
4486	10059855	247
4487	10064341	348
4488	10068828	551
4489	10073316	164
4490	10077805	1244
4491	10082295	133
4492	10086786	142
4493	10091278	119
4494	10095771	211
4495	10100265	227
4496	10104760	1556
4497	10109256	224
4498	10113753	1934
4499	10118251	1147
4500	10122750	948
4501	10127250	736
4502	10131751	164
4503	10136253	705
4504	10140756	1523
4505	10145260	188
4506	10149765	215
4507	10154271	798
4508	10158778	1157
4509	10163286	3060
4510	10167795	123
4511	10172305	100
4512	10176816	267
4513	10181328	306
4514	10185841	182
4515	10190355	317
4516	10194870	71
4517	10199386	525
4518	10203903	89
4519	10208421	251
4520	10212940	170
4521	10217460	156
4522	10221981	353
4523	10226503	580
4524	10231026	686
4525	10235550	174
4526	10240075	355
4527	10244601	316
4528	10249128	140
4529	10253656	781
4530	10258185	632
4531	10262715	766
4532	10267246	112
4533	10271778	261
4534	10276311	319
4535	10280845	850
4536	10285380	1435
4537	10289916	340
4538	10294453	305
4539	10298991	250
4540	10303530	132
4541	10308070	144
4542	10312611	490
4543	10317153	694
4544	10321696	317
4545	10326240	168
4546	10330785	696
4547	10335331	123
4548	10339878	455
4549	10344426	163
4550	10348975	64
4551	10353525	290
4552	10358076	234
4553	10362628	183
4554	10367181	1382
4555	10371735	179
4556	10376290	99
4557	10380846	312
4558	10385403	173
4559	10389961	120
4560	10394520	478
4561	10399080	274
4562	10403641	594
4563	10408203	873
4564	10412766	281
4565	10417330	2151
4566	10421895	2100
4567	10426461	141
4568	10431028	69
4569	10435596	850
4570	10440165	872
4571	10444735	600
4572	10449306	221
4573	10453878	586
4574	10458451	721
4575	10463025	84
4576	10467600	531
4577	10472176	250
4578	10476753	173
4579	10481331	361
4580	10485910	262
4581	10490490	273
4582	10495071	115
4583	10499653	112
4584	10504236	937
4585	10508820	114
4586	10513405	1238
4587	10517991	881
4588	10522578	155
4589	10527166	190
4590	10531755	159
4591	10536345	139
4592	10540936	544
4593	10545528	448
4594	10550121	514
4595	10554715	178
4596	10559310	84
4597	10563906	783
4598	10568503	119
4599	10573101	260
4600	10577700	151
4601	10582300	165
4602	10586901	95
4603	10591503	478
4604	10596106	75
4605	10600710	4165
4606	10605315	220
4607	10609921	846
4608	10614528	153
4609	10619136	595
4610	10623745	242
4611	10628355	70
4612	10632966	144
4613	10637578	1975
4614	10642191	226
4615	10646805	2445
4616	10651420	125
4617	10656036	114
4618	10660653	252
4619	10665271	161
4620	10669890	798
4621	10674510	786
4622	10679131	105
4623	10683753	338
4624	10688376	1520
4625	10693000	290
4626	10697625	201
4627	10702251	2087
4628	10706878	330
4629	10711506	3810
4630	10716135	386
4631	10720765	138
4632	10725396	1077
4633	10730028	1426
4634	10734661	440
4635	10739295	71
4636	10743930	99
4637	10748566	268
4638	10753203	268
4639	10757841	107
4640	10762480	929
4641	10767120	337
4642	10771761	93
4643	10776403	112
4644	10781046	56
4645	10785690	119
4646	10790335	691
4647	10794981	243
4648	10799628	581
4649	10804276	87
4650	10808925	104
4651	10813575	1746
4652	10818226	163
4653	10822878	1326
4654	10827531	181
4655	10832185	133
4656	10836840	574
4657	10841496	722
4658	10846153	182
4659	10850811	123
4660	10855470	661
4661	10860130	847
4662	10864791	3735
4663	10869453	3418
4664	10874116	932
4665	10878780	120
4666	10883445	749
4667	10888111	119
4668	10892778	139
4669	10897446	271
4670	10902115	347
4671	10906785	335
4672	10911456	129
4673	10916128	373
4674	10920801	2057
4675	10925475	122
4676	10930150	181
4677	10934826	1127
4678	10939503	313
4679	10944181	484
4680	10948860	529
4681	10953540	80
4682	10958221	167
4683	10962903	107
4684	10967586	112
4685	10972270	1911
4686	10976955	97
4687	10981641	1108
4688	10986328	4928
4689	10991016	860
4690	10995705	503
4691	11000395	1365
4692	11005086	204
4693	11009778	334
4694	11014471	170
4695	11019165	908
4696	11023860	90
4697	11028556	306
4698	11033253	75
4699	11037951	222
4700	11042650	2163
4701	11047350	186
4702	11052051	148
4703	11056753	1605
4704	11061456	589
4705	11066160	120
4706	11070865	779
4707	11075571	98
4708	11080278	136
4709	11084986	637
4710	11089695	259
4711	11094405	335
4712	11099116	288
4713	11103828	72
4714	11108541	110
4715	11113255	328
4716	11117970	3082
4717	11122686	715
4718	11127403	68
4719	11132121	216
4720	11136840	127
4721	11141560	633
4722	11146281	412
4723	11151003	325
4724	11155726	630
4725	11160450	234
4726	11165175	99
4727	11169901	265
4728	11174628	630
4729	11179356	208
4730	11184085	2863
4731	11188815	181
4732	11193546	129
4733	11198278	240
4734	11203011	208
4735	11207745	435
4736	11212480	112
4737	11217216	944
4738	11221953	197
4739	11226691	127
4740	11231430	166
4741	11236170	898
4742	11240911	255
4743	11245653	85
4744	11250396	112
4745	11255140	139
4746	11259885	73
4747	11264631	526
4748	11269378	190
4749	11274126	255
4750	11278875	134
4751	11283625	330
4752	11288376	217
4753	11293128	301
4754	11297881	191
4755	11302635	469
4756	11307390	230
4757	11312146	685
4758	11316903	117
4759	11321661	269
4760	11326420	528
4761	11331180	3000
4762	11335941	1707
4763	11340703	205
4764	11345466	364
4765	11350230	117
4766	11354995	574
4767	11359761	270
4768	11364528	326
4769	11369296	168
4770	11374065	1467
4771	11378835	310
4772	11383606	425
4773	11388378	741
4774	11393151	628
4775	11397925	636
4776	11402700	119
4777	11407476	1954
4778	11412253	180
4779	11417031	535
4780	11421810	750
4781	11426590	158
4782	11431371	116
4783	11436153	467
4784	11440936	249
4785	11445720	127
4786	11450505	244
4787	11455291	294
4788	11460078	198
4789	11464866	238
4790	11469655	2006
4791	11474445	11646
4792	11479236	96
4793	11484028	276
4794	11488821	136
4795	11493615	636
4796	11498410	244
4797	11503206	201
4798	11508003	98
4799	11512801	148
4800	11517600	822
4801	11522400	308
4802	11527201	417
4803	11532003	105
4804	11536806	113
4805	11541610	3469
4806	11546415	162
4807	11551221	101
4808	11556028	165
4809	11560836	510
4810	11565645	206
4811	11570455	257
4812	11575266	93
4813	11580078	226
4814	11584891	317
4815	11589705	211
4816	11594520	592
4817	11599336	383
4818	11604153	253
4819	11608971	526
4820	11613790	199
4821	11618610	221
4822	11623431	439
4823	11628253	318
4824	11633076	104
4825	11637900	1147
4826	11642725	71
4827	11647551	135
4828	11652378	2786
4829	11657206	805
4830	11662035	83
4831	11666865	95
4832	11671696	150
4833	11676528	820
4834	11681361	175
4835	11686195	184
4836	11691030	614
4837	11695866	742
4838	11700703	977
4839	11705541	949
4840	11710380	171
4841	11715220	364
4842	11720061	947
4843	11724903	1730
4844	11729746	326
4845	11734590	106
4846	11739435	289
4847	11744281	79
4848	11749128	221
4849	11753976	209
4850	11758825	878
4851	11763675	224
4852	11768526	781
4853	11773378	497
4854	11778231	110
4855	11783085	942
4856	11787940	682
4857	11792796	1034
4858	11797653	134
4859	11802511	162
4860	11807370	219
4861	11812230	303
4862	11817091	3596
4863	11821953	108
4864	11826816	604
4865	11831680	918
4866	11836545	140
4867	11841411	359
4868	11846278	175
4869	11851146	601
4870	11856015	142
4871	11860885	71
4872	11865756	85
4873	11870628	123
4874	11875501	514
4875	11880375	1796
4876	11885250	99
4877	11890126	570
4878	11895003	8118
4879	11899881	3143
4880	11904760	159
4881	11909640	938
4882	11914521	3614
4883	11919403	1900
4884	11924286	1162
4885	11929170	3166
4886	11934055	102
4887	11938941	127
4888	11943828	1675
4889	11948716	154
4890	11953605	72
4891	11958495	234
4892	11963386	284
4893	11968278	763
4894	11973171	194
4895	11978065	174
4896	11982960	70
4897	11987856	68
4898	11992753	287
4899	11997651	124
4900	12002550	1713
4901	12007450	146
4902	12012351	99
4903	12017253	342
4904	12022156	118
4905	12027060	94
4906	12031965	281
4907	12036871	73
4908	12041778	162
4909	12046686	1378
4910	12051595	152
4911	12056505	164
4912	12061416	1386
4913	12066328	122
4914	12071241	420
4915	12076155	391
4916	12081070	229
4917	12085986	495
4918	12090903	5220
4919	12095821	2678
4920	12100740	10703
4921	12105660	272
4922	12110581	120
4923	12115503	1561
