100	4950	820
101	5050	731
102	5151	867
103	5253	106
104	5356	111
105	5460	109
106	5565	94
107	5671	122
108	5778	126
109	5886	243
110	5995	126
111	6105	734
112	6216	91
113	6328	129
114	6441	215
115	6555	95
116	6670	89
117	6786	148
118	6903	613
119	7021	147
120	7140	870
121	7260	730
122	7381	754
123	7503	990
124	7626	1049
125	7750	869
126	7875	1018
127	8001	784
128	8128	1071
129	8256	559
130	8385	1274
131	8515	825
132	8646	806
133	8778	1239
134	8911	1365
135	9045	125
136	9180	967
137	9316	137
138	9453	590
139	9591	1114
140	9730	718
141	9870	1395
142	10011	1916
143	10153	136
144	10296	491
145	10440	217
146	10585	178
147	10731	1159
148	10878	205
149	11026	971
150	11175	245
151	11325	1272
152	11476	154
153	11628	1755
154	11781	168
155	11935	1181
156	12090	1680
157	12246	905
158	12403	925
159	12561	900
160	12720	1287
161	12880	262
162	13041	258
163	13203	442
164	13366	2028
165	13530	274
166	13695	273
167	13861	277
168	14028	272
169	14196	553
170	14365	734
171	14535	1878
172	14706	288
173	14878	294
174	15051	1173
175	15225	1890
176	15400	768
177	15576	221
178	15753	2414
179	15931	306
180	16110	320
181	16290	234
182	16471	229
183	16653	351
184	16836	230
185	17020	357
186	17205	247
187	17391	256
188	17578	249
189	17766	358
190	17955	248
191	18145	298
192	18336	2162
193	18528	1809
194	18721	385
195	18915	1147
196	19110	1701
197	19306	3490
198	19503	3568
199	19701	294
200	19900	1987
201	20100	285
202	20301	297
203	20503	273
204	20706	2105
205	20910	1533
206	21115	315
207	21321	286
208	21528	409
209	21736	2938
210	21945	435
211	22155	443
212	22366	1976
213	22578	347
214	22791	326
215	23005	312
216	23220	1661
217	23436	2964
218	23653	3287
219	23871	377
220	24090	998
221	24310	380
222	24531	933
223	24753	482
224	24976	1442
225	25200	1501
226	25425	4934
227	25651	531
228	25878	2979
229	26106	2426
230	26335	2456
231	26565	499
232	26796	1461
233	27028	394
234	27261	2700
235	27495	553
236	27730	562
237	27966	3360
238	28203	2531
239	28441	618
240	28680	1666
241	28920	3320
242	29161	621
243	29403	2588
244	29646	2302
245	29890	573
246	30135	1631
247	30381	5556
248	30628	3870
249	30876	2445
250	31125	490
251	31375	624
252	31626	658
253	31878	595
254	32131	643
255	32385	615
256	32640	437
257	32896	663
258	33153	1162
259	33411	643
260	33670	752
261	33930	692
262	34191	735
263	34453	471
264	34716	685
265	34980	4502
266	35245	4486
267	35511	7073
268	35778	615
269	36046	961
270	36315	4799
271	36585	755
272	36856	2479
273	37128	720
274	37401	702
275	37675	752
276	37950	738
277	38226	1637
278	38503	3087
279	38781	2751
280	39060	1189
281	39340	580
282	39621	529
283	39903	6075
284	40186	790
285	40470	711
286	40755	710
287	41041	2709
288	41328	598
289	41616	3436
290	41905	3675
291	42195	1566
292	42486	3825
293	42778	4694
294	43071	891
295	43365	5115
296	43660	683
297	43956	626
298	44253	3242
299	44551	3346
300	44850	751
301	45150	2955
302	45451	5308
303	45753	3978
304	46056	1007
305	46360	3945
306	46665	701
307	46971	769
308	47278	714
309	47586	4696
310	47895	5232
311	48205	5088
312	48516	1927
313	48828	988
314	49141	6367
315	49455	5706
316	49770	980
317	50086	1043
318	50403	966
319	50721	6375
320	51040	4461
321	51360	751
322	51681	804
323	52003	4677
324	52326	4957
325	52650	5716
326	52975	8166
327	53301	916
328	53628	728
329	53956	1072
330	54285	1029
331	54615	1286
332	54946	5730
333	55278	973
334	55611	861
335	55945	961
336	56280	919
337	56616	866
338	56953	4602
339	57291	2833
340	57630	3302
341	57970	1638
342	58311	5632
343	58653	905
344	58996	6324
345	59340	968
346	59685	1022
347	60031	5759
348	60378	1147
349	60726	1013
350	61075	4538
351	61425	1203
352	61776	814
353	62128	928
354	62481	6097
355	62835	10613
356	63190	2886
357	63546	1917
358	63903	872
359	64261	6223
360	64620	897
361	64980	1035
362	65341	4831
363	65703	1195
364	66066	4822
365	66430	7096
366	66795	5115
367	67161	2094
368	67528	6259
369	67896	938
370	68265	978
371	68635	6687
372	69006	3403
373	69378	6535
374	69751	5271
375	70125	932
376	70500	9046
377	70876	1055
378	71253	8717
379	71631	6392
380	72010	5762
381	72390	1973
382	72771	7467
383	73153	8629
384	73536	6045
385	73920	1275
386	74305	6211
387	74691	4142
388	75078	6567
389	75466	7309
390	75855	9316
391	76245	5006
392	76636	1133
393	77028	5402
394	77421	5810
395	77815	5410
396	78210	1065
397	78606	1046
398	79003	8476
399	79401	7586
400	79800	5941
401	80200	1474
402	80601	4463
403	81003	11069
404	81406	1114
405	81810	2197
406	82215	6887
407	82621	6620
408	83028	3891
409	83436	5534
410	83845	2750
411	84255	1163
412	84666	10156
413	85078	8322
414	85491	3772
415	85905	9489
416	86320	1195
417	86736	1122
418	87153	10198
419	87571	1466
420	87990	1195
421	88410	1356
422	88831	3378
423	89253	1270
424	89676	1527
425	90100	10406
426	90525	1660
427	90951	7974
428	91378	1671
429	91806	8697
430	92235	1330
431	92665	1460
432	93096	1424
433	93528	1408
434	93961	11661
435	94395	13203
436	94830	1534
437	95266	2676
438	95703	10320
439	96141	16858
440	96580	13914
441	97020	1500
442	97461	10696
443	97903	4230
444	98346	7158
445	98790	10599
446	99235	2192
447	99681	4532
448	100128	1546
449	100576	1593
450	101025	1582
451	101475	7894
452	101926	1559
453	102378	2134
454	102831	8118
455	103285	12876
456	103740	11967
457	104196	13297
458	104653	1663
459	105111	15487
460	105570	2899
461	106030	10009
462	106491	2742
463	106953	1900
464	107416	2329
465	107880	8494
466	108345	1812
467	108811	12877
468	109278	1854
469	109746	15140
470	110215	2681
471	110685	2156
472	111156	15172
473	111628	1973
474	112101	2550
475	112575	14109
476	113050	14110
477	113526	2143
478	114003	13100
479	114481	3623
480	114960	2346
481	115440	15061
482	115921	12277
483	116403	1812
484	116886	8211
485	117370	2189
486	117855	11175
487	118341	7647
488	118828	3305
489	119316	15816
490	119805	2277
491	120295	8266
492	120786	2902
493	121278	16910
494	121771	4225
495	122265	2717
496	122760	17601
497	123256	6959
498	123753	17195
499	124251	2856
500	124750	11668
501	125250	3109
502	125751	9106
503	126253	10699
504	126756	11552
505	127260	18455
506	127765	4404
507	128271	18722
508	128778	9652
509	129286	3196
510	129795	13103
511	130305	23073
512	130816	3249
513	131328	20044
514	131841	3463
515	132355	13156
516	132870	7664
517	133386	3181
518	133903	2308
519	134421	19904
520	134940	2921
521	135460	15017
522	135981	2447
523	136503	7567
524	137026	2292
525	137550	14962
526	138075	20359
527	138601	3341
528	139128	2858
529	139656	2497
530	140185	14294
531	140715	19893
532	141246	15235
533	141778	15195
534	142311	12849
535	142845	3142
536	143380	18228
537	143916	10634
538	144453	3217
539	144991	8412
540	145530	2620
541	146070	9185
542	146611	16265
543	147153	27694
544	147696	2658
545	148240	12091
546	148785	11840
547	149331	17118
548	149878	4695
549	150426	24017
550	150975	20276
551	151525	7960
552	152076	17800
553	152628	12645
554	153181	4845
555	153735	3743
556	154290	4187
557	154846	3303
558	155403	4635
559	155961	21487
560	156520	21812
561	157080	6467
562	157641	2658
563	158203	22180
564	158766	3268
565	159330	21748
566	159895	14018
567	160461	2554
568	161028	17378
569	161596	4257
570	162165	30556
571	162735	7577
572	163306	15132
573	163878	3266
574	164451	6185
575	165025	4924
576	165600	6220
577	166176	7318
578	166753	3575
579	167331	9762
580	167910	3354
581	168490	25208
582	169071	2653
583	169653	14615
584	170236	11715
585	170820	18457
586	171405	2619
587	171991	2812
588	172578	9025
589	173166	19109
590	173755	19931
591	174345	7367
592	174936	28791
593	175528	25393
594	176121	27022
595	176715	7202
596	177310	26426
597	177906	8868
598	178503	6482
599	179101	5424
600	179700	23502
601	180300	9892
602	180901	10918
603	181503	4305
604	182106	9277
605	182710	3386
606	183315	3365
607	183921	27424
608	184528	9873
609	185136	12756
610	185745	21425
611	186355	19832
612	186966	7211
613	187578	4194
614	188191	3738
615	188805	5474
616	189420	3030
617	190036	20961
618	190653	3435
619	191271	3650
620	191890	3241
621	192510	11034
622	193131	15006
623	193753	16218
624	194376	26748
625	195000	3384
626	195625	30234
627	196251	5596
628	196878	14413
629	197506	4000
630	198135	21868
631	198765	10003
632	199396	3183
633	200028	18777
634	200661	26195
635	201295	3840
636	201930	3522
637	202566	16865
638	203203	31383
639	203841	24569
640	204480	32564
641	205120	14410
642	205761	5013
643	206403	3370
644	207046	25557
645	207690	6852
646	208335	34467
647	208981	27306
648	209628	28192
649	210276	3640
650	210925	4264
651	211575	3335
652	212226	15102
653	212878	29364
654	213531	4255
655	214185	36885
656	214840	32507
657	215496	3929
658	216153	29868
659	216811	3457
660	217470	27492
661	218130	3566
662	218791	18805
663	219453	4018
664	220116	4254
665	220780	36537
666	221445	4945
667	222111	3715
668	222778	23539
669	223446	16866
670	224115	4559
671	224785	3718
672	225456	17038
673	226128	4635
674	226801	20059
675	227475	4192
676	228150	23540
677	228826	15503
678	229503	5222
679	230181	13044
680	230860	20882
681	231540	10142
682	232221	21373
683	232903	37247
684	233586	5356
685	234270	3864
686	234955	16110
687	235641	24500
688	236328	31691
689	237016	4252
690	237705	30501
691	238395	4297
692	239086	4116
693	239778	25971
694	240471	5769
695	241165	4297
696	241860	4025
697	242556	5567
698	243253	21965
699	243951	4478
700	244650	14462
701	245350	22216
702	246051	7958
703	246753	49487
704	247456	33680
705	248160	5995
706	248865	37458
707	249571	37015
708	250278	4365
709	250986	4319
710	251695	44835
711	252405	4016
712	253116	4225
713	253828	35017
714	254541	16307
715	255255	5601
716	255970	25119
717	256686	8645
718	257403	21677
719	258121	23160
720	258840	21555
721	259560	14425
722	260281	5927
723	261003	38111
724	261726	33835
725	262450	33125
726	263175	44031
727	263901	17443
728	264628	16327
729	265356	4284
730	266085	4836
731	266815	53056
732	267546	31682
733	268278	12708
734	269011	43568
735	269745	5458
736	270480	23451
737	271216	5844
738	271953	21696
739	272691	32398
740	273430	4654
741	274170	8822
742	274911	5490
743	275653	39157
744	276396	7125
745	277140	60274
746	277885	5151
747	278631	41712
748	279378	44215
749	280126	40013
750	280875	6347
751	281625	4861
752	282376	41587
753	283128	4988
754	283881	22352
755	284635	36150
756	285390	6329
757	286146	4676
758	286903	6338
759	287661	40671
760	288420	38205
761	289180	4960
762	289941	42313
763	290703	41045
764	291466	7197
765	292230	6813
766	292995	39049
767	293761	7328
768	294528	35442
769	295296	5092
770	296065	38811
771	296835	4914
772	297606	5877
773	298378	6067
774	299151	5875
775	299925	7720
776	300700	34696
777	301476	6627
778	302253	6745
779	303031	45296
780	303810	5858
781	304590	35375
782	305371	6390
783	306153	7489
784	306936	5776
785	307720	6324
786	308505	5733
787	309291	17014
788	310078	49324
789	310866	43998
790	311655	29321
791	312445	32173
792	313236	37854
793	314028	6720
794	314821	5367
795	315615	56078
796	316410	21403
797	317206	39365
798	318003	5380
799	318801	16579
800	319600	8524
801	320400	29770
802	321201	5783
803	322003	6647
804	322806	35240
805	323610	50128
806	324415	5033
807	325221	5512
808	326028	39194
809	326836	5865
810	327645	18630
811	328455	47805
812	329266	18156
813	330078	38792
814	330891	31790
815	331705	42273
816	332520	7073
817	333336	15624
818	334153	53954
819	334971	27201
820	335790	7418
821	336610	7497
822	337431	29971
823	338253	49127
824	339076	62942
825	339900	7944
826	340725	33737
827	341551	8872
828	342378	20990
829	343206	47179
830	344035	6090
831	344865	6225
832	345696	42953
833	346528	42554
834	347361	7428
835	348195	24852
836	349030	7753
837	349866	7190
838	350703	25819
839	351541	50461
840	352380	52095
841	353220	7822
842	354061	40801
843	354903	6136
844	355746	24232
845	356590	6750
846	357435	32832
847	358281	8910
848	359128	6043
849	359976	9715
850	360825	5812
851	361675	23584
852	362526	36727
853	363378	9022
854	364231	42311
855	365085	32669
856	365940	6501
857	366796	7062
858	367653	18555
859	368511	52521
860	369370	15241
861	370230	53836
862	371091	11474
863	371953	6382
864	372816	50799
865	373680	6825
866	374545	57410
867	375411	9980
868	376278	8145
869	377146	7336
870	378015	8289
871	378885	57889
872	379756	8811
873	380628	49699
874	381501	7117
875	382375	36655
876	383250	50647
877	384126	47710
878	385003	52947
879	385881	9936
880	386760	8644
881	387640	7658
882	388521	17770
883	389403	9691
884	390286	41669
885	391170	8369
886	392055	57407
887	392941	10855
888	393828	10252
889	394716	74277
890	395605	6580
891	396495	25761
892	397386	29871
893	398278	10547
894	399171	76982
895	400065	8812
896	400960	9738
897	401856	7836
898	402753	52648
899	403651	27462
900	404550	54573
901	405450	15229
902	406351	52181
903	407253	52717
904	408156	6848
905	409060	69534
906	409965	9123
907	410871	51782
908	411778	51666
909	412686	23784
910	413595	61594
911	414505	45288
912	415416	10304
913	416328	45390
914	417241	6986
915	418155	27722
916	419070	51153
917	419986	61037
918	420903	7113
919	421821	64627
920	422740	63095
921	423660	28282
922	424581	32717
923	425503	10414
924	426426	36257
925	427350	50192
926	428275	10115
927	429201	52892
928	430128	11022
929	431056	56053
930	431985	62344
931	432915	10498
932	433846	64471
933	434778	21013
934	435711	51139
935	436645	9064
936	437580	41108
937	438516	23336
938	439453	58680
939	440391	8152
940	441330	65739
941	442270	30399
942	443211	10383
943	444153	50037
944	445096	29444
945	446040	48488
946	446985	23403
947	447931	10614
948	448878	10614
949	449826	12917
950	450775	46181
951	451725	9258
952	452676	71914
953	453628	62872
954	454581	33476
955	455535	18898
956	456490	72373
957	457446	70789
958	458403	13702
959	459361	12167
960	460320	10764
961	461280	25759
962	462241	62550
963	463203	15377
964	464166	9088
965	465130	29358
966	466095	49401
967	467061	9303
968	468028	11713
969	468996	9739
970	469965	11390
971	470935	8269
972	471906	56771
973	472878	37817
974	473851	39600
975	474825	8866
976	475800	9674
977	476776	71088
978	477753	9406
979	478731	11501
980	479710	9112
981	480690	10297
982	481671	61025
983	482653	10843
984	483636	12288
985	484620	9450
986	485605	63655
987	486591	10750
988	487578	64580
989	488566	8780
990	489555	9857
991	490545	24603
992	491536	32314
993	492528	8895
994	493521	11384
995	494515	10334
996	495510	63468
997	496506	44766
998	497503	16569
999	498501	14589
1000	499500	8964
1001	500500	32954
1002	501501	20599
1003	502503	36855
1004	503506	12876
1005	504510	64082
1006	505515	10861
1007	506521	27425
1008	507528	11756
1009	508536	11104
1010	509545	9941
1011	510555	11891
1012	511566	10464
1013	512578	14324
1014	513591	9025
1015	514605	14674
1016	515620	30926
1017	516636	72193
1018	517653	10929
1019	518671	38073
1020	519690	10292
1021	520710	13041
1022	521731	10889
1023	522753	13518
1024	523776	14944
1025	524800	8515
1026	525825	10903
1027	526851	16209
1028	527878	12165
1029	528906	66094
1030	529935	9742
1031	530965	49065
1032	531996	25422
1033	533028	38068
1034	534061	45022
1035	535095	13159
1036	536130	53132
1037	537166	10027
1038	538203	19649
1039	539241	86372
1040	540280	43991
1041	541320	10304
1042	542361	27301
1043	543403	11491
1044	544446	42793
1045	545490	64779
1046	546535	86604
1047	547581	61109
1048	548628	9707
1049	549676	45012
1050	550725	11049
1051	551775	9365
1052	552826	66018
1053	553878	46257
1054	554931	39413
1055	555985	10615
1056	557040	43848
1057	558096	26234
1058	559153	52482
1059	560211	33857
1060	561270	11997
1061	562330	22394
1062	563391	72802
1063	564453	62004
1064	565516	33015
1065	566580	53518
1066	567645	11895
1067	568711	10579
1068	569778	12853
1069	570846	15193
1070	571915	11133
1071	572985	10547
1072	574056	14264
1073	575128	12932
1074	576201	11158
1075	577275	11822
1076	578350	32417
1077	579426	19299
1078	580503	65494
1079	581581	10727
1080	582660	73931
1081	583740	13350
1082	584821	71565
1083	585903	47598
1084	586986	14916
1085	588070	11215
1086	589155	31121
1087	590241	57588
1088	591328	50193
1089	592416	73493
1090	593505	67871
1091	594595	27389
1092	595686	47520
1093	596778	61653
1094	597871	10911
1095	598965	37369
1096	600060	42952
1097	601156	65463
1098	602253	11156
1099	603351	11726
1100	604450	12527
1101	605550	10140
1102	606651	26514
1103	607753	78661
1104	608856	66356
1105	609960	48486
1106	611065	17360
1107	612171	72087
1108	613278	12523
1109	614386	86108
1110	615495	12150
1111	616605	36954
1112	617716	12401
1113	618828	49046
1114	619941	66112
1115	621055	89508
1116	622170	11092
1117	623286	14220
1118	624403	10528
1119	625521	49407
1120	626640	12113
1121	627760	81517
1122	628881	40215
1123	630003	57476
1124	631126	11404
1125	632250	46288
1126	633375	50087
1127	634501	46067
1128	635628	75806
1129	636756	72908
1130	637885	82983
1131	639015	21176
1132	640146	26660
1133	641278	12663
1134	642411	33636
1135	643545	81559
1136	644680	16047
1137	645816	85755
1138	646953	14328
1139	648091	13314
1140	649230	30249
1141	650370	59676
1142	651511	45554
1143	652653	17812
1144	653796	13103
1145	654940	14275
1146	656085	15797
1147	657231	83171
1148	658378	81360
1149	659526	70551
1150	660675	55329
1151	661825	60108
1152	662976	13525
1153	664128	40300
1154	665281	83223
1155	666435	59650
1156	667590	74825
1157	668746	14856
1158	669903	43963
1159	671061	14786
1160	672220	25442
1161	673380	87032
1162	674541	12989
1163	675703	69883
1164	676866	96087
1165	678030	12541
1166	679195	41687
1167	680361	13940
1168	681528	42522
1169	682696	67466
1170	683865	14860
1171	685035	76660
1172	686206	15023
1173	687378	74718
1174	688551	67540
1175	689725	69718
1176	690900	15851
1177	692076	17219
1178	693253	37965
1179	694431	95892
1180	695610	88547
1181	696790	14040
1182	697971	16707
1183	699153	16631
1184	700336	74920
1185	701520	90079
1186	702705	107191
1187	703891	112351
1188	705078	18782
1189	706266	71287
1190	707455	43561
1191	708645	63930
1192	709836	89694
1193	711028	14874
1194	712221	93575
1195	713415	15180
1196	714610	12617
1197	715806	15715
1198	717003	11769
1199	718201	12529
1200	719400	66293
1201	720600	14017
1202	721801	37985
1203	723003	51283
1204	724206	84372
1205	725410	104169
1206	726615	62850
1207	727821	113577
1208	729028	29849
1209	730236	12665
1210	731445	17328
1211	732655	14559
1212	733866	15822
1213	735078	15129
1214	736291	17066
1215	737505	14034
1216	738720	35108
1217	739936	15340
1218	741153	29977
1219	742371	17368
1220	743590	12943
1221	744810	17680
1222	746031	19198
1223	747253	13544
1224	748476	16531
1225	749700	19642
1226	750925	16845
1227	752151	15017
1228	753378	57732
1229	754606	14869
1230	755835	88013
1231	757065	73272
1232	758296	91902
1233	759528	15649
1234	760761	75115
1235	761995	19492
1236	763230	13845
1237	764466	75047
1238	765703	16247
1239	766941	105561
1240	768180	72576
1241	769420	15844
1242	770661	14007
1243	771903	80514
1244	773146	15359
1245	774390	59032
1246	775635	17593
1247	776881	14603
1248	778128	16926
1249	779376	37407
1250	780625	13483
1251	781875	70369
1252	783126	16239
1253	784378	25500
1254	785631	84572
1255	786885	17478
1256	788140	111119
1257	789396	93661
1258	790653	86191
1259	791911	96371
1260	793170	17774
1261	794430	16118
1262	795691	29871
1263	796953	21309
1264	798216	19303
1265	799480	16188
1266	800745	36227
1267	802011	56775
1268	803278	14738
1269	804546	69483
1270	805815	14770
1271	807085	22951
1272	808356	80321
1273	809628	19402
1274	810901	15753
1275	812175	15972
1276	813450	93395
1277	814726	101127
1278	816003	107036
1279	817281	53003
1280	818560	97772
1281	819840	17586
1282	821121	54428
1283	822403	109688
1284	823686	107318
1285	824970	16707
1286	826255	72857
1287	827541	74075
1288	828828	76863
1289	830116	14846
1290	831405	94701
1291	832695	18639
1292	833986	85830
1293	835278	104793
1294	836571	58825
1295	837865	103949
1296	839160	92026
1297	840456	19305
1298	841753	32870
1299	843051	99483
1300	844350	20195
1301	845650	42964
1302	846951	60524
1303	848253	15787
1304	849556	99061
1305	850860	109207
1306	852165	20831
1307	853471	18163
1308	854778	72162
1309	856086	55741
1310	857395	28368
1311	858705	64413
1312	860016	85562
1313	861328	107097
1314	862641	16404
1315	863955	99212
1316	865270	16827
1317	866586	29703
1318	867903	15970
1319	869221	39457
1320	870540	114256
1321	871860	22899
1322	873181	16384
1323	874503	16910
1324	875826	77970
1325	877150	19688
1326	878475	70157
1327	879801	78519
1328	881128	16091
1329	882456	79007
1330	883785	71487
1331	885115	18990
1332	886446	92220
1333	887778	16567
1334	889111	19701
1335	890445	15951
1336	891780	70166
1337	893116	103144
1338	894453	80160
1339	895791	115937
1340	897130	125578
1341	898470	21065
1342	899811	114805
1343	901153	114686
1344	902496	59705
1345	903840	84070
1346	905185	19086
1347	906531	40183
1348	907878	16401
1349	909226	20260
1350	910575	19620
1351	911925	21735
1352	913276	18616
1353	914628	18029
1354	915981	19828
1355	917335	15984
1356	918690	16543
1357	920046	17302
1358	921403	18664
1359	922761	18072
1360	924120	17793
1361	925480	56376
1362	926841	53554
1363	928203	38686
1364	929566	18702
1365	930930	22981
1366	932295	24887
1367	933661	20556
1368	935028	138708
1369	936396	16844
1370	937765	19893
1371	939135	22647
1372	940506	97711
1373	941878	92253
1374	943251	129864
1375	944625	92892
1376	946000	46930
1377	947376	94119
1378	948753	22054
1379	950131	132207
1380	951510	22171
1381	952890	47243
1382	954271	20642
1383	955653	22381
1384	957036	21423
1385	958420	29176
1386	959805	101161
1387	961191	126929
1388	962578	19219
1389	963966	148238
1390	965355	23853
1391	966745	136287
1392	968136	107167
1393	969528	17782
1394	970921	125625
1395	972315	19683
1396	973710	21450
1397	975106	113462
1398	976503	19569
1399	977901	64706
1400	979300	115888
1401	980700	39561
1402	982101	18119
1403	983503	21892
1404	984906	56327
1405	986310	24410
1406	987715	22180
1407	989121	19318
1408	990528	23358
1409	991936	127445
1410	993345	24590
1411	994755	63661
1412	996166	76460
1413	997578	120891
1414	998991	28411
1415	1000405	79951
1416	1001820	130816
1417	1003236	25619
1418	1004653	97644
1419	1006071	123151
1420	1007490	23619
1421	1008910	63720
1422	1010331	130497
1423	1011753	151521
1424	1013176	24006
1425	1014600	104689
1426	1016025	149258
1427	1017451	131602
1428	1018878	148205
1429	1020306	24077
1430	1021735	65147
1431	1023165	121901
1432	1024596	94274
1433	1026028	24028
1434	1027461	68438
1435	1028895	153784
1436	1030330	46959
1437	1031766	132978
1438	1033203	130808
1439	1034641	84975
1440	1036080	37774
1441	1037520	18399
1442	1038961	116066
1443	1040403	32517
1444	1041846	28193
1445	1043290	26661
1446	1044735	91939
1447	1046181	34953
1448	1047628	25043
1449	1049076	120286
1450	1050525	24265
1451	1051975	21351
1452	1053426	80466
1453	1054878	23500
1454	1056331	62247
1455	1057785	21281
1456	1059240	70696
1457	1060696	81096
1458	1062153	131537
1459	1063611	20737
1460	1065070	68207
1461	1066530	112444
1462	1067991	24049
1463	1069453	148649
1464	1070916	25579
1465	1072380	24453
1466	1073845	26565
1467	1075311	92874
1468	1076778	22922
1469	1078246	71550
1470	1079715	133019
1471	1081185	28261
1472	1082656	96440
1473	1084128	109363
1474	1085601	35711
1475	1087075	61431
1476	1088550	22243
1477	1090026	25243
1478	1091503	136026
1479	1092981	23009
1480	1094460	51673
1481	1095940	21694
1482	1097421	74050
1483	1098903	79885
1484	1100386	102096
1485	1101870	136354
1486	1103355	20742
1487	1104841	125438
1488	1106328	21292
1489	1107816	20157
1490	1109305	131108
1491	1110795	23926
1492	1112286	22000
1493	1113778	111275
1494	1115271	148909
1495	1116765	97107
1496	1118260	59603
1497	1119756	25388
1498	1121253	21515
1499	1122751	28104
1500	1124250	25943
1501	1125750	33870
1502	1127251	20824
1503	1128753	23273
1504	1130256	102706
1505	1131760	22608
1506	1133265	68367
1507	1134771	87751
1508	1136278	26399
1509	1137786	145140
1510	1139295	164341
1511	1140805	175416
1512	1142316	21331
1513	1143828	21727
1514	1145341	112162
1515	1146855	23465
1516	1148370	105824
1517	1149886	20933
1518	1151403	141754
1519	1152921	24202
1520	1154440	29585
1521	1155960	29844
1522	1157481	162853
1523	1159003	23823
1524	1160526	25446
1525	1162050	95625
1526	1163575	22852
1527	1165101	32224
1528	1166628	47527
1529	1168156	127106
1530	1169685	25432
1531	1171215	32394
1532	1172746	26944
1533	1174278	157386
1534	1175811	111167
1535	1177345	139460
1536	1178880	25380
1537	1180416	65703
1538	1181953	154698
1539	1183491	26746
1540	1185030	29176
1541	1186570	48255
1542	1188111	71793
1543	1189653	120036
1544	1191196	154273
1545	1192740	148312
1546	1194285	158448
1547	1195831	73797
1548	1197378	134470
1549	1198926	111696
1550	1200475	178537
1551	1202025	65395
1552	1203576	90855
1553	1205128	51701
1554	1206681	159131
1555	1208235	23998
1556	1209790	28884
1557	1211346	73577
1558	1212903	66302
1559	1214461	160507
1560	1216020	24485
1561	1217580	103681
1562	1219141	27437
1563	1220703	28252
1564	1222266	26496
1565	1223830	25462
1566	1225395	98902
1567	1226961	74352
1568	1228528	24136
1569	1230096	127733
1570	1231665	157277
1571	1233235	111940
1572	1234806	118445
1573	1236378	22661
1574	1237951	63533
1575	1239525	20837
1576	1241100	71299
1577	1242676	113340
1578	1244253	26676
1579	1245831	28431
1580	1247410	28242
1581	1248990	28210
1582	1250571	102500
1583	1252153	29193
1584	1253736	28084
1585	1255320	85093
1586	1256905	161343
1587	1258491	181608
1588	1260078	130921
1589	1261666	172761
1590	1263255	32058
1591	1264845	125606
1592	1266436	127891
1593	1268028	27100
1594	1269621	108367
1595	1271215	56041
1596	1272810	150972
1597	1274406	28242
1598	1276003	95435
1599	1277601	72115
1600	1279200	26055
1601	1280800	46271
1602	1282401	165772
1603	1284003	75516
1604	1285606	158188
1605	1287210	27753
1606	1288815	24973
1607	1290421	45408
1608	1292028	55720
1609	1293636	123542
1610	1295245	110215
1611	1296855	28334
1612	1298466	125045
1613	1300078	29171
1614	1301691	133491
1615	1303305	117548
1616	1304920	23674
1617	1306536	161167
1618	1308153	75348
1619	1309771	160007
1620	1311390	71906
1621	1313010	57914
1622	1314631	43940
1623	1316253	174311
1624	1317876	113314
1625	1319500	127810
1626	1321125	167060
1627	1322751	118443
1628	1324378	31072
1629	1326006	70014
1630	1327635	23896
1631	1329265	119105
1632	1330896	85833
1633	1332528	106317
1634	1334161	38940
1635	1335795	115828
1636	1337430	29557
1637	1339066	79551
1638	1340703	143379
1639	1342341	31302
1640	1343980	28144
1641	1345620	73654
1642	1347261	95136
1643	1348903	59958
1644	1350546	28006
1645	1352190	38169
1646	1353835	83841
1647	1355481	24531
1648	1357128	88705
1649	1358776	223002
1650	1360425	32082
1651	1362075	200888
1652	1363726	206982
1653	1365378	32895
1654	1367031	56803
1655	1368685	27695
1656	1370340	37244
1657	1371996	151891
1658	1373653	136232
1659	1375311	44342
1660	1376970	102756
1661	1378630	77192
1662	1380291	31583
1663	1381953	117169
1664	1383616	109847
1665	1385280	30703
1666	1386945	22694
1667	1388611	88758
1668	1390278	152439
1669	1391946	54368
1670	1393615	33651
1671	1395285	180908
1672	1396956	30822
1673	1398628	86321
1674	1400301	86777
1675	1401975	25979
1676	1403650	30213
1677	1405326	47701
1678	1407003	61733
1679	1408681	25114
1680	1410360	32146
1681	1412040	28926
1682	1413721	160365
1683	1415403	28139
1684	1417086	179431
1685	1418770	28115
1686	1420455	190951
1687	1422141	33937
1688	1423828	27965
1689	1425516	29064
1690	1427205	27358
1691	1428895	24225
1692	1430586	35047
1693	1432278	143698
1694	1433971	36729
1695	1435665	126281
1696	1437360	60619
1697	1439056	191301
1698	1440753	43689
1699	1442451	172102
1700	1444150	165387
1701	1445850	32673
1702	1447551	33489
1703	1449253	99234
1704	1450956	116769
1705	1452660	25357
1706	1454365	161062
1707	1456071	29417
1708	1457778	204624
1709	1459486	25271
1710	1461195	31676
1711	1462905	32002
1712	1464616	27239
1713	1466328	171577
1714	1468041	149800
1715	1469755	184292
1716	1471470	31929
1717	1473186	102652
1718	1474903	193702
1719	1476621	103877
1720	1478340	27220
1721	1480060	134235
1722	1481781	109446
1723	1483503	157819
1724	1485226	205834
1725	1486950	54814
1726	1488675	187015
1727	1490401	34569
1728	1492128	30676
1729	1493856	29872
1730	1495585	34291
1731	1497315	42865
1732	1499046	36238
1733	1500778	164911
1734	1502511	167873
1735	1504245	94173
1736	1505980	33955
1737	1507716	196257
1738	1509453	27996
1739	1511191	37570
1740	1512930	46990
1741	1514670	65011
1742	1516411	34638
1743	1518153	48512
1744	1519896	27800
1745	1521640	27332
1746	1523385	30467
1747	1525131	27243
1748	1526878	126908
1749	1528626	29551
1750	1530375	75733
1751	1532125	93313
1752	1533876	228583
1753	1535628	191663
1754	1537381	39413
1755	1539135	211916
1756	1540890	36916
1757	1542646	52907
1758	1544403	47915
1759	1546161	31870
1760	1547920	154654
1761	1549680	29188
1762	1551441	33446
1763	1553203	37728
1764	1554966	102316
1765	1556730	110063
1766	1558495	35389
1767	1560261	38036
1768	1562028	107616
1769	1563796	39365
1770	1565565	125064
1771	1567335	184228
1772	1569106	37380
1773	1570878	35359
1774	1572651	33104
1775	1574425	92127
1776	1576200	28506
1777	1577976	28778
1778	1579753	35523
1779	1581531	200511
1780	1583310	37648
1781	1585090	131777
1782	1586871	209566
1783	1588653	29534
1784	1590436	153027
1785	1592220	138775
1786	1594005	27962
1787	1595791	34585
1788	1597578	146062
1789	1599366	34482
1790	1601155	185291
1791	1602945	258913
1792	1604736	184428
1793	1606528	225451
1794	1608321	129713
1795	1610115	170496
1796	1611910	38059
1797	1613706	34046
1798	1615503	44215
1799	1617301	96943
1800	1619100	200980
1801	1620900	39183
1802	1622701	33534
1803	1624503	93774
1804	1626306	204721
1805	1628110	38799
1806	1629915	221252
1807	1631721	239305
1808	1633528	41355
1809	1635336	102919
1810	1637145	152403
1811	1638955	234915
1812	1640766	147084
1813	1642578	38530
1814	1644391	165957
1815	1646205	168378
1816	1648020	160457
1817	1649836	68634
1818	1651653	169113
1819	1653471	39661
1820	1655290	70917
1821	1657110	33980
1822	1658931	152950
1823	1660753	39442
1824	1662576	37070
1825	1664400	44229
1826	1666225	73239
1827	1668051	86756
1828	1669878	91474
1829	1671706	252709
1830	1673535	36651
1831	1675365	184378
1832	1677196	221160
1833	1679028	34466
1834	1680861	106443
1835	1682695	160007
1836	1684530	42496
1837	1686366	252433
1838	1688203	168684
1839	1690041	32377
1840	1691880	210065
1841	1693720	34216
1842	1695561	77500
1843	1697403	112231
1844	1699246	191295
1845	1701090	231415
1846	1702935	198363
1847	1704781	36502
1848	1706628	124201
1849	1708476	141525
1850	1710325	46733
1851	1712175	38608
1852	1714026	40167
1853	1715878	189726
1854	1717731	223744
1855	1719585	217414
1856	1721440	73828
1857	1723296	202298
1858	1725153	224968
1859	1727011	44479
1860	1728870	223692
1861	1730730	39012
1862	1732591	155153
1863	1734453	40360
1864	1736316	48940
1865	1738180	181369
1866	1740045	39503
1867	1741911	37334
1868	1743778	166695
1869	1745646	41747
1870	1747515	38432
1871	1749385	209669
1872	1751256	40000
1873	1753128	208677
1874	1755001	32890
1875	1756875	155359
1876	1758750	34862
1877	1760626	240586
1878	1762503	228466
1879	1764381	41948
1880	1766260	39273
1881	1768140	58821
1882	1770021	44325
1883	1771903	40525
1884	1773786	37411
1885	1775670	40698
1886	1777555	40555
1887	1779441	85239
1888	1781328	36237
1889	1783216	54922
1890	1785105	39087
1891	1786995	221726
1892	1788886	225701
1893	1790778	44201
1894	1792671	235285
1895	1794565	45458
1896	1796460	37768
1897	1798356	270649
1898	1800253	52760
1899	1802151	114232
1900	1804050	36278
1901	1805950	36568
1902	1807851	41609
1903	1809753	213038
1904	1811656	44598
1905	1813560	267548
1906	1815465	52280
1907	1817371	93696
1908	1819278	46586
1909	1821186	42903
1910	1823095	47534
1911	1825005	44163
1912	1826916	78739
1913	1828828	56286
1914	1830741	40753
1915	1832655	43002
1916	1834570	43425
1917	1836486	99758
1918	1838403	173391
1919	1840321	41900
1920	1842240	50077
1921	1844160	51111
1922	1846081	167828
1923	1848003	44241
1924	1849926	85829
1925	1851850	43540
1926	1853775	39999
1927	1855701	43441
1928	1857628	260976
1929	1859556	252347
1930	1861485	43439
1931	1863415	49039
1932	1865346	44009
1933	1867278	79508
1934	1869211	36049
1935	1871145	240241
1936	1873080	37819
1937	1875016	51975
1938	1876953	235239
1939	1878891	166889
1940	1880830	194282
1941	1882770	42152
1942	1884711	47898
1943	1886653	190578
1944	1888596	40366
1945	1890540	114961
1946	1892485	147951
1947	1894431	55347
1948	1896378	45013
1949	1898326	98141
1950	1900275	149805
1951	1902225	46482
1952	1904176	45576
1953	1906128	37886
1954	1908081	111314
1955	1910035	119727
1956	1911990	152734
1957	1913946	262991
1958	1915903	41679
1959	1917861	158405
1960	1919820	238901
1961	1921780	44830
1962	1923741	136614
1963	1925703	217443
1964	1927666	82078
1965	1929630	41542
1966	1931595	59984
1967	1933561	161601
1968	1935528	174817
1969	1937496	223272
1970	1939465	33875
1971	1941435	38350
1972	1943406	42991
1973	1945378	42323
1974	1947351	263245
1975	1949325	261697
1976	1951300	49128
1977	1953276	159674
1978	1955253	39297
1979	1957231	103543
1980	1959210	151932
1981	1961190	41141
1982	1963171	39800
1983	1965153	159894
1984	1967136	269963
1985	1969120	178278
1986	1971105	151099
1987	1973091	163346
1988	1975078	41343
1989	1977066	41576
1990	1979055	196343
1991	1981045	289785
1992	1983036	45413
1993	1985028	221921
1994	1987021	190654
1995	1989015	166196
1996	1991010	229715
1997	1993006	120463
1998	1995003	46598
1999	1997001	46354
2000	1999000	273312
2001	2001000	205490
2002	2003001	53081
2003	2005003	176872
2004	2007006	56427
2005	2009010	224373
2006	2011015	47698
2007	2013021	151916
2008	2015028	282212
2009	2017036	259598
2010	2019045	45741
2011	2021055	278676
2012	2023066	298358
2013	2025078	295773
2014	2027091	49749
2015	2029105	48646
2016	2031120	271880
2017	2033136	44663
2018	2035153	207629
2019	2037171	227877
2020	2039190	46545
2021	2041210	209919
2022	2043231	271104
2023	2045253	220277
2024	2047276	49042
2025	2049300	225962
2026	2051325	275775
2027	2053351	261791
2028	2055378	247197
2029	2057406	51134
2030	2059435	44209
2031	2061465	184200
2032	2063496	171814
2033	2065528	42889
2034	2067561	219994
2035	2069595	51594
2036	2071630	40434
2037	2073666	94295
2038	2075703	163259
2039	2077741	210461
2040	2079780	123559
2041	2081820	118000
2042	2083861	50313
2043	2085903	184706
2044	2087946	45315
2045	2089990	78390
2046	2092035	247681
2047	2094081	82746
2048	2096128	338453
2049	2098176	278503
2050	2100225	303690
2051	2102275	48540
2052	2104326	281436
2053	2106378	44671
2054	2108431	84115
2055	2110485	49173
2056	2112540	219052
2057	2114596	192319
2058	2116653	42331
2059	2118711	121636
2060	2120770	215395
2061	2122830	182541
2062	2124891	206389
2063	2126953	292742
2064	2129016	278773
2065	2131080	205909
2066	2133145	45433
2067	2135211	37356
2068	2137278	285684
2069	2139346	251618
2070	2141415	151714
2071	2143485	255816
2072	2145556	115726
2073	2147628	285018
2074	2149701	158405
2075	2151775	213880
2076	2153850	243637
2077	2155926	298619
2078	2158003	42438
2079	2160081	278473
2080	2162160	53184
2081	2164240	281269
2082	2166321	309699
2083	2168403	43194
2084	2170486	48723
2085	2172570	52034
2086	2174655	48889
2087	2176741	41310
2088	2178828	44183
2089	2180916	48633
2090	2183005	45412
2091	2185095	47591
2092	2187186	85808
2093	2189278	252934
2094	2191371	198979
2095	2193465	45978
2096	2195560	41991
2097	2197656	40984
2098	2199753	44996
2099	2201851	311541
2100	2203950	72608
2101	2206050	50753
2102	2208151	42534
2103	2210253	52679
2104	2212356	53295
2105	2214460	43681
2106	2216565	51150
2107	2218671	52301
2108	2220778	51110
2109	2222886	42899
2110	2224995	50553
2111	2227105	291490
2112	2229216	248510
2113	2231328	306151
2114	2233441	308961
2115	2235555	57013
2116	2237670	45610
2117	2239786	46931
2118	2241903	46784
2119	2244021	56072
2120	2246140	51258
2121	2248260	70168
2122	2250381	43527
2123	2252503	49307
2124	2254626	40528
2125	2256750	106393
2126	2258875	52921
2127	2261001	54419
2128	2263128	312330
2129	2265256	253804
2130	2267385	44815
2131	2269515	57394
2132	2271646	44494
2133	2273778	56362
2134	2275911	49862
2135	2278045	52697
2136	2280180	50940
2137	2282316	62791
2138	2284453	52410
2139	2286591	58388
2140	2288730	253097
2141	2290870	41761
2142	2293011	245264
2143	2295153	51279
2144	2297296	58658
2145	2299440	92961
2146	2301585	40711
2147	2303731	55993
2148	2305878	56067
2149	2308026	64060
2150	2310175	103949
2151	2312325	319163
2152	2314476	329516
2153	2316628	285798
2154	2318781	54899
2155	2320935	74725
2156	2323090	42972
2157	2325246	48310
2158	2327403	56434
2159	2329561	122855
2160	2331720	208493
2161	2333880	242047
2162	2336041	151030
2163	2338203	341683
2164	2340366	349920
2165	2342530	57203
2166	2344695	144258
2167	2346861	148127
2168	2349028	334073
2169	2351196	349926
2170	2353365	281745
2171	2355535	60900
2172	2357706	279666
2173	2359878	63584
2174	2362051	188548
2175	2364225	287212
2176	2366400	56658
2177	2368576	46610
2178	2370753	50357
2179	2372931	270320
2180	2375110	262665
2181	2377290	66443
2182	2379471	269229
2183	2381653	50935
2184	2383836	285946
2185	2386020	51739
2186	2388205	82409
2187	2390391	243587
2188	2392578	71171
2189	2394766	274634
2190	2396955	53329
2191	2399145	122462
2192	2401336	49302
2193	2403528	102101
2194	2405721	48981
2195	2407915	78905
2196	2410110	329818
2197	2412306	329528
2198	2414503	59965
2199	2416701	54469
2200	2418900	137457
2201	2421100	253344
2202	2423301	237229
2203	2425503	201996
2204	2427706	335653
2205	2429910	301565
2206	2432115	113751
2207	2434321	310249
2208	2436528	48672
2209	2438736	56908
2210	2440945	70375
2211	2443155	190965
2212	2445366	56866
2213	2447578	139060
2214	2449791	63890
2215	2452005	130626
2216	2454220	286853
2217	2456436	50617
2218	2458653	275713
2219	2460871	365065
2220	2463090	48091
2221	2465310	154833
2222	2467531	286747
2223	2469753	45130
2224	2471976	214967
2225	2474200	43995
2226	2476425	48085
2227	2478651	58308
2228	2480878	271957
2229	2483106	79544
2230	2485335	54937
2231	2487565	177352
2232	2489796	96183
2233	2492028	59008
2234	2494261	190130
2235	2496495	257657
2236	2498730	42614
2237	2500966	220214
2238	2503203	165621
2239	2505441	60108
2240	2507680	301932
2241	2509920	288460
2242	2512161	57207
2243	2514403	237294
2244	2516646	198182
2245	2518890	156510
2246	2521135	154976
2247	2523381	239947
2248	2525628	329332
2249	2527876	57024
2250	2530125	226928
2251	2532375	129420
2252	2534626	51889
2253	2536878	217244
2254	2539131	276718
2255	2541385	172255
2256	2543640	184717
2257	2545896	343552
2258	2548153	360204
2259	2550411	92835
2260	2552670	56000
2261	2554930	125174
2262	2557191	45870
2263	2559453	314233
2264	2561716	49788
2265	2563980	49690
2266	2566245	177501
2267	2568511	53096
2268	2570778	210766
2269	2573046	173232
2270	2575315	144357
2271	2577585	280620
2272	2579856	339855
2273	2582128	104318
2274	2584401	178477
2275	2586675	59996
2276	2588950	299621
2277	2591226	316940
2278	2593503	266230
2279	2595781	342718
2280	2598060	318676
2281	2600340	230172
2282	2602621	53889
2283	2604903	88760
2284	2607186	342564
2285	2609470	72740
2286	2611755	63468
2287	2614041	49969
2288	2616328	118472
2289	2618616	248205
2290	2620905	242832
2291	2623195	65402
2292	2625486	270569
2293	2627778	51596
2294	2630071	331774
2295	2632365	53431
2296	2634660	96596
2297	2636956	380561
2298	2639253	390234
2299	2641551	55294
2300	2643850	220254
2301	2646150	343005
2302	2648451	195944
2303	2650753	347603
2304	2653056	315266
2305	2655360	194843
2306	2657665	71883
2307	2659971	214561
2308	2662278	63177
2309	2664586	340280
2310	2666895	49993
2311	2669205	380069
2312	2671516	52812
2313	2673828	259001
2314	2676141	343258
2315	2678455	59508
2316	2680770	135465
2317	2683086	185984
2318	2685403	60090
2319	2687721	246435
2320	2690040	65328
2321	2692360	202379
2322	2694681	354184
2323	2697003	398238
2324	2699326	384107
2325	2701650	250753
2326	2703975	373216
2327	2706301	385186
2328	2708628	436906
2329	2710956	412090
2330	2713285	354417
2331	2715615	60794
2332	2717946	54467
2333	2720278	350428
2334	2722611	52614
2335	2724945	358627
2336	2727280	216557
2337	2729616	73958
2338	2731953	72015
2339	2734291	85748
2340	2736630	58060
2341	2738970	59683
2342	2741311	56859
2343	2743653	58624
2344	2745996	58816
2345	2748340	68636
2346	2750685	355224
2347	2753031	62502
2348	2755378	53894
2349	2757726	56653
2350	2760075	78747
2351	2762425	66348
2352	2764776	55352
2353	2767128	336755
2354	2769481	70823
2355	2771835	60093
2356	2774190	54416
2357	2776546	68211
2358	2778903	63826
2359	2781261	379563
2360	2783620	142458
2361	2785980	63199
2362	2788341	64546
2363	2790703	70139
2364	2793066	62137
2365	2795430	373206
2366	2797795	382163
2367	2800161	62935
2368	2802528	392595
2369	2804896	390047
2370	2807265	245838
2371	2809635	394167
2372	2812006	163117
2373	2814378	369083
2374	2816751	61186
2375	2819125	385827
2376	2821500	63410
2377	2823876	307661
2378	2826253	106288
2379	2828631	362176
2380	2831010	63015
2381	2833390	68126
2382	2835771	58893
2383	2838153	104599
2384	2840536	128531
2385	2842920	341695
2386	2845305	58525
2387	2847691	63002
2388	2850078	397247
2389	2852466	374327
2390	2854855	371896
2391	2857245	287074
2392	2859636	124838
2393	2862028	113011
2394	2864421	369774
2395	2866815	69869
2396	2869210	52644
2397	2871606	359874
2398	2874003	62034
2399	2876401	65889
2400	2878800	66885
2401	2881200	71609
2402	2883601	59625
2403	2886003	73896
2404	2888406	69628
2405	2890810	214833
2406	2893215	296589
2407	2895621	208641
2408	2898028	150113
2409	2900436	344554
2410	2902845	74830
2411	2905255	340180
2412	2907666	68128
2413	2910078	175187
2414	2912491	69932
2415	2914905	277043
2416	2917320	59997
2417	2919736	92823
2418	2922153	96115
2419	2924571	352817
2420	2926990	378333
2421	2929410	175941
2422	2931831	61608
2423	2934253	374688
2424	2936676	57849
2425	2939100	146045
2426	2941525	91093
2427	2943951	275279
2428	2946378	255685
2429	2948806	87724
2430	2951235	64915
2431	2953665	65191
2432	2956096	328630
2433	2958528	247228
2434	2960961	333599
2435	2963395	66756
2436	2965830	315393
2437	2968266	80254
2438	2970703	75912
2439	2973141	67456
2440	2975580	200199
2441	2978020	245406
2442	2980461	309276
2443	2982903	190106
2444	2985346	389891
2445	2987790	334860
2446	2990235	75356
2447	2992681	64743
2448	2995128	230230
2449	2997576	411840
2450	3000025	407943
2451	3002475	197099
2452	3004926	66439
2453	3007378	228626
2454	3009831	52991
2455	3012285	102140
2456	3014740	59066
2457	3017196	159800
2458	3019653	281717
2459	3022111	123367
2460	3024570	56147
2461	3027030	69890
2462	3029491	219386
2463	3031953	56949
2464	3034416	105687
2465	3036880	345705
2466	3039345	86700
2467	3041811	260524
2468	3044278	258601
2469	3046746	163045
2470	3049215	71849
2471	3051685	349342
2472	3054156	259011
2473	3056628	184349
2474	3059101	377857
2475	3061575	412143
2476	3064050	416175
2477	3066526	90057
2478	3069003	257105
2479	3071481	70060
2480	3073960	240897
2481	3076440	67349
2482	3078921	64799
2483	3081403	174531
2484	3083886	69689
2485	3086370	298226
2486	3088855	154852
2487	3091341	260926
2488	3093828	470880
2489	3096316	81515
2490	3098805	68154
2491	3101295	241009
2492	3103786	367219
2493	3106278	83947
2494	3108771	233549
2495	3111265	367081
2496	3113760	365784
2497	3116256	73655
2498	3118753	283667
2499	3121251	220432
2500	3123750	63572
2501	3126250	149483
2502	3128751	65233
2503	3131253	336000
2504	3133756	81435
2505	3136260	64515
2506	3138765	397711
2507	3141271	64674
2508	3143778	362029
2509	3146286	62422
2510	3148795	370908
2511	3151305	232053
2512	3153816	76232
2513	3156328	71457
2514	3158841	73385
2515	3161355	69922
2516	3163870	326159
2517	3166386	432303
2518	3168903	194371
2519	3171421	484849
2520	3173940	332777
2521	3176460	94258
2522	3178981	61955
2523	3181503	361980
2524	3184026	79878
2525	3186550	178586
2526	3189075	441063
2527	3191601	469495
2528	3194128	172053
2529	3196656	61365
2530	3199185	437218
2531	3201715	198546
2532	3204246	147380
2533	3206778	61044
2534	3209311	377296
2535	3211845	456070
2536	3214380	128593
2537	3216916	335547
2538	3219453	432872
2539	3221991	70482
2540	3224530	244633
2541	3227070	65248
2542	3229611	69709
2543	3232153	319830
2544	3234696	70736
2545	3237240	372709
2546	3239785	288530
2547	3242331	73454
2548	3244878	214348
2549	3247426	161992
2550	3249975	64134
2551	3252525	386241
2552	3255076	69862
2553	3257628	434903
2554	3260181	70864
2555	3262735	438281
2556	3265290	66736
2557	3267846	64559
2558	3270403	139102
2559	3272961	353257
2560	3275520	324482
2561	3278080	447887
2562	3280641	118958
2563	3283203	434689
2564	3285766	300854
2565	3288330	75130
2566	3290895	308167
2567	3293461	66506
2568	3296028	345589
2569	3298596	191968
2570	3301165	132634
2571	3303735	458782
2572	3306306	84234
2573	3308878	314184
2574	3311451	68046
2575	3314025	437123
2576	3316600	84860
2577	3319176	79855
2578	3321753	92877
2579	3324331	181338
2580	3326910	77417
2581	3329490	357649
2582	3332071	395055
2583	3334653	442214
2584	3337236	81224
2585	3339820	72799
2586	3342405	179113
2587	3344991	70938
2588	3347578	156524
2589	3350166	324450
2590	3352755	157272
2591	3355345	95543
2592	3357936	404491
2593	3360528	516068
2594	3363121	378798
2595	3365715	80341
2596	3368310	337574
2597	3370906	69926
2598	3373503	79924
2599	3376101	222111
2600	3378700	76329
2601	3381300	63288
2602	3383901	455472
2603	3386503	457647
2604	3389106	69236
2605	3391710	72049
2606	3394315	68755
2607	3396921	84484
2608	3399528	80652
2609	3402136	426201
2610	3404745	73281
2611	3407355	74881
2612	3409966	78928
2613	3412578	480191
2614	3415191	102529
2615	3417805	71739
2616	3420420	100598
2617	3423036	64123
2618	3425653	80556
2619	3428271	87823
2620	3430890	187205
2621	3433510	65264
2622	3436131	85623
2623	3438753	83724
2624	3441376	92698
2625	3444000	74328
2626	3446625	76711
2627	3449251	81433
2628	3451878	92692
2629	3454506	87956
2630	3457135	75824
2631	3459765	84337
2632	3462396	114655
2633	3465028	92996
2634	3467661	78902
2635	3470295	425301
2636	3472930	83766
2637	3475566	82404
2638	3478203	75373
2639	3480841	402773
2640	3483480	87581
2641	3486120	73281
2642	3488761	106983
2643	3491403	75873
2644	3494046	109176
2645	3496690	72400
2646	3499335	74290
2647	3501981	69604
2648	3504628	466372
2649	3507276	82875
2650	3509925	91125
2651	3512575	75400
2652	3515226	67102
2653	3517878	75261
2654	3520531	86925
2655	3523185	68546
2656	3525840	63695
2657	3528496	531049
2658	3531153	89949
2659	3533811	99553
2660	3536470	442574
2661	3539130	79230
2662	3541791	77380
2663	3544453	512788
2664	3547116	75603
2665	3549780	486125
2666	3552445	134285
2667	3555111	438468
2668	3557778	70467
2669	3560446	155268
2670	3563115	288011
2671	3565785	496382
2672	3568456	238108
2673	3571128	90463
2674	3573801	135069
2675	3576475	547908
2676	3579150	73556
2677	3581826	175300
2678	3584503	471508
2679	3587181	75173
2680	3589860	129123
2681	3592540	94997
2682	3595221	98196
2683	3597903	124050
2684	3600586	123037
2685	3603270	114147
2686	3605955	87747
2687	3608641	83216
2688	3611328	444434
2689	3614016	88033
2690	3616705	406217
2691	3619395	68794
2692	3622086	75804
2693	3624778	463233
2694	3627471	78683
2695	3630165	73965
2696	3632860	444500
2697	3635556	82254
2698	3638253	81576
2699	3640951	117997
2700	3643650	435516
2701	3646350	76859
2702	3649051	355358
2703	3651753	86793
2704	3654456	518138
2705	3657160	77999
2706	3659865	84636
2707	3662571	100092
2708	3665278	84711
2709	3667986	394075
2710	3670695	89824
2711	3673405	84169
2712	3676116	384876
2713	3678828	80731
2714	3681541	177305
2715	3684255	259969
2716	3686970	94772
2717	3689686	156543
2718	3692403	280399
2719	3695121	83429
2720	3697840	420328
2721	3700560	368452
2722	3703281	166283
2723	3706003	91393
2724	3708726	102002
2725	3711450	523395
2726	3714175	88225
2727	3716901	297163
2728	3719628	83163
2729	3722356	271318
2730	3725085	185878
2731	3727815	77645
2732	3730546	354997
2733	3733278	98941
2734	3736011	451744
2735	3738745	81862
2736	3741480	144543
2737	3744216	406942
2738	3746953	497140
2739	3749691	369819
2740	3752430	226473
2741	3755170	81645
2742	3757911	87410
2743	3760653	525757
2744	3763396	654915
2745	3766140	89495
2746	3768885	407158
2747	3771631	179039
2748	3774378	237232
2749	3777126	447939
2750	3779875	91284
2751	3782625	91158
2752	3785376	83498
2753	3788128	352660
2754	3790881	415733
2755	3793635	649810
2756	3796390	276855
2757	3799146	468086
2758	3801903	527171
2759	3804661	519812
2760	3807420	89348
2761	3810180	210001
2762	3812941	105709
2763	3815703	497507
2764	3818466	333726
2765	3821230	580727
2766	3823995	425745
2767	3826761	393086
2768	3829528	411459
2769	3832296	291841
2770	3835065	334173
2771	3837835	393861
2772	3840606	729520
2773	3843378	540443
2774	3846151	565310
2775	3848925	377361
2776	3851700	495155
2777	3854476	715765
2778	3857253	604186
2779	3860031	766065
2780	3862810	97499
2781	3865590	458856
2782	3868371	254408
2783	3871153	537247
2784	3873936	171409
2785	3876720	394358
2786	3879505	480528
2787	3882291	120498
2788	3885078	532544
2789	3887866	107960
2790	3890655	529642
2791	3893445	500340
2792	3896236	748671
2793	3899028	655775
2794	3901821	527412
2795	3904615	440011
2796	3907410	397502
2797	3910206	658615
2798	3913003	165750
2799	3915801	281528
2800	3918600	927221
2801	3921400	266530
2802	3924201	394802
2803	3927003	98196
2804	3929806	215839
2805	3932610	103174
2806	3935415	102267
2807	3938221	359316
2808	3941028	517406
2809	3943836	99740
2810	3946645	114104
2811	3949455	480430
2812	3952266	97442
2813	3955078	335095
2814	3957891	95666
2815	3960705	625174
2816	3963520	750203
2817	3966336	918990
2818	3969153	758498
2819	3971971	380081
2820	3974790	761927
2821	3977610	706660
2822	3980431	138647
2823	3983253	81876
2824	3986076	412472
2825	3988900	453584
2826	3991725	139929
2827	3994551	417604
2828	3997378	742603
2829	4000206	190540
2830	4003035	526190
2831	4005865	101542
2832	4008696	157041
2833	4011528	605118
2834	4014361	373024
2835	4017195	482409
2836	4020030	644339
2837	4022866	109295
2838	4025703	275088
2839	4028541	395202
2840	4031380	569985
2841	4034220	197390
2842	4037061	675052
2843	4039903	115730
2844	4042746	649146
2845	4045590	700737
2846	4048435	475917
2847	4051281	249867
2848	4054128	684360
2849	4056976	690922
2850	4059825	670797
2851	4062675	316414
2852	4065526	524816
2853	4068378	105732
2854	4071231	720199
2855	4074085	278523
2856	4076940	498201
2857	4079796	86746
2858	4082653	153025
2859	4085511	105931
2860	4088370	483612
2861	4091230	640794
2862	4094091	1085067
2863	4096953	488756
2864	4099816	726190
2865	4102680	708484
2866	4105545	489381
2867	4108411	427525
2868	4111278	375793
2869	4114146	458894
2870	4117015	119454
2871	4119885	448982
2872	4122756	626783
2873	4125628	130788
2874	4128501	827732
2875	4131375	778841
2876	4134250	758151
2877	4137126	304870
2878	4140003	512541
2879	4142881	699972
2880	4145760	805455
2881	4148640	621088
2882	4151521	471235
2883	4154403	91451
2884	4157286	530181
2885	4160170	504583
2886	4163055	495725
2887	4165941	578453
2888	4168828	445045
2889	4171716	98388
2890	4174605	447676
2891	4177495	695290
2892	4180386	243323
2893	4183278	622290
2894	4186171	369996
2895	4189065	525711
2896	4191960	103439
2897	4194856	152551
2898	4197753	280392
2899	4200651	781580
2900	4203550	499742
2901	4206450	418698
2902	4209351	681475
2903	4212253	856226
2904	4215156	759436
2905	4218060	565477
2906	4220965	126569
2907	4223871	280650
2908	4226778	807480
2909	4229686	361145
2910	4232595	460579
2911	4235505	482534
2912	4238416	540593
2913	4241328	470677
2914	4244241	143361
2915	4247155	671933
2916	4250070	705957
2917	4252986	249838
2918	4255903	134768
2919	4258821	615480
2920	4261740	413516
2921	4264660	445669
2922	4267581	688791
2923	4270503	184569
2924	4273426	108566
2925	4276350	100430
2926	4279275	130764
2927	4282201	621602
2928	4285128	631855
2929	4288056	485310
2930	4290985	891944
2931	4293915	575969
2932	4296846	563998
2933	4299778	119377
2934	4302711	616347
2935	4305645	677229
2936	4308580	1104435
2937	4311516	864524
2938	4314453	680654
2939	4317391	271550
2940	4320330	675232
2941	4323270	572218
2942	4326211	406617
2943	4329153	119918
2944	4332096	518265
2945	4335040	247229
2946	4337985	243877
2947	4340931	89573
2948	4343878	516446
2949	4346826	296929
2950	4349775	301296
2951	4352725	102142
2952	4355676	150912
2953	4358628	558557
2954	4361581	243666
2955	4364535	540682
2956	4367490	606869
2957	4370446	727400
2958	4373403	287251
2959	4376361	611799
2960	4379320	643433
2961	4382280	444210
2962	4385241	616212
2963	4388203	499609
2964	4391166	1006323
2965	4394130	526089
2966	4397095	305368
2967	4400061	122994
2968	4403028	100539
2969	4405996	96963
2970	4408965	101798
2971	4411935	102127
2972	4414906	107828
2973	4417878	100916
2974	4420851	124599
2975	4423825	130185
2976	4426800	98095
2977	4429776	119683
2978	4432753	127924
2979	4435731	184703
2980	4438710	118953
2981	4441690	97037
2982	4444671	95463
2983	4447653	428576
2984	4450636	531419
2985	4453620	524087
2986	4456605	669965
2987	4459591	664195
2988	4462578	443321
2989	4465566	494775
2990	4468555	605721
2991	4471545	514252
2992	4474536	649802
2993	4477528	430554
2994	4480521	988472
2995	4483515	819343
2996	4486510	992087
2997	4489506	837538
2998	4492503	1000001
2999	4495501	1073886
3000	4498500	785842
3001	4501500	148858
3002	4504501	849982
3003	4507503	533797
3004	4510506	398257
3005	4513510	614176
3006	4516515	1052404
3007	4519521	620920
3008	4522528	598959
3009	4525536	902175
3010	4528545	291402
3011	4531555	732567
3012	4534566	758338
3013	4537578	520507
3014	4540591	488213
3015	4543605	464134
3016	4546620	99498
3017	4549636	442911
3018	4552653	106882
3019	4555671	170166
3020	4558690	158981
3021	4561710	275994
3022	4564731	360137
3023	4567753	212782
3024	4570776	202760
3025	4573800	156458
3026	4576825	247692
3027	4579851	525330
3028	4582878	675685
3029	4585906	535847
3030	4588935	624770
3031	4591965	307791
3032	4594996	923018
3033	4598028	292517
3034	4601061	610010
3035	4604095	627423
3036	4607130	450426
3037	4610166	536760
3038	4613203	193239
3039	4616241	704188
3040	4619280	303544
3041	4622320	698818
3042	4625361	994950
3043	4628403	666658
3044	4631446	727687
3045	4634490	804852
3046	4637535	515755
3047	4640581	260464
3048	4643628	616975
3049	4646676	557495
3050	4649725	712393
3051	4652775	444120
3052	4655826	191184
3053	4658878	109241
3054	4661931	377305
3055	4664985	224053
3056	4668040	727123
3057	4671096	810887
3058	4674153	858952
3059	4677211	685287
3060	4680270	556640
3061	4683330	610329
3062	4686391	374491
3063	4689453	322099
3064	4692516	569820
3065	4695580	501294
3066	4698645	118241
3067	4701711	97458
3068	4704778	105735
3069	4707846	426076
3070	4710915	982388
3071	4713985	792628
3072	4717056	289134
3073	4720128	634891
3074	4723201	189785
3075	4726275	447819
3076	4729350	140598
3077	4732426	306239
3078	4735503	125447
3079	4738581	633126
3080	4741660	501856
3081	4744740	588065
3082	4747821	1018775
3083	4750903	878108
3084	4753986	963530
3085	4757070	951662
3086	4760155	407881
3087	4763241	288218
3088	4766328	114994
3089	4769416	159872
3090	4772505	630121
3091	4775595	661230
3092	4778686	586680
3093	4781778	1053756
3094	4784871	826297
3095	4787965	272032
3096	4791060	130254
3097	4794156	491097
3098	4797253	875144
3099	4800351	510436
3100	4803450	570600
3101	4806550	112498
3102	4809651	249907
3103	4812753	697203
3104	4815856	859709
3105	4818960	721280
3106	4822065	843903
3107	4825171	1017352
3108	4828278	825640
3109	4831386	276637
3110	4834495	778740
3111	4837605	1192420
3112	4840716	1182684
3113	4843828	340439
3114	4846941	601694
3115	4850055	691958
3116	4853170	603237
3117	4856286	333940
3118	4859403	694566
3119	4862521	536643
3120	4865640	797778
3121	4868760	595521
3122	4871881	711793
3123	4875003	1278971
3124	4878126	601870
3125	4881250	496916
3126	4884375	501300
3127	4887501	448680
3128	4890628	211202
3129	4893756	122383
3130	4896885	117710
3131	4900015	510766
3132	4903146	739144
3133	4906278	616325
3134	4909411	968207
3135	4912545	1124884
3136	4915680	799335
3137	4918816	412512
3138	4921953	953681
3139	4925091	460031
3140	4928230	640150
3141	4931370	742578
3142	4934511	709584
3143	4937653	790520
3144	4940796	482275
3145	4943940	952692
3146	4947085	1036599
3147	4950231	916730
3148	4953378	739414
3149	4956526	928008
3150	4959675	1133218
3151	4962825	1247579
3152	4965976	739547
3153	4969128	906383
3154	4972281	1066576
3155	4975435	862658
3156	4978590	663717
3157	4981746	747085
3158	4984903	488915
3159	4988061	773699
3160	4991220	652245
3161	4994380	592910
3162	4997541	930389
3163	5000703	1113163
3164	5003866	1142388
3165	5007030	636835
3166	5010195	433750
3167	5013361	129226
3168	5016528	602628
3169	5019696	1119146
3170	5022865	605659
3171	5026035	739349
3172	5029206	619161
3173	5032378	873498
3174	5035551	1158649
3175	5038725	1143247
3176	5041900	660735
3177	5045076	922267
3178	5048253	989524
3179	5051431	783244
3180	5054610	958596
3181	5057790	1291360
3182	5060971	1084977
3183	5064153	647640
3184	5067336	1149247
3185	5070520	829274
3186	5073705	733221
3187	5076891	1422118
3188	5080078	1205471
3189	5083266	1163374
3190	5086455	762463
3191	5089645	412169
3192	5092836	810343
3193	5096028	724414
3194	5099221	721333
3195	5102415	345869
3196	5105610	1184620
3197	5108806	1097330
3198	5112003	835878
3199	5115201	1067473
3200	5118400	867406
3201	5121600	659446
3202	5124801	486853
3203	5128003	1540694
3204	5131206	1002120
3205	5134410	765928
3206	5137615	431568
3207	5140821	900580
3208	5144028	619005
3209	5147236	1019971
3210	5150445	1215283
3211	5153655	846031
3212	5156866	727881
3213	5160078	689663
3214	5163291	993575
3215	5166505	1168169
3216	5169720	1057706
3217	5172936	1098395
3218	5176153	593038
3219	5179371	1241539
3220	5182590	1775343
3221	5185810	1535526
3222	5189031	1248213
3223	5192253	868774
3224	5195476	1283865
3225	5198700	740379
3226	5201925	1034506
3227	5205151	872251
3228	5208378	859343
3229	5211606	450752
3230	5214835	948921
3231	5218065	970979
3232	5221296	792187
3233	5224528	1022661
3234	5227761	958717
3235	5230995	710414
3236	5234230	1053401
3237	5237466	1014561
3238	5240703	728738
3239	5243941	1243293
3240	5247180	1160794
3241	5250420	711366
3242	5253661	440646
3243	5256903	827523
3244	5260146	697421
3245	5263390	410342
3246	5266635	461677
3247	5269881	107745
3248	5273128	1005260
3249	5276376	1128485
3250	5279625	637395
3251	5282875	760739
3252	5286126	892628
3253	5289378	947783
3254	5292631	786898
3255	5295885	421080
3256	5299140	1127210
3257	5302396	600548
3258	5305653	740772
3259	5308911	1152307
3260	5312170	788276
3261	5315430	739408
3262	5318691	965771
3263	5321953	618061
3264	5325216	683398
3265	5328480	877410
3266	5331745	1143917
3267	5335011	1495741
3268	5338278	1429607
3269	5341546	1171453
3270	5344815	1017853
3271	5348085	1349179
3272	5351356	1092913
3273	5354628	1020453
3274	5357901	776326
3275	5361175	1284307
3276	5364450	871897
3277	5367726	425825
3278	5371003	618477
3279	5374281	559978
3280	5377560	538487
3281	5380840	710209
3282	5384121	559438
3283	5387403	717528
3284	5390686	650075
3285	5393970	331585
3286	5397255	945350
3287	5400541	785273
3288	5403828	933269
3289	5407116	1316753
3290	5410405	813720
3291	5413695	830052
3292	5416986	815944
3293	5420278	1189247
3294	5423571	1016039
3295	5426865	1123688
3296	5430160	1064334
3297	5433456	1083462
3298	5436753	980268
3299	5440051	923575
3300	5443350	896641
3301	5446650	255211
3302	5449951	263882
3303	5453253	286385
3304	5456556	1389795
3305	5459860	1421488
3306	5463165	1021631
3307	5466471	863314
3308	5469778	513949
3309	5473086	748108
3310	5476395	136788
3311	5479705	739954
3312	5483016	1059045
3313	5486328	968493
3314	5489641	856898
3315	5492955	438991
3316	5496270	800768
3317	5499586	1341743
3318	5502903	1180633
3319	5506221	1245558
3320	5509540	1392302
3321	5512860	1036903
3322	5516181	1201228
3323	5519503	1043199
3324	5522826	1075533
3325	5526150	864528
3326	5529475	403840
3327	5532801	848347
3328	5536128	893936
3329	5539456	1140793
3330	5542785	814035
3331	5546115	1184988
3332	5549446	882932
3333	5552778	1271336
3334	5556111	1049022
3335	5559445	1314577
3336	5562780	940670
3337	5566116	1235371
3338	5569453	828318
3339	5572791	539503
3340	5576130	261370
3341	5579470	524188
3342	5582811	273380
3343	5586153	339951
3344	5589496	694108
3345	5592840	1248043
3346	5596185	1236493
3347	5599531	1143321
3348	5602878	865765
3349	5606226	1072756
3350	5609575	863578
3351	5612925	1539882
3352	5616276	961375
3353	5619628	1296973
3354	5622981	947084
3355	5626335	757248
3356	5629690	1004051
3357	5633046	922843
3358	5636403	687104
3359	5639761	1299542
3360	5643120	846555
3361	5646480	1274527
3362	5649841	2208694
3363	5653203	1191989
3364	5656566	846474
3365	5659930	891337
3366	5663295	746936
3367	5666661	632609
3368	5670028	1021948
3369	5673396	626255
3370	5676765	384284
3371	5680135	340362
3372	5683506	742229
3373	5686878	960238
3374	5690251	847672
3375	5693625	1188543
3376	5697000	767388
3377	5700376	1648694
3378	5703753	1008962
3379	5707131	1054529
3380	5710510	921453
3381	5713890	707844
3382	5717271	1099101
3383	5720653	1200856
3384	5724036	930829
3385	5727420	1311229
3386	5730805	1075359
3387	5734191	705815
3388	5737578	1246125
3389	5740966	1090584
3390	5744355	433300
3391	5747745	1281029
3392	5751136	971393
3393	5754528	1351289
3394	5757921	970155
3395	5761315	1048784
3396	5764710	873758
3397	5768106	643585
3398	5771503	1335777
3399	5774901	1215657
3400	5778300	1360554
3401	5781700	1328734
3402	5785101	1554381
3403	5788503	1990690
3404	5791906	1295931
3405	5795310	1368238
3406	5798715	1185816
3407	5802121	1220996
3408	5805528	1131651
3409	5808936	718513
3410	5812345	999634
3411	5815755	788500
3412	5819166	752822
3413	5822578	1172190
3414	5825991	1005247
3415	5829405	890787
3416	5832820	717250
3417	5836236	1287989
3418	5839653	1071369
3419	5843071	695793
3420	5846490	710914
3421	5849910	742362
3422	5853331	981459
3423	5856753	620422
3424	5860176	723826
3425	5863600	1237863
3426	5867025	982434
3427	5870451	871229
3428	5873878	1467396
3429	5877306	1341267
3430	5880735	1138056
3431	5884165	1467121
3432	5887596	1157951
3433	5891028	1225111
3434	5894461	1108802
3435	5897895	936463
3436	5901330	1116170
3437	5904766	930222
3438	5908203	765517
3439	5911641	839840
3440	5915080	963457
3441	5918520	1236456
3442	5921961	1116418
3443	5925403	1535362
3444	5928846	1193926
3445	5932290	1067831
3446	5935735	1225490
3447	5939181	1018260
3448	5942628	1740177
3449	5946076	2903107
3450	5949525	1988699
3451	5952975	1233660
3452	5956426	1307267
3453	5959878	1204561
3454	5963331	1307581
3455	5966785	1102073
3456	5970240	1029716
3457	5973696	1204174
3458	5977153	1042016
3459	5980611	1355017
3460	5984070	2080518
3461	5987530	1720619
3462	5990991	1411105
3463	5994453	1019397
3464	5997916	1249768
3465	6001380	1623714
3466	6004845	1074595
3467	6008311	1484704
3468	6011778	1181396
3469	6015246	817487
3470	6018715	701149
3471	6022185	694108
3472	6025656	1198205
3473	6029128	1460178
3474	6032601	1179079
3475	6036075	2119516
3476	6039550	1232661
3477	6043026	1604744
3478	6046503	1252448
3479	6049981	1216280
3480	6053460	1301642
3481	6056940	1497408
3482	6060421	1602787
3483	6063903	1253208
3484	6067386	2058586
3485	6070870	1454013
3486	6074355	1268908
3487	6077841	1373231
3488	6081328	615081
3489	6084816	1547601
3490	6088305	1342196
3491	6091795	797011
3492	6095286	1339401
3493	6098778	779462
3494	6102271	1540679
3495	6105765	1172277
3496	6109260	902128
3497	6112756	1455604
3498	6116253	2302983
3499	6119751	1353324
3500	6123250	1220540
3501	6126750	1135931
3502	6130251	808606
3503	6133753	901275
3504	6137256	1110029
3505	6140760	1057402
3506	6144265	1078772
3507	6147771	1405545
3508	6151278	1500219
3509	6154786	1547621
3510	6158295	1170609
3511	6161805	1331450
3512	6165316	2347061
3513	6168828	1393607
3514	6172341	930540
3515	6175855	793999
3516	6179370	1287764
3517	6182886	1167750
3518	6186403	965769
3519	6189921	1350294
3520	6193440	1131013
3521	6196960	1099630
3522	6200481	1323264
3523	6204003	1244222
3524	6207526	1295572
3525	6211050	1652525
3526	6214575	1593582
3527	6218101	948007
3528	6221628	2305112
3529	6225156	1241798
3530	6228685	700637
3531	6232215	1291905
3532	6235746	1427234
3533	6239278	1228302
3534	6242811	1390976
3535	6246345	1275529
3536	6249880	1150693
3537	6253416	1085471
3538	6256953	1677397
3539	6260491	1305884
3540	6264030	1620765
3541	6267570	2533429
3542	6271111	2345076
3543	6274653	1513048
3544	6278196	1134238
3545	6281740	1781000
3546	6285285	1919030
3547	6288831	1360202
3548	6292378	1164055
3549	6295926	1958485
3550	6299475	1270838
3551	6303025	1804823
3552	6306576	2394189
3553	6310128	1578991
3554	6313681	1072668
3555	6317235	1719069
3556	6320790	1214955
3557	6324346	974315
3558	6327903	2232688
3559	6331461	1182192
3560	6335020	1208610
3561	6338580	1308481
3562	6342141	1320924
3563	6345703	2234047
3564	6349266	1888951
3565	6352830	1510707
3566	6356395	2443193
3567	6359961	1618096
3568	6363528	2007320
3569	6367096	2255010
3570	6370665	2183068
3571	6374235	1380883
3572	6377806	1566299
3573	6381378	1489372
3574	6384951	1132059
3575	6388525	2213044
3576	6392100	1420714
3577	6395676	1090651
3578	6399253	648091
3579	6402831	2606383
3580	6406410	1665988
3581	6409990	1274200
3582	6413571	2490683
3583	6417153	2030645
3584	6420736	1504116
3585	6424320	1354645
3586	6427905	1054619
3587	6431491	2265458
3588	6435078	1549173
3589	6438666	1037781
3590	6442255	2414833
3591	6445845	1393308
3592	6449436	1133189
3593	6453028	1408781
3594	6456621	1397701
3595	6460215	1481752
3596	6463810	3061238
3597	6467406	2133925
3598	6471003	2352787
3599	6474601	1703880
3600	6478200	1453399
3601	6481800	1509089
3602	6485401	1567573
3603	6489003	1554704
3604	6492606	1320799
3605	6496210	2789345
3606	6499815	3443381
3607	6503421	2425748
3608	6507028	1564585
3609	6510636	1502540
3610	6514245	1928758
3611	6517855	2468070
3612	6521466	2261013
3613	6525078	1784148
3614	6528691	1449574
3615	6532305	1699085
3616	6535920	1504543
3617	6539536	2375946
3618	6543153	2734091
3619	6546771	1689981
3620	6550390	1468497
3621	6554010	1497921
3622	6557631	1495112
3623	6561253	1480761
3624	6564876	1654627
3625	6568500	1469879
3626	6572125	2178673
3627	6575751	2044312
3628	6579378	1559891
3629	6583006	1504593
3630	6586635	2395747
3631	6590265	1419696
3632	6593896	1454045
3633	6597528	2235168
3634	6601161	1605720
3635	6604795	1382327
3636	6608430	2423890
3637	6612066	1490874
3638	6615703	2168017
3639	6619341	2555930
3640	6622980	1446950
3641	6626620	1716687
3642	6630261	1296530
3643	6633903	1317648
3644	6637546	1878307
3645	6641190	1750241
3646	6644835	1884910
3647	6648481	2760306
3648	6652128	2537025
3649	6655776	2250522
3650	6659425	3140359
3651	6663075	1439706
3652	6666726	1524718
3653	6670378	1880835
3654	6674031	2951660
3655	6677685	1305384
3656	6681340	1543638
3657	6684996	1363764
3658	6688653	1518753
3659	6692311	1951268
3660	6695970	1453917
3661	6699630	1184857
3662	6703291	2206872
3663	6706953	2288098
3664	6710616	1395433
3665	6714280	1505896
3666	6717945	2749668
3667	6721611	3286140
3668	6725278	1445795
3669	6728946	2154941
3670	6732615	1803969
3671	6736285	2286536
3672	6739956	1347699
3673	6743628	2664027
3674	6747301	1543023
3675	6750975	2084960
3676	6754650	2048795
3677	6758326	1708916
3678	6762003	1933396
3679	6765681	1374270
3680	6769360	1412068
3681	6773040	1107160
3682	6776721	1503412
3683	6780403	2739504
3684	6784086	1712354
3685	6787770	1687765
3686	6791455	1473951
3687	6795141	1686313
3688	6798828	2456483
3689	6802516	1539037
3690	6806205	1687935
3691	6809895	2558941
3692	6813586	2902359
3693	6817278	2351034
3694	6820971	1500121
3695	6824665	1558881
3696	6828360	1213865
3697	6832056	976538
3698	6835753	1464543
3699	6839451	1364924
3700	6843150	2400616
3701	6846850	1475920
3702	6850551	1209789
3703	6854253	1127734
3704	6857956	1621676
3705	6861660	2162582
3706	6865365	1356836
3707	6869071	1519353
3708	6872778	2274073
3709	6876486	2938951
3710	6880195	3166233
3711	6883905	1589236
3712	6887616	1974803
3713	6891328	2785890
3714	6895041	3227370
3715	6898755	1574474
3716	6902470	2635911
3717	6906186	2380604
3718	6909903	1443901
3719	6913621	1920356
3720	6917340	1584108
3721	6921060	1676621
3722	6924781	2647563
3723	6928503	2751292
3724	6932226	2762157
3725	6935950	2346013
3726	6939675	2244395
3727	6943401	1652051
3728	6947128	1816749
3729	6950856	1312368
3730	6954585	1268441
3731	6958315	1950214
3732	6962046	2350414
3733	6965778	1702052
3734	6969511	1513170
3735	6973245	2527039
3736	6976980	1830931
3737	6980716	1212953
3738	6984453	1538074
3739	6988191	2167074
3740	6991930	2055981
3741	6995670	1943748
3742	6999411	1591195
3743	7003153	1385219
3744	7006896	1658532
3745	7010640	1262494
3746	7014385	1246302
3747	7018131	1444820
3748	7021878	1822283
3749	7025626	1475732
3750	7029375	1239372
3751	7033125	1377247
3752	7036876	1487352
3753	7040628	1187146
3754	7044381	1244179
3755	7048135	1720706
3756	7051890	2238829
3757	7055646	2278578
3758	7059403	2489286
3759	7063161	2530578
3760	7066920	3216200
3761	7070680	1436111
3762	7074441	2630291
3763	7078203	1416473
3764	7081966	2730508
3765	7085730	1969948
3766	7089495	2775538
3767	7093261	1494319
3768	7097028	1590674
3769	7100796	2300870
3770	7104565	2873070
3771	7108335	1717758
3772	7112106	1491739
3773	7115878	2084731
3774	7119651	1498545
3775	7123425	1857709
3776	7127200	2502129
3777	7130976	1712156
3778	7134753	2827363
3779	7138531	1462987
3780	7142310	1873242
3781	7146090	1896805
3782	7149871	2707511
3783	7153653	1764475
3784	7157436	2785748
3785	7161220	1665922
3786	7165005	2101509
3787	7168791	2562967
3788	7172578	2943683
3789	7176366	1494481
3790	7180155	1941069
3791	7183945	1178452
3792	7187736	1379152
3793	7191528	1528518
3794	7195321	2618537
3795	7199115	2995301
3796	7202910	3271699
3797	7206706	2675985
3798	7210503	1743663
3799	7214301	2918590
3800	7218100	2727203
3801	7221900	1880596
3802	7225701	3298406
3803	7229503	3257151
3804	7233306	2501881
3805	7237110	1971189
3806	7240915	3128790
3807	7244721	2167564
3808	7248528	1951693
3809	7252336	3207760
3810	7256145	1518018
3811	7259955	1870254
3812	7263766	2048467
3813	7267578	3701221
3814	7271391	2788055
3815	7275205	1558092
3816	7279020	2881292
3817	7282836	2608581
3818	7286653	1718499
3819	7290471	1871157
3820	7294290	2596477
3821	7298110	1735217
3822	7301931	2010506
3823	7305753	2561908
3824	7309576	1324261
3825	7313400	3074891
3826	7317225	2379871
3827	7321051	3116028
3828	7324878	4078480
3829	7328706	1707373
3830	7332535	3170280
3831	7336365	1575043
3832	7340196	1360518
3833	7344028	1466393
3834	7347861	1796496
3835	7351695	2352360
3836	7355530	2797468
3837	7359366	2792852
3838	7363203	2889864
3839	7367041	2850492
3840	7370880	3519414
3841	7374720	3520606
3842	7378561	3029281
3843	7382403	1764170
3844	7386246	1752900
3845	7390090	1888066
3846	7393935	1905635
3847	7397781	2052642
3848	7401628	3313247
3849	7405476	2237010
3850	7409325	2777926
3851	7413175	1363071
3852	7417026	1655385
3853	7420878	2759098
3854	7424731	1747782
3855	7428585	2245889
3856	7432440	1809023
3857	7436296	1728309
3858	7440153	2484717
3859	7444011	2172566
3860	7447870	1422619
3861	7451730	2304125
3862	7455591	1967175
3863	7459453	2559147
3864	7463316	3893015
3865	7467180	2033399
3866	7471045	2856740
3867	7474911	2781564
3868	7478778	2865013
3869	7482646	1639736
3870	7486515	1529879
3871	7490385	1712832
3872	7494256	1649887
3873	7498128	2082201
3874	7502001	2019286
3875	7505875	1587942
3876	7509750	2283653
3877	7513626	2479478
3878	7517503	1976434
3879	7521381	3343451
3880	7525260	2384348
3881	7529140	1857815
3882	7533021	1778338
3883	7536903	1713559
3884	7540786	1894660
3885	7544670	3153007
3886	7548555	1847426
3887	7552441	2126896
3888	7556328	1709444
3889	7560216	2083818
3890	7564105	1896968
3891	7567995	2448796
3892	7571886	3133485
3893	7575778	3359274
3894	7579671	3541911
3895	7583565	3429472
3896	7587460	2481680
3897	7591356	3033057
3898	7595253	1655266
3899	7599151	3214785
3900	7603050	1998525
3901	7606950	2299820
3902	7610851	1893735
3903	7614753	2225168
3904	7618656	1980044
3905	7622560	2182033
3906	7626465	1896016
3907	7630371	1765826
3908	7634278	2305294
3909	7638186	1847231
3910	7642095	2145079
3911	7646005	2629275
3912	7649916	2633835
3913	7653828	1793397
3914	7657741	3035943
3915	7661655	2508081
3916	7665570	2011745
3917	7669486	2498827
3918	7673403	2363987
3919	7677321	1600188
3920	7681240	2777513
3921	7685160	2407672
3922	7689081	3645563
3923	7693003	2224252
3924	7696926	2269736
3925	7700850	1484237
3926	7704775	3578468
3927	7708701	2525403
3928	7712628	3885975
3929	7716556	2257810
3930	7720485	1614765
3931	7724415	1631299
3932	7728346	1938236
3933	7732278	2085243
3934	7736211	2317555
3935	7740145	1939080
3936	7744080	2339579
3937	7748016	1472360
3938	7751953	2559854
3939	7755891	2954717
3940	7759830	1530606
3941	7763770	2995859
3942	7767711	2751287
3943	7771653	1640823
3944	7775596	2773591
3945	7779540	1906857
3946	7783485	2976784
3947	7787431	1824314
3948	7791378	2225265
3949	7795326	3727531
3950	7799275	3354661
3951	7803225	2926129
3952	7807176	2210399
3953	7811128	3357639
3954	7815081	2925710
3955	7819035	1253820
3956	7822990	2132296
3957	7826946	2331820
3958	7830903	1899826
3959	7834861	2931133
3960	7838820	1979371
3961	7842780	2083259
3962	7846741	1423552
3963	7850703	2198315
3964	7854666	1844264
3965	7858630	2492178
3966	7862595	1731243
3967	7866561	2743096
3968	7870528	2939424
3969	7874496	1886597
3970	7878465	3489119
3971	7882435	1387332
3972	7886406	1480808
3973	7890378	1324445
3974	7894351	1443850
3975	7898325	2091389
3976	7902300	1527983
3977	7906276	3066951
3978	7910253	3328584
3979	7914231	3536304
3980	7918210	3526635
3981	7922190	1945371
3982	7926171	1795294
3983	7930153	2770649
3984	7934136	1991285
3985	7938120	2059429
3986	7942105	1915920
3987	7946091	2957805
3988	7950078	1824700
3989	7954066	2474937
3990	7958055	2661637
3991	7962045	1616588
3992	7966036	3087575
3993	7970028	1781217
3994	7974021	1521934
3995	7978015	3446581
3996	7982010	4240438
3997	7986006	2571145
3998	7990003	1732694
3999	7994001	1544054
4000	7998000	1541502
4001	8002000	3127568
4002	8006001	3971461
4003	8010003	4324544
4004	8014006	1928460
4005	8018010	3215604
4006	8022015	3133156
4007	8026021	2240193
4008	8030028	1756827
4009	8034036	2595259
4010	8038045	1597395
4011	8042055	2438191
4012	8046066	2049894
4013	8050078	2838615
4014	8054091	1791145
4015	8058105	4093313
4016	8062120	4181120
4017	8066136	2091207
4018	8070153	2258652
4019	8074171	2051243
4020	8078190	3131639
4021	8082210	2863159
4022	8086231	1896510
4023	8090253	2973265
4024	8094276	1768044
4025	8098300	2486992
4026	8102325	2132536
4027	8106351	1745876
4028	8110378	1732996
4029	8114406	3010160
4030	8118435	2810423
4031	8122465	1965015
4032	8126496	2530251
4033	8130528	1506241
4034	8134561	1642019
4035	8138595	3213187
4036	8142630	4036806
4037	8146666	2013286
4038	8150703	1698687
4039	8154741	2045613
4040	8158780	1640206
4041	8162820	2175863
4042	8166861	1797779
4043	8170903	3043275
4044	8174946	3877885
4045	8178990	3728702
4046	8183035	2700647
4047	8187081	1861277
4048	8191128	2080000
4049	8195176	2921116
4050	8199225	2948658
4051	8203275	2174305
4052	8207326	2082091
4053	8211378	3241747
4054	8215431	3845364
4055	8219485	4793049
4056	8223540	1565212
4057	8227596	1714656
4058	8231653	2837082
4059	8235711	2103716
4060	8239770	2036962
4061	8243830	3229228
4062	8247891	2712074
4063	8251953	1961178
4064	8256016	3217625
4065	8260080	3493806
4066	8264145	2032342
4067	8268211	2409193
4068	8272278	3750347
4069	8276346	3318064
4070	8280415	1817961
4071	8284485	3795302
4072	8288556	1643855
4073	8292628	2305224
4074	8296701	3035541
4075	8300775	1850809
4076	8304850	3067041
4077	8308926	4071301
4078	8313003	3794573
4079	8317081	3565897
4080	8321160	2182665
4081	8325240	3625660
4082	8329321	2487588
4083	8333403	2107480
4084	8337486	3110820
4085	8341570	4172512
4086	8345655	3621134
4087	8349741	3087171
4088	8353828	3727298
4089	8357916	2314559
4090	8362005	1591359
4091	8366095	3821174
4092	8370186	1956974
4093	8374278	2488570
4094	8378371	2116811
4095	8382465	4216714
4096	8386560	4224580
4097	8390656	5299679
4098	8394753	2323122
4099	8398851	5047424
4100	8402950	2188674
4101	8407050	3622542
4102	8411151	4108219
4103	8415253	4281032
4104	8419356	2970511
4105	8423460	3547449
4106	8427565	4942996
4107	8431671	2172709
4108	8435778	3728342
4109	8439886	2854147
4110	8443995	2327389
4111	8448105	2365222
4112	8452216	2434067
4113	8456328	3037005
4114	8460441	3859442
4115	8464555	4507028
4116	8468670	1938465
4117	8472786	4023257
4118	8476903	2048873
4119	8481021	4065877
4120	8485140	3251953
4121	8489260	3312706
4122	8493381	2314740
4123	8497503	2813765
4124	8501626	3402835
4125	8505750	2194773
4126	8509875	4820365
4127	8514001	2117383
4128	8518128	4024624
4129	8522256	1699234
4130	8526385	2988747
4131	8530515	5077560
4132	8534646	2197110
4133	8538778	2669750
4134	8542911	2833089
4135	8547045	2271032
4136	8551180	3205810
4137	8555316	4692781
4138	8559453	4813772
4139	8563591	2547689
4140	8567730	3178404
4141	8571870	3325291
4142	8576011	2305676
4143	8580153	3564325
4144	8584296	3042530
4145	8588440	3679148
4146	8592585	2477893
4147	8596731	3011809
4148	8600878	2445558
4149	8605026	3384243
4150	8609175	3577875
4151	8613325	2560071
4152	8617476	2825949
4153	8621628	4220173
4154	8625781	2308475
4155	8629935	2501482
4156	8634090	3108581
4157	8638246	2375839
4158	8642403	3298936
4159	8646561	3520697
4160	8650720	2754243
4161	8654880	2337199
4162	8659041	3934209
4163	8663203	2254634
4164	8667366	2925187
4165	8671530	3625396
4166	8675695	2335707
4167	8679861	4187550
4168	8684028	3524720
4169	8688196	4038638
4170	8692365	3047913
4171	8696535	2527561
4172	8700706	5038332
4173	8704878	2215172
4174	8709051	4349949
4175	8713225	3107380
4176	8717400	2436830
4177	8721576	2237965
4178	8725753	2889112
4179	8729931	3043571
4180	8734110	2300496
4181	8738290	4134572
4182	8742471	3608967
4183	8746653	2086100
4184	8750836	5059498
4185	8755020	3293680
4186	8759205	2613240
4187	8763391	4724649
4188	8767578	4612418
4189	8771766	4489008
4190	8775955	2720734
4191	8780145	3771153
4192	8784336	2444021
4193	8788528	4237943
4194	8792721	3243062
4195	8796915	2132794
4196	8801110	3729163
4197	8805306	3365763
4198	8809503	1885796
4199	8813701	3337619
4200	8817900	5099223
4201	8822100	4284861
4202	8826301	2319284
4203	8830503	4500334
4204	8834706	3201362
4205	8838910	2626399
4206	8843115	2599103
4207	8847321	1688582
4208	8851528	2443904
4209	8855736	3816069
4210	8859945	3681320
4211	8864155	3228422
4212	8868366	2332035
4213	8872578	2421517
4214	8876791	3498677
4215	8881005	6094959
4216	8885220	2425666
4217	8889436	2030153
4218	8893653	4006486
4219	8897871	3234488
4220	8902090	2263792
4221	8906310	2412985
4222	8910531	4113045
4223	8914753	5072193
4224	8918976	4427146
4225	8923200	3964856
4226	8927425	2794136
4227	8931651	3877502
4228	8935878	4450930
4229	8940106	2810823
4230	8944335	4576259
4231	8948565	2117363
4232	8952796	3229891
4233	8957028	3756122
4234	8961261	4931557
4235	8965495	4171701
4236	8969730	2468926
4237	8973966	3134847
4238	8978203	3995407
4239	8982441	2716719
4240	8986680	4300617
4241	8990920	4856915
4242	8995161	4637472
4243	8999403	5116162
4244	9003646	2328464
4245	9007890	2425816
4246	9012135	2282678
4247	9016381	3610363
4248	9020628	4046119
4249	9024876	3067106
4250	9029125	2546602
4251	9033375	2746038
4252	9037626	3657591
4253	9041878	2567273
4254	9046131	2039222
4255	9050385	2143917
4256	9054640	3850495
4257	9058896	4260861
4258	9063153	2402976
4259	9067411	3750643
4260	9071670	2328752
4261	9075930	2453216
4262	9080191	4024601
4263	9084453	2566300
4264	9088716	2378920
4265	9092980	2458427
4266	9097245	2484952
4267	9101511	4077615
4268	9105778	4537822
4269	9110046	3526399
4270	9114315	2538672
4271	9118585	4110669
4272	9122856	3214240
4273	9127128	2863495
4274	9131401	3355723
4275	9135675	4058240
4276	9139950	2883643
4277	9144226	2803862
4278	9148503	3116752
4279	9152781	3002675
4280	9157060	3918527
4281	9161340	3881397
4282	9165621	2696240
4283	9169903	2624670
4284	9174186	3565572
4285	9178470	4033575
4286	9182755	4240432
4287	9187041	2578075
4288	9191328	4786296
4289	9195616	4394099
4290	9199905	4764959
4291	9204195	5487054
4292	9208486	4733551
4293	9212778	3508174
4294	9217071	4401788
4295	9221365	5512306
4296	9225660	4748363
4297	9229956	2718692
4298	9234253	3764915
4299	9238551	4402165
4300	9242850	3355195
4301	9247150	4843403
4302	9251451	3491648
4303	9255753	3100618
4304	9260056	3366221
4305	9264360	1926849
4306	9268665	4742803
4307	9272971	2987568
4308	9277278	2725784
4309	9281586	4588748
4310	9285895	3606168
4311	9290205	2646280
4312	9294516	5021924
4313	9298828	2885400
4314	9303141	4950471
4315	9307455	2335185
4316	9311770	3374588
4317	9316086	2027485
4318	9320403	3725003
4319	9324721	2558548
4320	9329040	3898450
4321	9333360	4585742
4322	9337681	4884704
4323	9342003	5226992
4324	9346326	2683580
4325	9350650	2231677
4326	9354975	4504853
4327	9359301	2663346
4328	9363628	2919532
4329	9367956	3133413
4330	9372285	2091846
4331	9376615	3105044
4332	9380946	2750696
4333	9385278	2957082
4334	9389611	4201412
4335	9393945	2832451
4336	9398280	4215454
4337	9402616	5586317
4338	9406953	2528674
4339	9411291	3844827
4340	9415630	3756856
4341	9419970	2264517
4342	9424311	2321539
4343	9428653	1973631
4344	9432996	1956890
4345	9437340	3031350
4346	9441685	3503490
4347	9446031	2256867
4348	9450378	4146171
4349	9454726	5857918
4350	9459075	2722564
4351	9463425	4616204
4352	9467776	4829062
4353	9472128	3405447
4354	9476481	2825866
4355	9480835	3655977
4356	9485190	3261185
4357	9489546	2629107
4358	9493903	4516947
4359	9498261	2336348
4360	9502620	3107327
4361	9506980	2527996
4362	9511341	3696958
4363	9515703	2472158
4364	9520066	3794474
4365	9524430	4970795
4366	9528795	3547855
4367	9533161	2615851
4368	9537528	3434162
4369	9541896	3273900
4370	9546265	2253089
4371	9550635	3828948
4372	9555006	4724917
4373	9559378	6447278
4374	9563751	3712384
4375	9568125	2554678
4376	9572500	3651511
4377	9576876	3464948
4378	9581253	4235332
4379	9585631	2829591
4380	9590010	4269423
4381	9594390	3477858
4382	9598771	2590500
4383	9603153	3848384
4384	9607536	2689844
4385	9611920	3469778
4386	9616305	2728384
4387	9620691	2990360
4388	9625078	4258055
4389	9629466	2460138
4390	9633855	2962615
4391	9638245	4349823
4392	9642636	2745638
4393	9647028	4966531
4394	9651421	5558479
4395	9655815	2976886
4396	9660210	3093651
4397	9664606	3197915
4398	9669003	2760265
4399	9673401	3870266
4400	9677800	2038319
4401	9682200	4253515
4402	9686601	2685999
4403	9691003	5165517
4404	9695406	4765433
4405	9699810	4661320
4406	9704215	2753488
4407	9708621	4357052
4408	9713028	2547942
4409	9717436	4264858
4410	9721845	3682481
4411	9726255	2848574
4412	9730666	4910455
4413	9735078	2707650
4414	9739491	4299191
4415	9743905	2979902
4416	9748320	2931304
4417	9752736	3748353
4418	9757153	2900272
4419	9761571	3460211
4420	9765990	2996311
4421	9770410	3891797
4422	9774831	2760573
4423	9779253	2802263
4424	9783676	4029030
4425	9788100	2298909
4426	9792525	4935946
4427	9796951	3125539
4428	9801378	2841211
4429	9805806	3278971
4430	9810235	3023629
4431	9814665	3737994
4432	9819096	2183416
4433	9823528	3223469
4434	9827961	2562060
4435	9832395	2000894
4436	9836830	3357946
4437	9841266	3108957
4438	9845703	2852220
4439	9850141	3916225
4440	9854580	3890428
4441	9859020	2566203
4442	9863461	4629983
4443	9867903	5717324
4444	9872346	5425708
4445	9876790	6261358
4446	9881235	4225608
4447	9885681	3914025
4448	9890128	2633777
4449	9894576	5228751
4450	9899025	2674142
4451	9903475	1625350
4452	9907926	3138278
4453	9912378	3349633
4454	9916831	2997281
4455	9921285	2689459
4456	9925740	2198212
4457	9930196	4758300
4458	9934653	6332291
4459	9939111	5437402
4460	9943570	4066039
4461	9948030	4264898
4462	9952491	2700267
4463	9956953	4263902
4464	9961416	2691032
4465	9965880	4740762
4466	9970345	2839006
4467	9974811	3417955
4468	9979278	2940604
4469	9983746	3783457
4470	9988215	3431940
4471	9992685	2769308
4472	9997156	3496940
4473	10001628	3086638
4474	10006101	3277950
4475	10010575	2902873
4476	10015050	2370074
4477	10019526	4188864
4478	10024003	2726294
4479	10028481	3468073
4480	10032960	2864568
4481	10037440	2906169
4482	10041921	2543582
4483	10046403	2857714
4484	10050886	2517840
4485	10055370	2682908
4486	10059855	2026616
4487	10064341	2232054
4488	10068828	3162051
4489	10073316	3124730
4490	10077805	4400772
4491	10082295	2765024
4492	10086786	2787473
4493	10091278	3479471
4494	10095771	4664498
4495	10100265	5466242
4496	10104760	4333199
4497	10109256	5105689
4498	10113753	3449381
4499	10118251	3701987
4500	10122750	2904937
4501	10127250	4516101
4502	10131751	2504827
4503	10136253	2843015
4504	10140756	4197058
4505	10145260	5826044
4506	10149765	4999407
4507	10154271	2360568
4508	10158778	3596463
4509	10163286	3228241
4510	10167795	4678323
4511	10172305	6244110
4512	10176816	2690943
4513	10181328	6805923
4514	10185841	6318632
4515	10190355	4886001
4516	10194870	3728240
4517	10199386	3050381
4518	10203903	3255537
4519	10208421	2917913
4520	10212940	2893845
4521	10217460	2998676
4522	10221981	3333411
4523	10226503	3056908
4524	10231026	4153173
4525	10235550	4032831
4526	10240075	3061864
4527	10244601	4541822
4528	10249128	3099073
4529	10253656	5895412
4530	10258185	5696351
4531	10262715	4143326
4532	10267246	4773653
4533	10271778	5606312
4534	10276311	2610864
4535	10280845	5210232
4536	10285380	5785796
4537	10289916	2966451
4538	10294453	3043853
4539	10298991	4216356
4540	10303530	3242973
4541	10308070	4294093
4542	10312611	6123886
4543	10317153	3682393
4544	10321696	4886640
4545	10326240	2726614
4546	10330785	2716079
4547	10335331	4090905
4548	10339878	3881173
4549	10344426	4379119
4550	10348975	2863703
4551	10353525	3961501
4552	10358076	2572171
4553	10362628	1934213
4554	10367181	4581511
4555	10371735	2561389
4556	10376290	2259758
4557	10380846	5707887
4558	10385403	6191601
4559	10389961	2677560
4560	10394520	5553640
4561	10399080	3085770
4562	10403641	4206245
4563	10408203	2847730
4564	10412766	2634920
4565	10417330	2214276
4566	10421895	4381375
4567	10426461	4316025
4568	10431028	4455073
4569	10435596	2985976
4570	10440165	5326639
4571	10444735	3445976
4572	10449306	2850885
4573	10453878	2359398
4574	10458451	2076576
4575	10463025	2099216
4576	10467600	2447456
4577	10472176	4235197
4578	10476753	3191456
4579	10481331	4350216
4580	10485910	2801070
4581	10490490	3904428
4582	10495071	3418287
4583	10499653	5786919
4584	10504236	2729570
4585	10508820	2294506
4586	10513405	5013758
4587	10517991	2759746
4588	10522578	2249736
4589	10527166	1668999
4590	10531755	4885229
4591	10536345	4150144
4592	10540936	3191515
4593	10545528	5089707
4594	10550121	4860932
4595	10554715	3420523
4596	10559310	2885692
4597	10563906	4605355
4598	10568503	3468343
4599	10573101	3406814
4600	10577700	4390631
4601	10582300	6909573
4602	10586901	4310500
4603	10591503	3462483
4604	10596106	4961001
4605	10600710	5517761
4606	10605315	5638866
4607	10609921	6426467
4608	10614528	3154618
4609	10619136	4109245
4610	10623745	4025692
4611	10628355	4520071
4612	10632966	3241568
4613	10637578	5141740
4614	10642191	2935761
4615	10646805	2709997
4616	10651420	5521715
4617	10656036	6330118
4618	10660653	2910816
4619	10665271	3619001
4620	10669890	3813605
4621	10674510	2963984
4622	10679131	4005560
4623	10683753	2386812
4624	10688376	5264179
4625	10693000	3486293
4626	10697625	5571331
4627	10702251	2799239
4628	10706878	4913167
4629	10711506	6292649
4630	10716135	6762589
4631	10720765	2804196
4632	10725396	4826723
4633	10730028	4849632
4634	10734661	4403845
4635	10739295	2700099
4636	10743930	3293152
4637	10748566	4479519
4638	10753203	2833371
4639	10757841	5278807
4640	10762480	2629097
4641	10767120	3519962
4642	10771761	4604194
4643	10776403	3145408
4644	10781046	2682662
4645	10785690	1898448
4646	10790335	2163974
4647	10794981	4604937
4648	10799628	6104031
4649	10804276	6299278
4650	10808925	3074170
4651	10813575	5528110
4652	10818226	6382673
4653	10822878	4478948
4654	10827531	2660277
4655	10832185	3706733
4656	10836840	4570606
4657	10841496	2915152
4658	10846153	3170532
4659	10850811	2628137
4660	10855470	4502202
4661	10860130	4932538
4662	10864791	6942559
4663	10869453	5352713
4664	10874116	6382197
4665	10878780	2249855
4666	10883445	5266166
4667	10888111	2673664
4668	10892778	4664358
4669	10897446	4319068
4670	10902115	3008995
4671	10906785	5104760
4672	10911456	5517267
4673	10916128	4013268
4674	10920801	3204344
4675	10925475	6561047
4676	10930150	3217486
4677	10934826	4557242
4678	10939503	8060458
4679	10944181	6498036
4680	10948860	5621128
4681	10953540	2774059
4682	10958221	2648093
4683	10962903	5367219
4684	10967586	5520965
4685	10972270	7158571
4686	10976955	2824365
4687	10981641	5009983
4688	10986328	5911727
4689	10991016	5091186
4690	10995705	5393677
4691	11000395	4383266
4692	11005086	4712278
4693	11009778	5458873
4694	11014471	4762118
4695	11019165	4525310
4696	11023860	3517171
4697	11028556	3164697
4698	11033253	5402707
4699	11037951	2486114
4700	11042650	2622318
4701	11047350	4738099
4702	11052051	2574605
4703	11056753	2559697
4704	11061456	4598279
4705	11066160	3741833
4706	11070865	5110931
4707	11075571	2950971
4708	11080278	3176096
4709	11084986	4998492
4710	11089695	4999609
4711	11094405	4195753
4712	11099116	6843333
4713	11103828	3051399
4714	11108541	4943794
4715	11113255	5579310
4716	11117970	6006802
4717	11122686	2889118
4718	11127403	3723358
4719	11132121	4986666
4720	11136840	3067847
4721	11141560	3943879
4722	11146281	4211936
4723	11151003	3055608
4724	11155726	6155501
4725	11160450	3287557
4726	11165175	5977562
4727	11169901	6516030
4728	11174628	4488331
4729	11179356	3134310
4730	11184085	4876539
4731	11188815	2965654
4732	11193546	5983901
4733	11198278	3110586
4734	11203011	3306096
4735	11207745	4694085
4736	11212480	3262311
4737	11217216	5677282
4738	11221953	4723064
4739	11226691	4442995
4740	11231430	2872084
4741	11236170	3263011
4742	11240911	2435484
4743	11245653	2442609
4744	11250396	2531098
4745	11255140	4892774
4746	11259885	4664193
4747	11264631	4814534
4748	11269378	3324041
4749	11274126	5920980
4750	11278875	5032558
4751	11283625	4101254
4752	11288376	2969833
4753	11293128	3047045
4754	11297881	5252608
4755	11302635	7179569
4756	11307390	6833196
4757	11312146	3171501
4758	11316903	6412806
4759	11321661	5606769
4760	11326420	6537954
4761	11331180	5668296
4762	11335941	4893145
4763	11340703	2696815
4764	11345466	5711386
4765	11350230	3374965
4766	11354995	5637447
4767	11359761	3270318
4768	11364528	5751989
4769	11369296	6273872
4770	11374065	6202027
4771	11378835	7183866
4772	11383606	3078024
4773	11388378	3315112
4774	11393151	4478704
4775	11397925	5265080
4776	11402700	3336327
4777	11407476	5086252
4778	11412253	5074752
4779	11417031	3276615
4780	11421810	6094799
4781	11426590	6413000
4782	11431371	6289153
4783	11436153	3111017
4784	11440936	5710934
4785	11445720	4689423
4786	11450505	3322893
4787	11455291	4119908
4788	11460078	5080187
4789	11464866	2938046
4790	11469655	5453244
4791	11474445	3689652
4792	11479236	5524720
4793	11484028	6262671
4794	11488821	2906532
4795	11493615	5903942
4796	11498410	5191581
4797	11503206	5214161
4798	11508003	3079505
4799	11512801	4386818
4800	11517600	3154424
4801	11522400	3004980
4802	11527201	2641948
4803	11532003	4973913
4804	11536806	3458491
4805	11541610	5028654
4806	11546415	5139021
4807	11551221	5397357
4808	11556028	2890558
4809	11560836	4809826
4810	11565645	4104546
4811	11570455	2906897
4812	11575266	2645260
4813	11580078	5298853
4814	11584891	5926963
4815	11589705	3383963
4816	11594520	3630807
4817	11599336	5183349
4818	11604153	2955569
4819	11608971	6029139
4820	11613790	3451446
4821	11618610	5266871
4822	11623431	3833799
4823	11628253	4501469
4824	11633076	3323882
4825	11637900	5288181
4826	11642725	3161442
4827	11647551	4331102
4828	11652378	3391659
4829	11657206	3859000
4830	11662035	4781511
4831	11666865	3478043
4832	11671696	5507277
4833	11676528	5574319
4834	11681361	5232217
4835	11686195	3006858
4836	11691030	4688721
4837	11695866	3440482
4838	11700703	5260002
4839	11705541	3643612
4840	11710380	3415760
4841	11715220	4651115
4842	11720061	4549347
4843	11724903	2942767
4844	11729746	6983576
4845	11734590	7644368
4846	11739435	3163320
4847	11744281	4785087
4848	11749128	3880612
4849	11753976	3362542
4850	11758825	6276566
4851	11763675	3094877
4852	11768526	4071712
4853	11773378	3558053
4854	11778231	5075810
4855	11783085	3364040
4856	11787940	3467270
4857	11792796	3695779
4858	11797653	3353837
4859	11802511	6255727
4860	11807370	5984213
4861	11812230	3922025
4862	11817091	6863494
4863	11821953	5226019
4864	11826816	8362967
4865	11831680	3166550
4866	11836545	5317724
4867	11841411	6226040
4868	11846278	3372507
4869	11851146	6032656
4870	11856015	4093891
4871	11860885	3033484
4872	11865756	2651868
4873	11870628	5665430
4874	11875501	5618481
4875	11880375	6838402
4876	11885250	7267063
4877	11890126	6058026
4878	11895003	5032760
4879	11899881	4052078
4880	11904760	5402109
4881	11909640	7844574
4882	11914521	6389261
4883	11919403	8208680
4884	11924286	7772866
4885	11929170	5872145
4886	11934055	8208732
4887	11938941	11150321
4888	11943828	7178869
4889	11948716	7668026
4890	11953605	3548495
4891	11958495	5086010
4892	11963386	3573573
4893	11968278	4882894
4894	11973171	2912786
4895	11978065	2835375
4896	11982960	2717260
4897	11987856	5916590
4898	11992753	6591324
4899	11997651	3741448
4900	12002550	5324021
4901	12007450	3373976
4902	12012351	4997463
4903	12017253	3636141
4904	12022156	6523782
4905	12027060	3348341
4906	12031965	6002170
4907	12036871	5892359
4908	12041778	4921143
4909	12046686	3401982
4910	12051595	3791580
4911	12056505	5462379
4912	12061416	5130533
4913	12066328	3421642
4914	12071241	4281076
4915	12076155	7002359
4916	12081070	7522282
4917	12085986	4549453
4918	12090903	26367268
4919	12095821	22183708
4920	12100740	19580535
4921	12105660	7544715
4922	12110581	14989950
4923	12115503	6193748
