100	4950	153
101	5050	117
102	5151	101
103	5253	47
104	5356	350
105	5460	34
106	5565	240
107	5671	33
108	5778	35
109	5886	36
110	5995	53
111	6105	58
112	6216	87
113	6328	241
114	6441	207
115	6555	195
116	6670	63
117	6786	269
118	6903	352
119	7021	316
120	7140	324
121	7260	68
122	7381	99
123	7503	36
124	7626	378
125	7750	72
126	7875	207
127	8001	107
128	8128	267
129	8256	494
130	8385	532
131	8515	450
132	8646	79
133	8778	798
134	8911	64
135	9045	80
136	9180	377
137	9316	54
138	9453	438
139	9591	62
140	9730	57
141	9870	267
142	10011	101
143	10153	59
144	10296	99
145	10440	304
146	10585	104
147	10731	740
148	10878	507
149	11026	81
150	11175	106
151	11325	167
152	11476	292
153	11628	1030
154	11781	118
155	11935	405
156	12090	279
157	12246	127
158	12403	611
159	12561	77
160	12720	235
161	12880	276
162	13041	253
163	13203	129
164	13366	148
165	13530	804
166	13695	105
167	13861	87
168	14028	150
169	14196	165
170	14365	456
171	14535	859
172	14706	163
173	14878	109
174	15051	551
175	15225	319
176	15400	409
177	15576	156
178	15753	236
179	15931	623
180	16110	167
181	16290	135
182	16471	353
183	16653	139
184	16836	190
185	17020	166
186	17205	673
187	17391	1448
188	17578	388
189	17766	1675
190	17955	109
191	18145	200
192	18336	477
193	18528	544
194	18721	133
195	18915	557
196	19110	158
197	19306	2834
198	19503	134
199	19701	171
200	19900	144
201	20100	2383
202	20301	430
203	20503	713
204	20706	576
205	20910	466
206	21115	576
207	21321	350
208	21528	576
209	21736	1449
210	21945	226
211	22155	223
212	22366	137
213	22578	166
214	22791	164
215	23005	136
216	23220	136
217	23436	232
218	23653	144
219	23871	1118
220	24090	176
221	24310	240
222	24531	1052
223	24753	231
224	24976	200
225	25200	1449
226	25425	1691
227	25651	281
228	25878	591
229	26106	1125
230	26335	1028
231	26565	278
232	26796	806
233	27028	310
234	27261	774
235	27495	300
236	27730	341
237	27966	1678
238	28203	852
239	28441	242
240	28680	199
241	28920	288
242	29161	340
243	29403	3352
244	29646	3303
245	29890	200
246	30135	1519
247	30381	302
248	30628	336
249	30876	235
250	31125	235
251	31375	356
252	31626	324
253	31878	331
254	32131	318
255	32385	336
256	32640	2312
257	32896	423
258	33153	350
259	33411	360
260	33670	399
261	33930	229
262	34191	469
263	34453	329
264	34716	1141
265	34980	643
266	35245	1449
267	35511	1866
268	35778	334
269	36046	397
270	36315	1322
271	36585	407
272	36856	1063
273	37128	473
274	37401	225
275	37675	2096
276	37950	255
277	38226	250
278	38503	512
279	38781	442
280	39060	267
281	39340	234
282	39621	377
283	39903	1169
284	40186	502
285	40470	411
286	40755	321
287	41041	337
288	41328	301
289	41616	2290
290	41905	824
291	42195	1716
292	42486	3047
293	42778	1738
294	43071	1729
295	43365	1094
296	43660	310
297	43956	746
298	44253	3733
299	44551	387
300	44850	457
301	45150	883
302	45451	1633
303	45753	1481
304	46056	423
305	46360	3439
306	46665	385
307	46971	301
308	47278	527
309	47586	417
310	47895	2723
311	48205	493
312	48516	851
313	48828	410
314	49141	2748
315	49455	678
316	49770	3174
317	50086	566
318	50403	564
319	50721	325
320	51040	581
321	51360	341
322	51681	341
323	52003	567
324	52326	331
325	52650	520
326	52975	802
327	53301	432
328	53628	4175
329	53956	543
330	54285	388
331	54615	366
332	54946	877
333	55278	1137
334	55611	563
335	55945	444
336	56280	386
337	56616	367
338	56953	703
339	57291	549
340	57630	1516
341	57970	793
342	58311	684
343	58653	379
344	58996	578
345	59340	496
346	59685	384
347	60031	812
348	60378	411
349	60726	436
350	61075	3431
351	61425	453
352	61776	905
353	62128	401
354	62481	582
355	62835	571
356	63190	1131
357	63546	1086
358	63903	413
359	64261	825
360	64620	872
361	64980	767
362	65341	4834
363	65703	781
364	66066	1601
365	66430	1978
366	66795	2394
367	67161	1283
368	67528	452
369	67896	439
370	68265	712
371	68635	659
372	69006	563
373	69378	976
374	69751	465
375	70125	1601
376	70500	3095
377	70876	461
378	71253	1767
379	71631	3066
380	72010	1607
381	72390	820
382	72771	847
383	73153	1003
384	73536	4229
385	73920	745
386	74305	518
387	74691	1285
388	75078	3089
389	75466	4492
390	75855	1324
391	76245	4326
392	76636	723
393	77028	1574
394	77421	831
395	77815	1191
396	78210	491
397	78606	469
398	79003	1223
399	79401	506
400	79800	655
401	80200	699
402	80601	1718
403	81003	633
404	81406	572
405	81810	3383
406	82215	1787
407	82621	1083
408	83028	773
409	83436	1542
410	83845	1989
411	84255	3901
412	84666	4459
413	85078	2054
414	85491	1664
415	85905	808
416	86320	650
417	86736	559
418	87153	888
419	87571	4679
420	87990	837
421	88410	672
422	88831	906
423	89253	611
424	89676	607
425	90100	1533
426	90525	706
427	90951	1458
428	91378	784
429	91806	614
430	92235	3279
431	92665	604
432	93096	589
433	93528	2247
434	93961	982
435	94395	8273
436	94830	730
437	95266	1025
438	95703	669
439	96141	5635
440	96580	785
441	97020	1107
442	97461	2068
443	97903	761
444	98346	2628
445	98790	2213
446	99235	1190
447	99681	1497
448	100128	899
449	100576	730
450	101025	759
451	101475	1496
452	101926	760
453	102378	1302
454	102831	2476
455	103285	2815
456	103740	756
457	104196	2065
458	104653	1720
459	105111	770
460	105570	1262
461	106030	1587
462	106491	2078
463	106953	1304
464	107416	1282
465	107880	778
466	108345	981
467	108811	2501
468	109278	854
469	109746	3145
470	110215	6832
471	110685	835
472	111156	2392
473	111628	874
474	112101	1211
475	112575	3604
476	113050	3987
477	113526	1243
478	114003	931
479	114481	1299
480	114960	879
481	115440	4499
482	115921	3902
483	116403	841
484	116886	2841
485	117370	8449
486	117855	1329
487	118341	4588
488	118828	10165
489	119316	1415
490	119805	976
491	120295	1572
492	120786	1358
493	121278	5101
494	121771	1954
495	122265	7393
496	122760	8325
497	123256	1430
498	123753	2553
499	124251	1393
500	124750	1624
501	125250	3763
502	125751	15271
503	126253	11838
504	126756	1882
505	127260	3776
506	127765	10309
507	128271	2137
508	128778	4712
509	129286	5073
510	129795	2631
511	130305	10665
512	130816	6424
513	131328	1768
514	131841	3684
515	132355	1076
516	132870	5252
517	133386	1626
518	133903	1228
519	134421	3116
520	134940	1152
521	135460	2835
522	135981	3341
523	136503	6810
524	137026	6139
525	137550	8148
526	138075	5748
527	138601	3221
528	139128	1124
529	139656	1341
530	140185	3957
531	140715	11434
532	141246	1915
533	141778	17577
534	142311	1918
535	142845	1530
536	143380	3476
537	143916	17032
538	144453	2279
539	144991	1515
540	145530	8253
541	146070	3550
542	146611	1571
543	147153	4022
544	147696	1982
545	148240	1487
546	148785	7173
547	149331	2872
548	149878	1526
549	150426	1734
550	150975	8623
551	151525	1740
552	152076	2548
553	152628	15485
554	153181	1534
555	153735	2018
556	154290	2393
557	154846	2006
558	155403	4744
559	155961	3909
560	156520	6498
561	157080	2423
562	157641	1424
563	158203	2573
564	158766	6024
565	159330	1158
566	159895	1360
567	160461	1300
568	161028	1111
569	161596	3567
570	162165	2249
571	162735	3174
572	163306	6248
573	163878	13558
574	164451	1373
575	165025	1225
576	165600	10356
577	166176	2029
578	166753	1223
579	167331	9021
580	167910	1598
581	168490	6433
582	169071	9611
583	169653	2455
584	170236	1384
585	170820	4739
586	171405	3870
587	171991	1855
588	172578	9979
589	173166	3905
590	173755	4904
591	174345	2243
592	174936	10905
593	175528	2055
594	176121	17594
595	176715	4554
596	177310	5642
597	177906	11296
598	178503	6664
599	179101	2504
600	179700	8507
601	180300	9489
602	180901	2519
603	181503	2047
604	182106	2086
605	182710	2263
606	183315	1540
607	183921	1437
608	184528	2578
609	185136	2959
610	185745	1664
611	186355	2059
612	186966	5327
613	187578	1572
614	188191	1992
615	188805	5864
616	189420	4407
617	190036	2195
618	190653	1651
619	191271	2121
620	191890	1932
621	192510	7717
622	193131	1713
623	193753	3248
624	194376	1804
625	195000	1596
626	195625	6403
627	196251	7675
628	196878	2760
629	197506	1702
630	198135	3968
631	198765	2026
632	199396	1651
633	200028	1566
634	200661	4409
635	201295	3142
636	201930	1501
637	202566	2719
638	203203	1868
639	203841	3801
640	204480	22515
641	205120	1815
642	205761	2870
643	206403	2531
644	207046	5034
645	207690	16444
646	208335	17296
647	208981	2598
648	209628	9335
649	210276	2573
650	210925	1865
651	211575	1797
652	212226	4605
653	212878	5955
654	213531	2111
655	214185	15395
656	214840	5587
657	215496	2954
658	216153	3165
659	216811	2056
660	217470	8517
661	218130	1838
662	218791	2766
663	219453	2239
664	220116	1914
665	220780	5564
666	221445	2406
667	222111	2270
668	222778	2645
669	223446	2600
670	224115	3002
671	224785	1992
672	225456	1947
673	226128	9426
674	226801	3638
675	227475	1877
676	228150	9851
677	228826	1795
678	229503	3283
679	230181	2754
680	230860	5546
681	231540	8397
682	232221	2987
683	232903	20995
684	233586	3190
685	234270	4789
686	234955	11081
687	235641	2914
688	236328	5297
689	237016	2094
690	237705	5168
691	238395	4772
692	239086	2448
693	239778	9165
694	240471	2573
695	241165	2544
696	241860	2903
697	242556	3401
698	243253	8016
699	243951	8357
700	244650	7157
701	245350	7052
702	246051	2579
703	246753	3777
704	247456	2559
705	248160	2689
706	248865	11298
707	249571	2627
708	250278	6502
709	250986	2126
710	251695	11625
711	252405	13619
712	253116	2367
713	253828	6252
714	254541	2099
715	255255	2080
716	255970	3302
717	256686	2524
718	257403	5972
719	258121	3599
720	258840	5389
721	259560	2698
722	260281	5429
723	261003	13658
724	261726	7727
725	262450	16050
726	263175	15629
727	263901	4709
728	264628	6319
729	265356	2367
730	266085	2472
731	266815	21061
732	267546	4482
733	268278	21808
734	269011	11268
735	269745	2202
736	270480	3425
737	271216	5877
738	271953	4600
739	272691	9641
740	273430	2569
741	274170	2779
742	274911	3482
743	275653	2679
744	276396	3679
745	277140	3725
746	277885	2625
747	278631	11844
748	279378	17962
749	280126	18117
750	280875	3220
751	281625	3525
752	282376	13637
753	283128	3984
754	283881	2421
755	284635	17113
756	285390	5080
757	286146	3973
758	286903	2323
759	287661	8906
760	288420	13668
761	289180	3817
762	289941	10513
763	290703	3984
764	291466	4165
765	292230	3889
766	292995	3617
767	293761	4102
768	294528	5519
769	295296	4246
770	296065	11719
771	296835	24965
772	297606	3823
773	298378	3928
774	299151	3156
775	299925	4690
776	300700	21541
777	301476	3267
778	302253	3559
779	303031	3855
780	303810	7618
781	304590	11990
782	305371	4433
783	306153	4133
784	306936	4053
785	307720	3967
786	308505	4614
787	309291	3755
788	310078	13812
789	310866	2855
790	311655	4582
791	312445	8849
792	313236	29359
793	314028	3859
794	314821	2957
795	315615	29430
796	316410	4592
797	317206	4041
798	318003	2672
799	318801	13304
800	319600	3717
801	320400	6299
802	321201	17296
803	322003	2925
804	322806	26068
805	323610	17979
806	324415	13362
807	325221	24168
808	326028	9246
809	326836	4187
810	327645	14147
811	328455	7340
812	329266	3456
813	330078	3101
814	330891	23809
815	331705	19817
816	332520	4336
817	333336	5438
818	334153	15763
819	334971	12635
820	335790	3623
821	336610	3418
822	337431	5311
823	338253	7638
824	339076	23438
825	339900	3318
826	340725	4335
827	341551	5246
828	342378	4372
829	343206	9594
830	344035	3483
831	344865	4318
832	345696	26807
833	346528	12997
834	347361	3134
835	348195	5720
836	349030	3110
837	349866	4268
838	350703	30095
839	351541	12721
840	352380	21991
841	353220	3840
842	354061	6518
843	354903	3592
844	355746	10129
845	356590	3255
846	357435	17901
847	358281	4415
848	359128	4709
849	359976	4403
850	360825	3189
851	361675	10313
852	362526	16512
853	363378	3985
854	364231	7994
855	365085	4957
856	365940	3224
857	366796	3371
858	367653	27569
859	368511	6323
860	369370	29709
861	370230	11952
862	371091	3532
863	371953	3559
864	372816	5407
865	373680	35151
866	374545	5462
867	375411	6093
868	376278	5449
869	377146	4036
870	378015	4392
871	378885	23628
872	379756	5263
873	380628	11113
874	381501	3768
875	382375	11970
876	383250	24778
877	384126	14275
878	385003	14629
879	385881	6521
880	386760	5345
881	387640	5818
882	388521	6298
883	389403	5078
884	390286	25765
885	391170	9834
886	392055	21631
887	392941	6660
888	393828	4290
889	394716	17941
890	395605	30989
891	396495	22145
892	397386	16679
893	398278	4561
894	399171	28431
895	400065	4957
896	400960	4263
897	401856	7679
898	402753	33947
899	403651	7168
900	404550	8073
901	405450	3896
902	406351	7412
903	407253	8344
904	408156	4652
905	409060	12394
906	409965	5275
907	410871	35373
908	411778	7525
909	412686	5861
910	413595	17214
911	414505	11895
912	415416	4916
913	416328	8159
914	417241	4166
915	418155	30473
916	419070	5697
917	419986	14273
918	420903	6030
919	421821	24869
920	422740	8196
921	423660	18496
922	424581	17954
923	425503	7918
924	426426	9932
925	427350	7322
926	428275	4569
927	429201	9459
928	430128	6245
929	431056	12342
930	431985	20833
931	432915	7207
932	433846	18957
933	434778	35607
934	435711	5632
935	436645	5809
936	437580	19427
937	438516	22874
938	439453	48533
939	440391	4799
940	441330	36601
941	442270	10755
942	443211	7374
943	444153	11815
944	445096	6379
945	446040	15503
946	446985	34529
947	447931	6940
948	448878	6277
949	449826	30809
950	450775	10663
951	451725	5535
952	452676	6709
953	453628	12820
954	454581	5952
955	455535	4305
956	456490	45425
957	457446	22459
958	458403	11954
959	459361	6391
960	460320	4816
961	461280	34958
962	462241	14381
963	463203	25855
964	464166	6778
965	465130	9296
966	466095	60885
967	467061	37245
968	468028	6479
969	468996	4360
970	469965	7412
971	470935	5568
972	471906	17214
973	472878	31246
974	473851	10756
975	474825	6484
976	475800	6817
977	476776	14095
978	477753	26114
979	478731	7365
980	479710	7772
981	480690	6494
982	481671	16117
983	482653	5796
984	483636	5775
985	484620	5488
986	485605	8067
987	486591	5180
988	487578	21886
989	488566	5332
990	489555	6245
991	490545	15939
992	491536	7678
993	492528	4565
994	493521	5351
995	494515	4739
996	495510	20697
997	496506	31762
998	497503	11281
999	498501	6522
1000	499500	43534
1001	500500	12445
1002	501501	9537
1003	502503	13103
1004	503506	4760
1005	504510	27474
1006	505515	7409
1007	506521	5037
1008	507528	5617
1009	508536	6321
1010	509545	4989
1011	510555	6792
1012	511566	5342
1013	512578	27802
1014	513591	6221
1015	514605	9874
1016	515620	5656
1017	516636	16304
1018	517653	4861
1019	518671	9323
1020	519690	5474
1021	520710	7244
1022	521731	8242
1023	522753	4479
1024	523776	5169
1025	524800	35731
1026	525825	5137
1027	526851	8048
1028	527878	7339
1029	528906	66245
1030	529935	5138
1031	530965	4710
1032	531996	5609
1033	533028	5880
1034	534061	9604
1035	535095	6932
1036	536130	11200
1037	537166	6919
1038	538203	8581
1039	539241	6531
1040	540280	17432
1041	541320	5523
1042	542361	12980
1043	543403	7055
1044	544446	11764
1045	545490	21873
1046	546535	40438
1047	547581	42079
1048	548628	16138
1049	549676	41858
1050	550725	8645
1051	551775	5817
1052	552826	11390
1053	553878	20999
1054	554931	7030
1055	555985	5643
1056	557040	23655
1057	558096	13346
1058	559153	7454
1059	560211	7900
1060	561270	5374
1061	562330	5283
1062	563391	7545
1063	564453	37158
1064	565516	30605
1065	566580	7062
1066	567645	7512
1067	568711	6471
1068	569778	6423
1069	570846	7652
1070	571915	5486
1071	572985	6211
1072	574056	9366
1073	575128	5816
1074	576201	6426
1075	577275	6451
1076	578350	5611
1077	579426	17276
1078	580503	20741
1079	581581	19092
1080	582660	15399
1081	583740	6795
1082	584821	8197
1083	585903	23834
1084	586986	6491
1085	588070	5772
1086	589155	6804
1087	590241	17207
1088	591328	49493
1089	592416	17522
1090	593505	12591
1091	594595	49297
1092	595686	20625
1093	596778	9459
1094	597871	5579
1095	598965	45258
1096	600060	29690
1097	601156	15803
1098	602253	8692
1099	603351	8391
1100	604450	5729
1101	605550	5872
1102	606651	7793
1103	607753	13904
1104	608856	34461
1105	609960	10665
1106	611065	24111
1107	612171	29286
1108	613278	8098
1109	614386	16427
1110	615495	6595
1111	616605	6384
1112	617716	7289
1113	618828	20624
1114	619941	8359
1115	621055	28804
1116	622170	5901
1117	623286	9136
1118	624403	5767
1119	625521	6259
1120	626640	6882
1121	627760	24640
1122	628881	6157
1123	630003	55234
1124	631126	5762
1125	632250	13911
1126	633375	23407
1127	634501	13441
1128	635628	19335
1129	636756	60773
1130	637885	9768
1131	639015	9113
1132	640146	14883
1133	641278	7212
1134	642411	34280
1135	643545	11693
1136	644680	9869
1137	645816	29179
1138	646953	8537
1139	648091	7517
1140	649230	20152
1141	650370	16351
1142	651511	42164
1143	652653	9077
1144	653796	6699
1145	654940	8011
1146	656085	10714
1147	657231	43855
1148	658378	27068
1149	659526	22762
1150	660675	23837
1151	661825	18711
1152	662976	10472
1153	664128	32972
1154	665281	19217
1155	666435	47055
1156	667590	24168
1157	668746	11929
1158	669903	27403
1159	671061	12221
1160	672220	22981
1161	673380	29281
1162	674541	6319
1163	675703	42621
1164	676866	14517
1165	678030	8507
1166	679195	18882
1167	680361	8743
1168	681528	16988
1169	682696	15004
1170	683865	11144
1171	685035	13768
1172	686206	8594
1173	687378	29208
1174	688551	71860
1175	689725	21348
1176	690900	9227
1177	692076	13907
1178	693253	29002
1179	694431	24007
1180	695610	25445
1181	696790	7944
1182	697971	46456
1183	699153	7389
1184	700336	39824
1185	701520	21963
1186	702705	54948
1187	703891	37600
1188	705078	7588
1189	706266	32923
1190	707455	9566
1191	708645	47340
1192	709836	9111
1193	711028	6922
1194	712221	9015
1195	713415	8051
1196	714610	7998
1197	715806	6777
1198	717003	37743
1199	718201	33321
1200	719400	26375
1201	720600	7083
1202	721801	20528
1203	723003	46001
1204	724206	14952
1205	725410	13405
1206	726615	35373
1207	727821	37278
1208	729028	8843
1209	730236	6750
1210	731445	8520
1211	732655	9333
1212	733866	9570
1213	735078	8718
1214	736291	8877
1215	737505	9251
1216	738720	8659
1217	739936	8355
1218	741153	9649
1219	742371	10022
1220	743590	7389
1221	744810	11045
1222	746031	10872
1223	747253	8408
1224	748476	7705
1225	749700	8197
1226	750925	10967
1227	752151	7960
1228	753378	11258
1229	754606	7773
1230	755835	17734
1231	757065	75782
1232	758296	11160
1233	759528	9007
1234	760761	31698
1235	761995	9063
1236	763230	8578
1237	764466	12646
1238	765703	10765
1239	766941	34224
1240	768180	27532
1241	769420	8809
1242	770661	9863
1243	771903	25826
1244	773146	9695
1245	774390	48849
1246	775635	8222
1247	776881	7766
1248	778128	12469
1249	779376	46835
1250	780625	10856
1251	781875	19972
1252	783126	9573
1253	784378	11731
1254	785631	37330
1255	786885	8479
1256	788140	13951
1257	789396	64322
1258	790653	17120
1259	791911	9924
1260	793170	9405
1261	794430	10731
1262	795691	10253
1263	796953	14560
1264	798216	7954
1265	799480	8428
1266	800745	45528
1267	802011	11791
1268	803278	10198
1269	804546	30974
1270	805815	8988
1271	807085	8931
1272	808356	18009
1273	809628	21656
1274	810901	8403
1275	812175	10177
1276	813450	28524
1277	814726	23709
1278	816003	44323
1279	817281	66536
1280	818560	27980
1281	819840	9348
1282	821121	26937
1283	822403	10901
1284	823686	40646
1285	824970	11869
1286	826255	15374
1287	827541	56822
1288	828828	25915
1289	830116	9447
1290	831405	8476
1291	832695	10107
1292	833986	21313
1293	835278	80881
1294	836571	15165
1295	837865	32055
1296	839160	43790
1297	840456	11550
1298	841753	45155
1299	843051	29173
1300	844350	10683
1301	845650	12389
1302	846951	27698
1303	848253	81262
1304	849556	40057
1305	850860	58347
1306	852165	11860
1307	853471	9646
1308	854778	64081
1309	856086	9076
1310	857395	26773
1311	858705	38241
1312	860016	13804
1313	861328	29107
1314	862641	8833
1315	863955	27346
1316	865270	12106
1317	866586	37495
1318	867903	8643
1319	869221	66051
1320	870540	28613
1321	871860	11595
1322	873181	61537
1323	874503	10253
1324	875826	76306
1325	877150	11505
1326	878475	25013
1327	879801	44966
1328	881128	11701
1329	882456	23053
1330	883785	66161
1331	885115	9387
1332	886446	34379
1333	887778	11530
1334	889111	11517
1335	890445	8548
1336	891780	58658
1337	893116	39456
1338	894453	21373
1339	895791	15389
1340	897130	75281
1341	898470	13941
1342	899811	22464
1343	901153	65095
1344	902496	13453
1345	903840	11975
1346	905185	15427
1347	906531	64990
1348	907878	9162
1349	909226	9577
1350	910575	10508
1351	911925	9086
1352	913276	9822
1353	914628	11451
1354	915981	10596
1355	917335	13740
1356	918690	10281
1357	920046	13470
1358	921403	11542
1359	922761	8916
1360	924120	8697
1361	925480	33906
1362	926841	18727
1363	928203	18828
1364	929566	10006
1365	930930	11527
1366	932295	12759
1367	933661	11039
1368	935028	41785
1369	936396	13515
1370	937765	11761
1371	939135	16481
1372	940506	30534
1373	941878	40583
1374	943251	42578
1375	944625	34192
1376	946000	15333
1377	947376	30095
1378	948753	11085
1379	950131	76783
1380	951510	12442
1381	952890	20762
1382	954271	13301
1383	955653	14259
1384	957036	12121
1385	958420	12012
1386	959805	77053
1387	961191	19386
1388	962578	55779
1389	963966	24841
1390	965355	15314
1391	966745	40062
1392	968136	61445
1393	969528	15144
1394	970921	18921
1395	972315	14178
1396	973710	15575
1397	975106	34852
1398	976503	13983
1399	977901	19210
1400	979300	24948
1401	980700	12551
1402	982101	13501
1403	983503	14489
1404	984906	11649
1405	986310	15118
1406	987715	15307
1407	989121	10974
1408	990528	16484
1409	991936	39881
1410	993345	14632
1411	994755	74820
1412	996166	38020
1413	997578	75022
1414	998991	15859
1415	1000405	20692
1416	1001820	26395
1417	1003236	12266
1418	1004653	32629
1419	1006071	32593
1420	1007490	11236
1421	1008910	83498
1422	1010331	38501
1423	1011753	74120
1424	1013176	13486
1425	1014600	74512
1426	1016025	31644
1427	1017451	60589
1428	1018878	87360
1429	1020306	12816
1430	1021735	16799
1431	1023165	30896
1432	1024596	28492
1433	1026028	10455
1434	1027461	25507
1435	1028895	53023
1436	1030330	92569
1437	1031766	14431
1438	1033203	47712
1439	1034641	96790
1440	1036080	11493
1441	1037520	12182
1442	1038961	20180
1443	1040403	64293
1444	1041846	19440
1445	1043290	16321
1446	1044735	20430
1447	1046181	22940
1448	1047628	13828
1449	1049076	39107
1450	1050525	12405
1451	1051975	14893
1452	1053426	14587
1453	1054878	15322
1454	1056331	49625
1455	1057785	14322
1456	1059240	18315
1457	1060696	109602
1458	1062153	26740
1459	1063611	13648
1460	1065070	17374
1461	1066530	21467
1462	1067991	12381
1463	1069453	72460
1464	1070916	11486
1465	1072380	16335
1466	1073845	19012
1467	1075311	16847
1468	1076778	16872
1469	1078246	64728
1470	1079715	37593
1471	1081185	10551
1472	1082656	11962
1473	1084128	40844
1474	1085601	11592
1475	1087075	84371
1476	1088550	68781
1477	1090026	16720
1478	1091503	24462
1479	1092981	15315
1480	1094460	18946
1481	1095940	11965
1482	1097421	57195
1483	1098903	13465
1484	1100386	26010
1485	1101870	77821
1486	1103355	15105
1487	1104841	25249
1488	1106328	10963
1489	1107816	89144
1490	1109305	42895
1491	1110795	12599
1492	1112286	11891
1493	1113778	61196
1494	1115271	16777
1495	1116765	75435
1496	1118260	57359
1497	1119756	16297
1498	1121253	17072
1499	1122751	18838
1500	1124250	20130
1501	1125750	13239
1502	1127251	11770
1503	1128753	16116
1504	1130256	37632
1505	1131760	14400
1506	1133265	69330
1507	1134771	11416
1508	1136278	11693
1509	1137786	16304
1510	1139295	61664
1511	1140805	50974
1512	1142316	12014
1513	1143828	14162
1514	1145341	44008
1515	1146855	14413
1516	1148370	95126
1517	1149886	11929
1518	1151403	32880
1519	1152921	15698
1520	1154440	12933
1521	1155960	18178
1522	1157481	45918
1523	1159003	14463
1524	1160526	16833
1525	1162050	40960
1526	1163575	12963
1527	1165101	17584
1528	1166628	19367
1529	1168156	24405
1530	1169685	15111
1531	1171215	20840
1532	1172746	18478
1533	1174278	37299
1534	1175811	85451
1535	1177345	39632
1536	1178880	14798
1537	1180416	14708
1538	1181953	15135
1539	1183491	14971
1540	1185030	17796
1541	1186570	59003
1542	1188111	25656
1543	1189653	18235
1544	1191196	19967
1545	1192740	94238
1546	1194285	71526
1547	1195831	78083
1548	1197378	47403
1549	1198926	84783
1550	1200475	35783
1551	1202025	16524
1552	1203576	18212
1553	1205128	40705
1554	1206681	98416
1555	1208235	14088
1556	1209790	15228
1557	1211346	30681
1558	1212903	40947
1559	1214461	47314
1560	1216020	15190
1561	1217580	36062
1562	1219141	13520
1563	1220703	18714
1564	1222266	17892
1565	1223830	15126
1566	1225395	17831
1567	1226961	89256
1568	1228528	17719
1569	1230096	46890
1570	1231665	23835
1571	1233235	35620
1572	1234806	120340
1573	1236378	15540
1574	1237951	16789
1575	1239525	61796
1576	1241100	16500
1577	1242676	69577
1578	1244253	13214
1579	1245831	18490
1580	1247410	21648
1581	1248990	13453
1582	1250571	19784
1583	1252153	20480
1584	1253736	13437
1585	1255320	14934
1586	1256905	37056
1587	1258491	64053
1588	1260078	99032
1589	1261666	31309
1590	1263255	19315
1591	1264845	21023
1592	1266436	18105
1593	1268028	16697
1594	1269621	22848
1595	1271215	18752
1596	1272810	17344
1597	1274406	13080
1598	1276003	85993
1599	1277601	17600
1600	1279200	16333
1601	1280800	69690
1602	1282401	16908
1603	1284003	16469
1604	1285606	35003
1605	1287210	19862
1606	1288815	13948
1607	1290421	22486
1608	1292028	14467
1609	1293636	99746
1610	1295245	25467
1611	1296855	12804
1612	1298466	89183
1613	1300078	14544
1614	1301691	14879
1615	1303305	78191
1616	1304920	45354
1617	1306536	27202
1618	1308153	15508
1619	1309771	26200
1620	1311390	14636
1621	1313010	19509
1622	1314631	98077
1623	1316253	46236
1624	1317876	100652
1625	1319500	27024
1626	1321125	88884
1627	1322751	116746
1628	1324378	13768
1629	1326006	72104
1630	1327635	16126
1631	1329265	23064
1632	1330896	76156
1633	1332528	71351
1634	1334161	57270
1635	1335795	26970
1636	1337430	20252
1637	1339066	112401
1638	1340703	95291
1639	1342341	15314
1640	1343980	21705
1641	1345620	79574
1642	1347261	96015
1643	1348903	75123
1644	1350546	20730
1645	1352190	16327
1646	1353835	44700
1647	1355481	19069
1648	1357128	73155
1649	1358776	38446
1650	1360425	16702
1651	1362075	56330
1652	1363726	112003
1653	1365378	20285
1654	1367031	64427
1655	1368685	21414
1656	1370340	13607
1657	1371996	94570
1658	1373653	81425
1659	1375311	29197
1660	1376970	95730
1661	1378630	27893
1662	1380291	22813
1663	1381953	30261
1664	1383616	47887
1665	1385280	16543
1666	1386945	27401
1667	1388611	38159
1668	1390278	66366
1669	1391946	19213
1670	1393615	16310
1671	1395285	22731
1672	1396956	17948
1673	1398628	86571
1674	1400301	18355
1675	1401975	15008
1676	1403650	20533
1677	1405326	71789
1678	1407003	18909
1679	1408681	16401
1680	1410360	18954
1681	1412040	17870
1682	1413721	17607
1683	1415403	14909
1684	1417086	62440
1685	1418770	19231
1686	1420455	25578
1687	1422141	19075
1688	1423828	22214
1689	1425516	16726
1690	1427205	15285
1691	1428895	17635
1692	1430586	21216
1693	1432278	34629
1694	1433971	21229
1695	1435665	56308
1696	1437360	19893
1697	1439056	87657
1698	1440753	24413
1699	1442451	26195
1700	1444150	63538
1701	1445850	17065
1702	1447551	19407
1703	1449253	27769
1704	1450956	23954
1705	1452660	17229
1706	1454365	36201
1707	1456071	20197
1708	1457778	38228
1709	1459486	18837
1710	1461195	18360
1711	1462905	15741
1712	1464616	18248
1713	1466328	37854
1714	1468041	135065
1715	1469755	39826
1716	1471470	19685
1717	1473186	22487
1718	1474903	31828
1719	1476621	37861
1720	1478340	16066
1721	1480060	44432
1722	1481781	18178
1723	1483503	62917
1724	1485226	69391
1725	1486950	20005
1726	1488675	64919
1727	1490401	21085
1728	1492128	17855
1729	1493856	17275
1730	1495585	19831
1731	1497315	21776
1732	1499046	19636
1733	1500778	48687
1734	1502511	85544
1735	1504245	126064
1736	1505980	20023
1737	1507716	31089
1738	1509453	20719
1739	1511191	19976
1740	1512930	28139
1741	1514670	24589
1742	1516411	21094
1743	1518153	15153
1744	1519896	18651
1745	1521640	15962
1746	1523385	17316
1747	1525131	15901
1748	1526878	21843
1749	1528626	17226
1750	1530375	23786
1751	1532125	21914
1752	1533876	23200
1753	1535628	85753
1754	1537381	26734
1755	1539135	63812
1756	1540890	18758
1757	1542646	20719
1758	1544403	17019
1759	1546161	19911
1760	1547920	86353
1761	1549680	15738
1762	1551441	49725
1763	1553203	21081
1764	1554966	90675
1765	1556730	27864
1766	1558495	21927
1767	1560261	26871
1768	1562028	92684
1769	1563796	19754
1770	1565565	48655
1771	1567335	126138
1772	1569106	19262
1773	1570878	21201
1774	1572651	15541
1775	1574425	20545
1776	1576200	14889
1777	1577976	18729
1778	1579753	15957
1779	1581531	89992
1780	1583310	22484
1781	1585090	31450
1782	1586871	48223
1783	1588653	21255
1784	1590436	76888
1785	1592220	29955
1786	1594005	19105
1787	1595791	21415
1788	1597578	19868
1789	1599366	15646
1790	1601155	52619
1791	1602945	33113
1792	1604736	85340
1793	1606528	66998
1794	1608321	25403
1795	1610115	63470
1796	1611910	28206
1797	1613706	23717
1798	1615503	54269
1799	1617301	72470
1800	1619100	65739
1801	1620900	26351
1802	1622701	23103
1803	1624503	40411
1804	1626306	63520
1805	1628110	27032
1806	1629915	45089
1807	1631721	91364
1808	1633528	22133
1809	1635336	33622
1810	1637145	118572
1811	1638955	45348
1812	1640766	43758
1813	1642578	29740
1814	1644391	70973
1815	1646205	52057
1816	1648020	110135
1817	1649836	31976
1818	1651653	65386
1819	1653471	27892
1820	1655290	42354
1821	1657110	23146
1822	1658931	71277
1823	1660753	22891
1824	1662576	24971
1825	1664400	67034
1826	1666225	22203
1827	1668051	64058
1828	1669878	44061
1829	1671706	169432
1830	1673535	27007
1831	1675365	101681
1832	1677196	53323
1833	1679028	25735
1834	1680861	22124
1835	1682695	105895
1836	1684530	23290
1837	1686366	89577
1838	1688203	37543
1839	1690041	21059
1840	1691880	100858
1841	1693720	28504
1842	1695561	45615
1843	1697403	41772
1844	1699246	138913
1845	1701090	46991
1846	1702935	120150
1847	1704781	23277
1848	1706628	30115
1849	1708476	173199
1850	1710325	29526
1851	1712175	37074
1852	1714026	25857
1853	1715878	144931
1854	1717731	41445
1855	1719585	117349
1856	1721440	21703
1857	1723296	24258
1858	1725153	80623
1859	1727011	27932
1860	1728870	47643
1861	1730730	23781
1862	1732591	49063
1863	1734453	28188
1864	1736316	21582
1865	1738180	74016
1866	1740045	21724
1867	1741911	18180
1868	1743778	60375
1869	1745646	25340
1870	1747515	23284
1871	1749385	73371
1872	1751256	24299
1873	1753128	23918
1874	1755001	29573
1875	1756875	91553
1876	1758750	33199
1877	1760626	48736
1878	1762503	103349
1879	1764381	22287
1880	1766260	19183
1881	1768140	30203
1882	1770021	22776
1883	1771903	25787
1884	1773786	26595
1885	1775670	26578
1886	1777555	25009
1887	1779441	46587
1888	1781328	23679
1889	1783216	20197
1890	1785105	29645
1891	1786995	26047
1892	1788886	138785
1893	1790778	29918
1894	1792671	67388
1895	1794565	31233
1896	1796460	21760
1897	1798356	86895
1898	1800253	37090
1899	1802151	59334
1900	1804050	20837
1901	1805950	25401
1902	1807851	20885
1903	1809753	57455
1904	1811656	26053
1905	1813560	92616
1906	1815465	31434
1907	1817371	108549
1908	1819278	21858
1909	1821186	31265
1910	1823095	24604
1911	1825005	21593
1912	1826916	23588
1913	1828828	21180
1914	1830741	26086
1915	1832655	32420
1916	1834570	24477
1917	1836486	29613
1918	1838403	54324
1919	1840321	29766
1920	1842240	32005
1921	1844160	23827
1922	1846081	89510
1923	1848003	20033
1924	1849926	27621
1925	1851850	30685
1926	1853775	27772
1927	1855701	31379
1928	1857628	24976
1929	1859556	44064
1930	1861485	28955
1931	1863415	32879
1932	1865346	24985
1933	1867278	165786
1934	1869211	25149
1935	1871145	80274
1936	1873080	28326
1937	1875016	30837
1938	1876953	67829
1939	1878891	75852
1940	1880830	65830
1941	1882770	30509
1942	1884711	19627
1943	1886653	78944
1944	1888596	23066
1945	1890540	29861
1946	1892485	30881
1947	1894431	27367
1948	1896378	28997
1949	1898326	28129
1950	1900275	99114
1951	1902225	25276
1952	1904176	26823
1953	1906128	26627
1954	1908081	31000
1955	1910035	35733
1956	1911990	36022
1957	1913946	84081
1958	1915903	23595
1959	1917861	23117
1960	1919820	151712
1961	1921780	32809
1962	1923741	137844
1963	1925703	60977
1964	1927666	48155
1965	1929630	26294
1966	1931595	26211
1967	1933561	34949
1968	1935528	34568
1969	1937496	160387
1970	1939465	117558
1971	1941435	35026
1972	1943406	26140
1973	1945378	31568
1974	1947351	63484
1975	1949325	115627
1976	1951300	29192
1977	1953276	112825
1978	1955253	32496
1979	1957231	31499
1980	1959210	35114
1981	1961190	27149
1982	1963171	35150
1983	1965153	26985
1984	1967136	66400
1985	1969120	141495
1986	1971105	132418
1987	1973091	37444
1988	1975078	27934
1989	1977066	29235
1990	1979055	28926
1991	1981045	61707
1992	1983036	23035
1993	1985028	45876
1994	1987021	141618
1995	1989015	152587
1996	1991010	44917
1997	1993006	173683
1998	1995003	32284
1999	1997001	22704
2000	1999000	61635
2001	2001000	72952
2002	2003001	30626
2003	2005003	102321
2004	2007006	29552
2005	2009010	42780
2006	2011015	25828
2007	2013021	103800
2008	2015028	51289
2009	2017036	122905
2010	2019045	34596
2011	2021055	56815
2012	2023066	110345
2013	2025078	168017
2014	2027091	31830
2015	2029105	34196
2016	2031120	42783
2017	2033136	25587
2018	2035153	89394
2019	2037171	155018
2020	2039190	30838
2021	2041210	149219
2022	2043231	80894
2023	2045253	77747
2024	2047276	28990
2025	2049300	99591
2026	2051325	52029
2027	2053351	59933
2028	2055378	179147
2029	2057406	32751
2030	2059435	26533
2031	2061465	42118
2032	2063496	174599
2033	2065528	25779
2034	2067561	31168
2035	2069595	108460
2036	2071630	75063
2037	2073666	33623
2038	2075703	107842
2039	2077741	154237
2040	2079780	36478
2041	2081820	25536
2042	2083861	37244
2043	2085903	65130
2044	2087946	29046
2045	2089990	44947
2046	2092035	49409
2047	2094081	40009
2048	2096128	139257
2049	2098176	170419
2050	2100225	170513
2051	2102275	34583
2052	2104326	66292
2053	2106378	22675
2054	2108431	156661
2055	2110485	37947
2056	2112540	172331
2057	2114596	60159
2058	2116653	26241
2059	2118711	37838
2060	2120770	138341
2061	2122830	43708
2062	2124891	148293
2063	2126953	87641
2064	2129016	43731
2065	2131080	40014
2066	2133145	30862
2067	2135211	26469
2068	2137278	88492
2069	2139346	92354
2070	2141415	96471
2071	2143485	121600
2072	2145556	32489
2073	2147628	61815
2074	2149701	29659
2075	2151775	47700
2076	2153850	210588
2077	2155926	50893
2078	2158003	29897
2079	2160081	83226
2080	2162160	27700
2081	2164240	55042
2082	2166321	50903
2083	2168403	27005
2084	2170486	24710
2085	2172570	33073
2086	2174655	21585
2087	2176741	21665
2088	2178828	22462
2089	2180916	28898
2090	2183005	34950
2091	2185095	31460
2092	2187186	78474
2093	2189278	45077
2094	2191371	95764
2095	2193465	28703
2096	2195560	30347
2097	2197656	31305
2098	2199753	25861
2099	2201851	105888
2100	2203950	32080
2101	2206050	32205
2102	2208151	22357
2103	2210253	25851
2104	2212356	31693
2105	2214460	31710
2106	2216565	32590
2107	2218671	28944
2108	2220778	28327
2109	2222886	21840
2110	2224995	32712
2111	2227105	40751
2112	2229216	131352
2113	2231328	108523
2114	2233441	97741
2115	2235555	36275
2116	2237670	29512
2117	2239786	37250
2118	2241903	28956
2119	2244021	31980
2120	2246140	33503
2121	2248260	31174
2122	2250381	28298
2123	2252503	34589
2124	2254626	25053
2125	2256750	52640
2126	2258875	33902
2127	2261001	30838
2128	2263128	86288
2129	2265256	183466
2130	2267385	31222
2131	2269515	32601
2132	2271646	32089
2133	2273778	32303
2134	2275911	32600
2135	2278045	37247
2136	2280180	35280
2137	2282316	28976
2138	2284453	34732
2139	2286591	34603
2140	2288730	80101
2141	2290870	30258
2142	2293011	126555
2143	2295153	33953
2144	2297296	36565
2145	2299440	27928
2146	2301585	40607
2147	2303731	27808
2148	2305878	34813
2149	2308026	35921
2150	2310175	139093
2151	2312325	75113
2152	2314476	155973
2153	2316628	100224
2154	2318781	32545
2155	2320935	38806
2156	2323090	30571
2157	2325246	27485
2158	2327403	37763
2159	2329561	25563
2160	2331720	96171
2161	2333880	49968
2162	2336041	87288
2163	2338203	73110
2164	2340366	114058
2165	2342530	36143
2166	2344695	30431
2167	2346861	34553
2168	2349028	67861
2169	2351196	144858
2170	2353365	111985
2171	2355535	38461
2172	2357706	91007
2173	2359878	45639
2174	2362051	26953
2175	2364225	142914
2176	2366400	26212
2177	2368576	26569
2178	2370753	30869
2179	2372931	66884
2180	2375110	60645
2181	2377290	29532
2182	2379471	205549
2183	2381653	33314
2184	2383836	62255
2185	2386020	30102
2186	2388205	35547
2187	2390391	185909
2188	2392578	36302
2189	2394766	186062
2190	2396955	35394
2191	2399145	26205
2192	2401336	28043
2193	2403528	38531
2194	2405721	29028
2195	2407915	30478
2196	2410110	94319
2197	2412306	73697
2198	2414503	40302
2199	2416701	28026
2200	2418900	45008
2201	2421100	169383
2202	2423301	60088
2203	2425503	43236
2204	2427706	99322
2205	2429910	78831
2206	2432115	39209
2207	2434321	95628
2208	2436528	33379
2209	2438736	29229
2210	2440945	35045
2211	2443155	210103
2212	2445366	33301
2213	2447578	38333
2214	2449791	37158
2215	2452005	26123
2216	2454220	188611
2217	2456436	35841
2218	2458653	120402
2219	2460871	58718
2220	2463090	35494
2221	2465310	146668
2222	2467531	47434
2223	2469753	33690
2224	2471976	64356
2225	2474200	24002
2226	2476425	26877
2227	2478651	27224
2228	2480878	50792
2229	2483106	58070
2230	2485335	27977
2231	2487565	32610
2232	2489796	188134
2233	2492028	26572
2234	2494261	173369
2235	2496495	46393
2236	2498730	27962
2237	2500966	62491
2238	2503203	38355
2239	2505441	35564
2240	2507680	165518
2241	2509920	78691
2242	2512161	27112
2243	2514403	41157
2244	2516646	177265
2245	2518890	145192
2246	2521135	182424
2247	2523381	160940
2248	2525628	58077
2249	2527876	37888
2250	2530125	193564
2251	2532375	122296
2252	2534626	85777
2253	2536878	173431
2254	2539131	56145
2255	2541385	39392
2256	2543640	136418
2257	2545896	93410
2258	2548153	125357
2259	2550411	31801
2260	2552670	30278
2261	2554930	41259
2262	2557191	217410
2263	2559453	74237
2264	2561716	28329
2265	2563980	36774
2266	2566245	35866
2267	2568511	38932
2268	2570778	185558
2269	2573046	37952
2270	2575315	206758
2271	2577585	35414
2272	2579856	141939
2273	2582128	223425
2274	2584401	149714
2275	2586675	37767
2276	2588950	80532
2277	2591226	69059
2278	2593503	52855
2279	2595781	116167
2280	2598060	45436
2281	2600340	44482
2282	2602621	40676
2283	2604903	139731
2284	2607186	36956
2285	2609470	45884
2286	2611755	37586
2287	2614041	33780
2288	2616328	43103
2289	2618616	205019
2290	2620905	70515
2291	2623195	39421
2292	2625486	167135
2293	2627778	42313
2294	2630071	75025
2295	2632365	30394
2296	2634660	73758
2297	2636956	110762
2298	2639253	168387
2299	2641551	29989
2300	2643850	56146
2301	2646150	88731
2302	2648451	234293
2303	2650753	67867
2304	2653056	185146
2305	2655360	244471
2306	2657665	51202
2307	2659971	78628
2308	2662278	48638
2309	2664586	59171
2310	2666895	25862
2311	2669205	73676
2312	2671516	60120
2313	2673828	56582
2314	2676141	78431
2315	2678455	37224
2316	2680770	40521
2317	2683086	149997
2318	2685403	46698
2319	2687721	181684
2320	2690040	41811
2321	2692360	74028
2322	2694681	145762
2323	2697003	243272
2324	2699326	166791
2325	2701650	231991
2326	2703975	106384
2327	2706301	161424
2328	2708628	172596
2329	2710956	117908
2330	2713285	186411
2331	2715615	36439
2332	2717946	29124
2333	2720278	127123
2334	2722611	31237
2335	2724945	64309
2336	2727280	217495
2337	2729616	36042
2338	2731953	31815
2339	2734291	28596
2340	2736630	30469
2341	2738970	38581
2342	2741311	35385
2343	2743653	27986
2344	2745996	37524
2345	2748340	43319
2346	2750685	114505
2347	2753031	30647
2348	2755378	30636
2349	2757726	39440
2350	2760075	41154
2351	2762425	35770
2352	2764776	31466
2353	2767128	121585
2354	2769481	48100
2355	2771835	44837
2356	2774190	42070
2357	2776546	41404
2358	2778903	28450
2359	2781261	53144
2360	2783620	77379
2361	2785980	41975
2362	2788341	36299
2363	2790703	43303
2364	2793066	38152
2365	2795430	109290
2366	2797795	252279
2367	2800161	42799
2368	2802528	118586
2369	2804896	156714
2370	2807265	107276
2371	2809635	183411
2372	2812006	264999
2373	2814378	103697
2374	2816751	40023
2375	2819125	88304
2376	2821500	38892
2377	2823876	91556
2378	2826253	31639
2379	2828631	61477
2380	2831010	48171
2381	2833390	39815
2382	2835771	35130
2383	2838153	34838
2384	2840536	39990
2385	2842920	104584
2386	2845305	30411
2387	2847691	47049
2388	2850078	71946
2389	2852466	307307
2390	2854855	68301
2391	2857245	246790
2392	2859636	87386
2393	2862028	72271
2394	2864421	89403
2395	2866815	43502
2396	2869210	79422
2397	2871606	129952
2398	2874003	34222
2399	2876401	46379
2400	2878800	44276
2401	2881200	44421
2402	2883601	44744
2403	2886003	32592
2404	2888406	48730
2405	2890810	193531
2406	2893215	62218
2407	2895621	61678
2408	2898028	43271
2409	2900436	104597
2410	2902845	51354
2411	2905255	157619
2412	2907666	43425
2413	2910078	95816
2414	2912491	48855
2415	2914905	175196
2416	2917320	36782
2417	2919736	74999
2418	2922153	50321
2419	2924571	124849
2420	2926990	181231
2421	2929410	212983
2422	2931831	42610
2423	2934253	126884
2424	2936676	42057
2425	2939100	47081
2426	2941525	58875
2427	2943951	75763
2428	2946378	81560
2429	2948806	60234
2430	2951235	45955
2431	2953665	43817
2432	2956096	101659
2433	2958528	119038
2434	2960961	100238
2435	2963395	44442
2436	2965830	143524
2437	2968266	43823
2438	2970703	49132
2439	2973141	35544
2440	2975580	41536
2441	2978020	214267
2442	2980461	103782
2443	2982903	42386
2444	2985346	69251
2445	2987790	302107
2446	2990235	30873
2447	2992681	32966
2448	2995128	38980
2449	2997576	119513
2450	3000025	127500
2451	3002475	255128
2452	3004926	42746
2453	3007378	165231
2454	3009831	35755
2455	3012285	37240
2456	3014740	41846
2457	3017196	50052
2458	3019653	78194
2459	3022111	35959
2460	3024570	39351
2461	3027030	38254
2462	3029491	49373
2463	3031953	40239
2464	3034416	47004
2465	3036880	282160
2466	3039345	46434
2467	3041811	249197
2468	3044278	81966
2469	3046746	137895
2470	3049215	43088
2471	3051685	245575
2472	3054156	51546
2473	3056628	41167
2474	3059101	183410
2475	3061575	97634
2476	3064050	166307
2477	3066526	42012
2478	3069003	47276
2479	3071481	31951
2480	3073960	57255
2481	3076440	54178
2482	3078921	38195
2483	3081403	45335
2484	3083886	36755
2485	3086370	282488
2486	3088855	44637
2487	3091341	74830
2488	3093828	104336
2489	3096316	59083
2490	3098805	40462
2491	3101295	48433
2492	3103786	174811
2493	3106278	57946
2494	3108771	83932
2495	3111265	180408
2496	3113760	64814
2497	3116256	43331
2498	3118753	64144
2499	3121251	53658
2500	3123750	37826
2501	3126250	50692
2502	3128751	46004
2503	3131253	45588
2504	3133756	45936
2505	3136260	35494
2506	3138765	182385
2507	3141271	48257
2508	3143778	199351
2509	3146286	50930
2510	3148795	60530
2511	3151305	200775
2512	3153816	44598
2513	3156328	48779
2514	3158841	41667
2515	3161355	46877
2516	3163870	196884
2517	3166386	146316
2518	3168903	69537
2519	3171421	287256
2520	3173940	299708
2521	3176460	44893
2522	3178981	42520
2523	3181503	78568
2524	3184026	47199
2525	3186550	244570
2526	3189075	86419
2527	3191601	193110
2528	3194128	96912
2529	3196656	51207
2530	3199185	75469
2531	3201715	221850
2532	3204246	179771
2533	3206778	33691
2534	3209311	265311
2535	3211845	98134
2536	3214380	119315
2537	3216916	90310
2538	3219453	73998
2539	3221991	38066
2540	3224530	176511
2541	3227070	58366
2542	3229611	40142
2543	3232153	255671
2544	3234696	40027
2545	3237240	66231
2546	3239785	119285
2547	3242331	46096
2548	3244878	61627
2549	3247426	230965
2550	3249975	35001
2551	3252525	199401
2552	3255076	47090
2553	3257628	83176
2554	3260181	35987
2555	3262735	84038
2556	3265290	42254
2557	3267846	39638
2558	3270403	47407
2559	3272961	54630
2560	3275520	216132
2561	3278080	62891
2562	3280641	66041
2563	3283203	116987
2564	3285766	80640
2565	3288330	49352
2566	3290895	162837
2567	3293461	41940
2568	3296028	143840
2569	3298596	78447
2570	3301165	228007
2571	3303735	121450
2572	3306306	57100
2573	3308878	42654
2574	3311451	95879
2575	3314025	144393
2576	3316600	58902
2577	3319176	39141
2578	3321753	54892
2579	3324331	160634
2580	3326910	45353
2581	3329490	237105
2582	3332071	142339
2583	3334653	343147
2584	3337236	48586
2585	3339820	49140
2586	3342405	191159
2587	3344991	44130
2588	3347578	41732
2589	3350166	55072
2590	3352755	48464
2591	3355345	119568
2592	3357936	86427
2593	3360528	242242
2594	3363121	134111
2595	3365715	49654
2596	3368310	189262
2597	3370906	37638
2598	3373503	51271
2599	3376101	172278
2600	3378700	34061
2601	3381300	33306
2602	3383901	107232
2603	3386503	175872
2604	3389106	36322
2605	3391710	37115
2606	3394315	38010
2607	3396921	47481
2608	3399528	43177
2609	3402136	48575
2610	3404745	46187
2611	3407355	43517
2612	3409966	46340
2613	3412578	155070
2614	3415191	66497
2615	3417805	51818
2616	3420420	48920
2617	3423036	47678
2618	3425653	48355
2619	3428271	53824
2620	3430890	41724
2621	3433510	48616
2622	3436131	59863
2623	3438753	40887
2624	3441376	54695
2625	3444000	52571
2626	3446625	40799
2627	3449251	55173
2628	3451878	56790
2629	3454506	65323
2630	3457135	44319
2631	3459765	57441
2632	3462396	47164
2633	3465028	50173
2634	3467661	49485
2635	3470295	190847
2636	3472930	53543
2637	3475566	49418
2638	3478203	35213
2639	3480841	115908
2640	3483480	49050
2641	3486120	47791
2642	3488761	43172
2643	3491403	47607
2644	3494046	56150
2645	3496690	51962
2646	3499335	47875
2647	3501981	42719
2648	3504628	140099
2649	3507276	54284
2650	3509925	57874
2651	3512575	49508
2652	3515226	41966
2653	3517878	38455
2654	3520531	48126
2655	3523185	47230
2656	3525840	45069
2657	3528496	122578
2658	3531153	55835
2659	3533811	65723
2660	3536470	155036
2661	3539130	48705
2662	3541791	40585
2663	3544453	148141
2664	3547116	38456
2665	3549780	86555
2666	3552445	50545
2667	3555111	160932
2668	3557778	52937
2669	3560446	53137
2670	3563115	56202
2671	3565785	113655
2672	3568456	63476
2673	3571128	58320
2674	3573801	42717
2675	3576475	137857
2676	3579150	52734
2677	3581826	53772
2678	3584503	126504
2679	3587181	51285
2680	3589860	52667
2681	3592540	47745
2682	3595221	57287
2683	3597903	53219
2684	3600586	69005
2685	3603270	45255
2686	3605955	40970
2687	3608641	52115
2688	3611328	200586
2689	3614016	56208
2690	3616705	180138
2691	3619395	50363
2692	3622086	49016
2693	3624778	147463
2694	3627471	45678
2695	3630165	51369
2696	3632860	212127
2697	3635556	54067
2698	3638253	44008
2699	3640951	58241
2700	3643650	131165
2701	3646350	51680
2702	3649051	131075
2703	3651753	52311
2704	3654456	188877
2705	3657160	54107
2706	3659865	51541
2707	3662571	44533
2708	3665278	54483
2709	3667986	151254
2710	3670695	59369
2711	3673405	46422
2712	3676116	236110
2713	3678828	56832
2714	3681541	53070
2715	3684255	99143
2716	3686970	55274
2717	3689686	65442
2718	3692403	67117
2719	3695121	43499
2720	3697840	81691
2721	3700560	84279
2722	3703281	218456
2723	3706003	54772
2724	3708726	70045
2725	3711450	142388
2726	3714175	59301
2727	3716901	182630
2728	3719628	59122
2729	3722356	69779
2730	3725085	70670
2731	3727815	52373
2732	3730546	289966
2733	3733278	61062
2734	3736011	273261
2735	3738745	57617
2736	3741480	61916
2737	3744216	269487
2738	3746953	79032
2739	3749691	225437
2740	3752430	175166
2741	3755170	57507
2742	3757911	86056
2743	3760653	57885
2744	3763396	448186
2745	3766140	97323
2746	3768885	142393
2747	3771631	104797
2748	3774378	189038
2749	3777126	238751
2750	3779875	52024
2751	3782625	53194
2752	3785376	59938
2753	3788128	66486
2754	3790881	96262
2755	3793635	523661
2756	3796390	303075
2757	3799146	258675
2758	3801903	267281
2759	3804661	395340
2760	3807420	64818
2761	3810180	56940
2762	3812941	56495
2763	3815703	146449
2764	3818466	380565
2765	3821230	206575
2766	3823995	440396
2767	3826761	285891
2768	3829528	332835
2769	3832296	151276
2770	3835065	289544
2771	3837835	261534
2772	3840606	338804
2773	3843378	124966
2774	3846151	607933
2775	3848925	334983
2776	3851700	107269
2777	3854476	324344
2778	3857253	289103
2779	3860031	397209
2780	3862810	70418
2781	3865590	170156
2782	3868371	205757
2783	3871153	245910
2784	3873936	130684
2785	3876720	294736
2786	3879505	160551
2787	3882291	79706
2788	3885078	205292
2789	3887866	75071
2790	3890655	423690
2791	3893445	198518
2792	3896236	789033
2793	3899028	383464
2794	3901821	524213
2795	3904615	356829
2796	3907410	107451
2797	3910206	495603
2798	3913003	127588
2799	3915801	296092
2800	3918600	683433
2801	3921400	263437
2802	3924201	270394
2803	3927003	75267
2804	3929806	54597
2805	3932610	63687
2806	3935415	69628
2807	3938221	305669
2808	3941028	199179
2809	3943836	69436
2810	3946645	86773
2811	3949455	255911
2812	3952266	63595
2813	3955078	135206
2814	3957891	56968
2815	3960705	384681
2816	3963520	434588
2817	3966336	719087
2818	3969153	356105
2819	3971971	307200
2820	3974790	182921
2821	3977610	705768
2822	3980431	162541
2823	3983253	59088
2824	3986076	299484
2825	3988900	383484
2826	3991725	79329
2827	3994551	319718
2828	3997378	274164
2829	4000206	166004
2830	4003035	145643
2831	4005865	62811
2832	4008696	84670
2833	4011528	291853
2834	4014361	413704
2835	4017195	309166
2836	4020030	515195
2837	4022866	76637
2838	4025703	201800
2839	4028541	380663
2840	4031380	181319
2841	4034220	150954
2842	4037061	561745
2843	4039903	91134
2844	4042746	446818
2845	4045590	651714
2846	4048435	176055
2847	4051281	239191
2848	4054128	471347
2849	4056976	208500
2850	4059825	626663
2851	4062675	299502
2852	4065526	201723
2853	4068378	60452
2854	4071231	411148
2855	4074085	180795
2856	4076940	397982
2857	4079796	65636
2858	4082653	91721
2859	4085511	135299
2860	4088370	314218
2861	4091230	185807
2862	4094091	634325
2863	4096953	413603
2864	4099816	442801
2865	4102680	676894
2866	4105545	550716
2867	4108411	137095
2868	4111278	108121
2869	4114146	279307
2870	4117015	51227
2871	4119885	399539
2872	4122756	230645
2873	4125628	92952
2874	4128501	634365
2875	4131375	310586
2876	4134250	595103
2877	4137126	269072
2878	4140003	248151
2879	4142881	265544
2880	4145760	275467
2881	4148640	588644
2882	4151521	487002
2883	4154403	65650
2884	4157286	318847
2885	4160170	468012
2886	4163055	212608
2887	4165941	238550
2888	4168828	373682
2889	4171716	61727
2890	4174605	362909
2891	4177495	236649
2892	4180386	193181
2893	4183278	341440
2894	4186171	367469
2895	4189065	462353
2896	4191960	68984
2897	4194856	86196
2898	4197753	107635
2899	4200651	396035
2900	4203550	342810
2901	4206450	394251
2902	4209351	337259
2903	4212253	473523
2904	4215156	365031
2905	4218060	405969
2906	4220965	92873
2907	4223871	91826
2908	4226778	627639
2909	4229686	324499
2910	4232595	323284
2911	4235505	145346
2912	4238416	334705
2913	4241328	121340
2914	4244241	75930
2915	4247155	208647
2916	4250070	541692
2917	4252986	99477
2918	4255903	98533
2919	4258821	187254
2920	4261740	543142
2921	4264660	107054
2922	4267581	292083
2923	4270503	160505
2924	4273426	73982
2925	4276350	74061
2926	4279275	53609
2927	4282201	172698
2928	4285128	479316
2929	4288056	161939
2930	4290985	653195
2931	4293915	392303
2932	4296846	489082
2933	4299778	86826
2934	4302711	123672
2935	4305645	280313
2936	4308580	695798
2937	4311516	585755
2938	4314453	391130
2939	4317391	206551
2940	4320330	234578
2941	4323270	252535
2942	4326211	152161
2943	4329153	79038
2944	4332096	320571
2945	4335040	242223
2946	4337985	134727
2947	4340931	61629
2948	4343878	194870
2949	4346826	243941
2950	4349775	237080
2951	4352725	70268
2952	4355676	69115
2953	4358628	126586
2954	4361581	205277
2955	4364535	469818
2956	4367490	181912
2957	4370446	469950
2958	4373403	87712
2959	4376361	293850
2960	4379320	609669
2961	4382280	383055
2962	4385241	150199
2963	4388203	363181
2964	4391166	727755
2965	4394130	345307
2966	4397095	271419
2967	4400061	87295
2968	4403028	64165
2969	4405996	69720
2970	4408965	59034
2971	4411935	66034
2972	4414906	72960
2973	4417878	73500
2974	4420851	74983
2975	4423825	72494
2976	4426800	58733
2977	4429776	79526
2978	4432753	74568
2979	4435731	84449
2980	4438710	87258
2981	4441690	74592
2982	4444671	55206
2983	4447653	154283
2984	4450636	460753
2985	4453620	473048
2986	4456605	200861
2987	4459591	617201
2988	4462578	136112
2989	4465566	449712
2990	4468555	576279
2991	4471545	354808
2992	4474536	154525
2993	4477528	136043
2994	4480521	674945
2995	4483515	798500
2996	4486510	471970
2997	4489506	829295
2998	4492503	366277
2999	4495501	662109
3000	4498500	479431
3001	4501500	81644
3002	4504501	275612
3003	4507503	467850
3004	4510506	359873
3005	4513510	191549
3006	4516515	885102
3007	4519521	142830
3008	4522528	298767
3009	4525536	512915
3010	4528545	294288
3011	4531555	202078
3012	4534566	660846
3013	4537578	332832
3014	4540591	480685
3015	4543605	481087
3016	4546620	100048
3017	4549636	363147
3018	4552653	75941
3019	4555671	74966
3020	4558690	93408
3021	4561710	84201
3022	4564731	448120
3023	4567753	349908
3024	4570776	144465
3025	4573800	126451
3026	4576825	107463
3027	4579851	277036
3028	4582878	658604
3029	4585906	373338
3030	4588935	216258
3031	4591965	203104
3032	4594996	610141
3033	4598028	254590
3034	4601061	468794
3035	4604095	156028
3036	4607130	388093
3037	4610166	568514
3038	4613203	69595
3039	4616241	355093
3040	4619280	285675
3041	4622320	513670
3042	4625361	416976
3043	4628403	591075
3044	4631446	237369
3045	4634490	356154
3046	4637535	326054
3047	4640581	225272
3048	4643628	536644
3049	4646676	257041
3050	4649725	692811
3051	4652775	581230
3052	4655826	78157
3053	4658878	68704
3054	4661931	96728
3055	4664985	276400
3056	4668040	334127
3057	4671096	768192
3058	4674153	510501
3059	4677211	648850
3060	4680270	459113
3061	4683330	575063
3062	4686391	81359
3063	4689453	68115
3064	4692516	596931
3065	4695580	97425
3066	4698645	81968
3067	4701711	68360
3068	4704778	59297
3069	4707846	200863
3070	4710915	612420
3071	4713985	555711
3072	4717056	223917
3073	4720128	713999
3074	4723201	134818
3075	4726275	308016
3076	4729350	99263
3077	4732426	129300
3078	4735503	78695
3079	4738581	336389
3080	4741660	499999
3081	4744740	103157
3082	4747821	801797
3083	4750903	541912
3084	4753986	494926
3085	4757070	602312
3086	4760155	341689
3087	4763241	146839
3088	4766328	82432
3089	4769416	83163
3090	4772505	258092
3091	4775595	630604
3092	4778686	224361
3093	4781778	964322
3094	4784871	825849
3095	4787965	232937
3096	4791060	66621
3097	4794156	373156
3098	4797253	453042
3099	4800351	512740
3100	4803450	439352
3101	4806550	69611
3102	4809651	308505
3103	4812753	666334
3104	4815856	270690
3105	4818960	677726
3106	4822065	637576
3107	4825171	769212
3108	4828278	625093
3109	4831386	216435
3110	4834495	606982
3111	4837605	887404
3112	4840716	903579
3113	4843828	279554
3114	4846941	579535
3115	4850055	225277
3116	4853170	574832
3117	4856286	256876
3118	4859403	264758
3119	4862521	469622
3120	4865640	424091
3121	4868760	591873
3122	4871881	227455
3123	4875003	960440
3124	4878126	477260
3125	4881250	478061
3126	4884375	376096
3127	4887501	426066
3128	4890628	81437
3129	4893756	75394
3130	4896885	63968
3131	4900015	170280
3132	4903146	718784
3133	4906278	581754
3134	4909411	555479
3135	4912545	880348
3136	4915680	777477
3137	4918816	373278
3138	4921953	823261
3139	4925091	386984
3140	4928230	177180
3141	4931370	624005
3142	4934511	689125
3143	4937653	421823
3144	4940796	421262
3145	4943940	739511
3146	4947085	763643
3147	4950231	830031
3148	4953378	723269
3149	4956526	779850
3150	4959675	774507
3151	4962825	1193261
3152	4965976	702356
3153	4969128	528127
3154	4972281	860311
3155	4975435	773922
3156	4978590	634694
3157	4981746	684963
3158	4984903	104833
3159	4988061	687640
3160	4991220	591992
3161	4994380	140375
3162	4997541	659455
3163	5000703	654913
3164	5003866	876923
3165	5007030	592838
3166	5010195	288616
3167	5013361	83622
3168	5016528	138845
3169	5019696	1002720
3170	5022865	533118
3171	5026035	485436
3172	5029206	543202
3173	5032378	248821
3174	5035551	669021
3175	5038725	867103
3176	5041900	632336
3177	5045076	808330
3178	5048253	811603
3179	5051431	781506
3180	5054610	428529
3181	5057790	811151
3182	5060971	810655
3183	5064153	546518
3184	5067336	927134
3185	5070520	709270
3186	5073705	183959
3187	5076891	889788
3188	5080078	889998
3189	5083266	951158
3190	5086455	718960
3191	5089645	315412
3192	5092836	583133
3193	5096028	626090
3194	5099221	463774
3195	5102415	328949
3196	5105610	655553
3197	5108806	822430
3198	5112003	775989
3199	5115201	805756
3200	5118400	694695
3201	5121600	629945
3202	5124801	441385
3203	5128003	759152
3204	5131206	767472
3205	5134410	763211
3206	5137615	396245
3207	5140821	614640
3208	5144028	603551
3209	5147236	430753
3210	5150445	992300
3211	5153655	746091
3212	5156866	703012
3213	5160078	629328
3214	5163291	915833
3215	5166505	833616
3216	5169720	996176
3217	5172936	609082
3218	5176153	576376
3219	5179371	1176343
3220	5182590	1351650
3221	5185810	1179051
3222	5189031	871003
3223	5192253	892678
3224	5195476	605122
3225	5198700	677779
3226	5201925	776466
3227	5205151	804708
3228	5208378	827914
3229	5211606	288503
3230	5214835	615175
3231	5218065	756394
3232	5221296	771642
3233	5224528	481543
3234	5227761	890985
3235	5230995	616062
3236	5234230	543368
3237	5237466	795892
3238	5240703	695050
3239	5243941	749147
3240	5247180	1004879
3241	5250420	755363
3242	5253661	392906
3243	5256903	836939
3244	5260146	662479
3245	5263390	82681
3246	5266635	174756
3247	5269881	70394
3248	5273128	528882
3249	5276376	1061615
3250	5279625	574413
3251	5282875	731471
3252	5286126	635259
3253	5289378	898811
3254	5292631	668734
3255	5295885	315029
3256	5299140	1016514
3257	5302396	572744
3258	5305653	233905
3259	5308911	1089994
3260	5312170	548611
3261	5315430	264453
3262	5318691	792998
3263	5321953	535024
3264	5325216	629412
3265	5328480	187150
3266	5331745	1004731
3267	5335011	839950
3268	5338278	1058882
3269	5341546	1002875
3270	5344815	1033575
3271	5348085	600556
3272	5351356	982787
3273	5354628	272224
3274	5357901	796462
3275	5361175	390125
3276	5364450	822601
3277	5367726	317168
3278	5371003	528683
3279	5374281	520585
3280	5377560	232834
3281	5380840	661510
3282	5384121	460206
3283	5387403	212292
3284	5390686	709628
3285	5393970	232481
3286	5397255	509556
3287	5400541	759134
3288	5403828	369747
3289	5407116	1127493
3290	5410405	703872
3291	5413695	535922
3292	5416986	228932
3293	5420278	1006047
3294	5423571	984813
3295	5426865	686023
3296	5430160	939226
3297	5433456	933250
3298	5436753	494190
3299	5440051	842038
3300	5443350	665704
3301	5446650	226027
3302	5449951	119015
3303	5453253	85193
3304	5456556	825822
3305	5459860	994775
3306	5463165	814100
3307	5466471	825080
3308	5469778	383668
3309	5473086	756455
3310	5476395	89991
3311	5479705	304706
3312	5483016	900651
3313	5486328	839517
3314	5489641	843414
3315	5492955	234855
3316	5496270	533949
3317	5499586	775928
3318	5502903	910720
3319	5506221	919828
3320	5509540	1024154
3321	5512860	930712
3322	5516181	1019115
3323	5519503	649441
3324	5522826	941659
3325	5526150	834958
3326	5529475	301798
3327	5532801	471526
3328	5536128	861256
3329	5539456	360546
3330	5542785	812931
3331	5546115	699307
3332	5549446	882906
3333	5552778	691052
3334	5556111	1038267
3335	5559445	624412
3336	5562780	973080
3337	5566116	683638
3338	5569453	844295
3339	5572791	477397
3340	5576130	179944
3341	5579470	231574
3342	5582811	159084
3343	5586153	369704
3344	5589496	156217
3345	5592840	967527
3346	5596185	932270
3347	5599531	1039310
3348	5602878	831877
3349	5606226	734598
3350	5609575	806153
3351	5612925	711405
3352	5616276	834492
3353	5619628	758095
3354	5622981	941606
3355	5626335	620062
3356	5629690	881912
3357	5633046	828423
3358	5636403	648297
3359	5639761	914775
3360	5643120	844760
3361	5646480	1108924
3362	5649841	1017751
3363	5653203	1003598
3364	5656566	832320
3365	5659930	864311
3366	5663295	671624
3367	5666661	412354
3368	5670028	953957
3369	5673396	580918
3370	5676765	232519
3371	5680135	278308
3372	5683506	450993
3373	5686878	877074
3374	5690251	789218
3375	5693625	899312
3376	5697000	743837
3377	5700376	822345
3378	5703753	1045557
3379	5707131	791837
3380	5710510	890092
3381	5713890	500631
3382	5717271	1032012
3383	5720653	788200
3384	5724036	935697
3385	5727420	554139
3386	5730805	1050900
3387	5734191	455096
3388	5737578	478699
3389	5740966	1088804
3390	5744355	352702
3391	5747745	981790
3392	5751136	803739
3393	5754528	758330
3394	5757921	961472
3395	5761315	761493
3396	5764710	831098
3397	5768106	187489
3398	5771503	1142348
3399	5774901	1185846
3400	5778300	1209401
3401	5781700	961673
3402	5785101	1454227
3403	5788503	989608
3404	5791906	1110739
3405	5795310	887430
3406	5798715	994603
3407	5802121	861386
3408	5805528	1026791
3409	5808936	592628
3410	5812345	959439
3411	5815755	765559
3412	5819166	450788
3413	5822578	1003886
3414	5825991	886007
3415	5829405	753983
3416	5832820	580430
3417	5836236	664122
3418	5839653	1050357
3419	5843071	663097
3420	5846490	747051
3421	5849910	777898
3422	5853331	908934
3423	5856753	487130
3424	5860176	707474
3425	5863600	860267
3426	5867025	956193
3427	5870451	714642
3428	5873878	863218
3429	5877306	1024612
3430	5880735	966521
3431	5884165	1003461
3432	5887596	1034576
3433	5891028	945976
3434	5894461	1080474
3435	5897895	585775
3436	5901330	1072696
3437	5904766	882003
3438	5908203	693091
3439	5911641	568396
3440	5915080	995982
3441	5918520	1018108
3442	5921961	1068883
3443	5925403	995527
3444	5928846	1124998
3445	5932290	765829
3446	5935735	1136097
3447	5939181	882760
3448	5942628	1377637
3449	5946076	2176905
3450	5949525	1374209
3451	5952975	1112246
3452	5956426	1089454
3453	5959878	1061915
3454	5963331	1116716
3455	5966785	1051018
3456	5970240	664496
3457	5973696	1080527
3458	5977153	1047066
3459	5980611	1269999
3460	5984070	1518793
3461	5987530	1551191
3462	5990991	818829
3463	5994453	876911
3464	5997916	1032723
3465	6001380	1279973
3466	6004845	1030119
3467	6008311	1279390
3468	6011778	827213
3469	6015246	741542
3470	6018715	684378
3471	6022185	639307
3472	6025656	704307
3473	6029128	1358953
3474	6032601	540775
3475	6036075	1380921
3476	6039550	1086037
3477	6043026	1095846
3478	6046503	1194161
3479	6049981	835495
3480	6053460	1154350
3481	6056940	1087948
3482	6060421	1117001
3483	6063903	1005075
3484	6067386	1806500
3485	6070870	1044822
3486	6074355	1075949
3487	6077841	1205945
3488	6081328	506148
3489	6084816	1401223
3490	6088305	760448
3491	6091795	826880
3492	6095286	984801
3493	6098778	810768
3494	6102271	1307076
3495	6105765	1068945
3496	6109260	865824
3497	6112756	1057586
3498	6116253	1858066
3499	6119751	1142908
3500	6123250	935707
3501	6126750	1075909
3502	6130251	826661
3503	6133753	654007
3504	6137256	996718
3505	6140760	939485
3506	6144265	751567
3507	6147771	1107225
3508	6151278	1025694
3509	6154786	1193250
3510	6158295	1029966
3511	6161805	1063088
3512	6165316	1254253
3513	6168828	1084370
3514	6172341	757218
3515	6175855	699967
3516	6179370	1030725
3517	6182886	1010818
3518	6186403	561033
3519	6189921	1196113
3520	6193440	1036223
3521	6196960	961786
3522	6200481	620585
3523	6204003	1113168
3524	6207526	1124592
3525	6211050	1162833
3526	6214575	1312475
3527	6218101	939246
3528	6221628	1913107
3529	6225156	1088449
3530	6228685	614781
3531	6232215	1079569
3532	6235746	1166549
3533	6239278	971420
3534	6242811	1072840
3535	6246345	1446915
3536	6249880	1060170
3537	6253416	825030
3538	6256953	1178840
3539	6260491	1170951
3540	6264030	1582540
3541	6267570	1279042
3542	6271111	1726421
3543	6274653	1175005
3544	6278196	926900
3545	6281740	1630031
3546	6285285	1195805
3547	6288831	1038623
3548	6292378	957288
3549	6295926	1402427
3550	6299475	977817
3551	6303025	938421
3552	6306576	2027863
3553	6310128	1090636
3554	6313681	953336
3555	6317235	1443681
3556	6320790	1041799
3557	6324346	854229
3558	6327903	1389945
3559	6331461	1107580
3560	6335020	1113455
3561	6338580	1057573
3562	6342141	1227497
3563	6345703	1135998
3564	6349266	1768589
3565	6352830	823657
3566	6356395	1946680
3567	6359961	1494662
3568	6363528	978857
3569	6367096	1678087
3570	6370665	1288342
3571	6374235	1145305
3572	6377806	1017657
3573	6381378	1211446
3574	6384951	1425214
3575	6388525	1124676
3576	6392100	1163441
3577	6395676	866922
3578	6399253	817220
3579	6402831	1097474
3580	6406410	1147059
3581	6409990	1089471
3582	6413571	2353952
3583	6417153	1134064
3584	6420736	1115519
3585	6424320	1158713
3586	6427905	1149099
3587	6431491	896248
3588	6435078	1213637
3589	6438666	910759
3590	6442255	1092543
3591	6445845	1080463
3592	6449436	1006660
3593	6453028	831261
3594	6456621	1148488
3595	6460215	1034140
3596	6463810	1855000
3597	6467406	1584715
3598	6471003	1428325
3599	6474601	1168911
3600	6478200	1193228
3601	6481800	1270421
3602	6485401	1035715
3603	6489003	1289280
3604	6492606	1238614
3605	6496210	1414565
3606	6499815	2052566
3607	6503421	1318199
3608	6507028	1232297
3609	6510636	1162247
3610	6514245	1291401
3611	6517855	1657545
3612	6521466	1703812
3613	6525078	1264312
3614	6528691	1133274
3615	6532305	1584654
3616	6535920	1499506
3617	6539536	1121601
3618	6543153	2334973
3619	6546771	1150533
3620	6550390	1246503
3621	6554010	1166179
3622	6557631	1152726
3623	6561253	1098081
3624	6564876	1491210
3625	6568500	1141879
3626	6572125	1405654
3627	6575751	1431119
3628	6579378	1161120
3629	6583006	1578214
3630	6586635	1547647
3631	6590265	1387037
3632	6593896	1336447
3633	6597528	1203787
3634	6601161	1241313
3635	6604795	1255337
3636	6608430	1952148
3637	6612066	1283978
3638	6615703	1331403
3639	6619341	2023812
3640	6622980	1129947
3641	6626620	1294476
3642	6630261	1370764
3643	6633903	1128034
3644	6637546	994343
3645	6641190	1641737
3646	6644835	1288897
3647	6648481	1779719
3648	6652128	2379900
3649	6655776	1413184
3650	6659425	2215023
3651	6663075	1279247
3652	6666726	1134258
3653	6670378	1246816
3654	6674031	1992207
3655	6677685	1156209
3656	6681340	1190937
3657	6684996	1201144
3658	6688653	1291761
3659	6692311	1805976
3660	6695970	1331371
3661	6699630	1162390
3662	6703291	1022182
3663	6706953	1522399
3664	6710616	1069452
3665	6714280	1165380
3666	6717945	1291046
3667	6721611	2560241
3668	6725278	981845
3669	6728946	1794108
3670	6732615	1311131
3671	6736285	1781064
3672	6739956	1123290
3673	6743628	2095579
3674	6747301	1359796
3675	6750975	808253
3676	6754650	1954083
3677	6758326	1202457
3678	6762003	1515050
3679	6765681	1180191
3680	6769360	1109050
3681	6773040	1001092
3682	6776721	952743
3683	6780403	2384372
3684	6784086	1214454
3685	6787770	1299600
3686	6791455	1253331
3687	6795141	1272807
3688	6798828	1490866
3689	6802516	1338662
3690	6806205	1219866
3691	6809895	1761545
3692	6813586	1856029
3693	6817278	1686456
3694	6820971	1234977
3695	6824665	1172626
3696	6828360	922822
3697	6832056	516878
3698	6835753	1473133
3699	6839451	1286852
3700	6843150	2015162
3701	6846850	1207090
3702	6850551	1104217
3703	6854253	1002468
3704	6857956	1052909
3705	6861660	1473117
3706	6865365	1077188
3707	6869071	1230133
3708	6872778	966318
3709	6876486	1800954
3710	6880195	2329370
3711	6883905	1097018
3712	6887616	1564341
3713	6891328	1514172
3714	6895041	2460251
3715	6898755	1146469
3716	6902470	1733310
3717	6906186	2361489
3718	6909903	1419627
3719	6913621	1185206
3720	6917340	1278791
3721	6921060	1514474
3722	6924781	1671968
3723	6928503	2600882
3724	6932226	1436880
3725	6935950	1546379
3726	6939675	1355604
3727	6943401	1310287
3728	6947128	1356126
3729	6950856	998415
3730	6954585	1013382
3731	6958315	1275720
3732	6962046	1501802
3733	6965778	1182601
3734	6969511	1467043
3735	6973245	1696954
3736	6976980	1482073
3737	6980716	1005038
3738	6984453	1396167
3739	6988191	1387462
3740	6991930	1229763
3741	6995670	1509054
3742	6999411	1387820
3743	7003153	790192
3744	7006896	1568214
3745	7010640	1018686
3746	7014385	1038753
3747	7018131	914381
3748	7021878	1317523
3749	7025626	1289148
3750	7029375	955789
3751	7033125	1367475
3752	7036876	1254948
3753	7040628	1058730
3754	7044381	929914
3755	7048135	1192686
3756	7051890	1459138
3757	7055646	1181883
3758	7059403	1542257
3759	7063161	1621924
3760	7066920	2989789
3761	7070680	1135547
3762	7074441	1719914
3763	7078203	1342862
3764	7081966	2452646
3765	7085730	1527189
3766	7089495	2545751
3767	7093261	1332569
3768	7097028	1006523
3769	7100796	1569724
3770	7104565	2723522
3771	7108335	1263206
3772	7112106	1376223
3773	7115878	1404390
3774	7119651	1151244
3775	7123425	1252558
3776	7127200	2026947
3777	7130976	1357753
3778	7134753	2540501
3779	7138531	1223673
3780	7142310	1094267
3781	7146090	1675429
3782	7149871	1567261
3783	7153653	1297551
3784	7157436	1429443
3785	7161220	1554860
3786	7165005	1275138
3787	7168791	1608088
3788	7172578	1905778
3789	7176366	1171473
3790	7180155	1556593
3791	7183945	905403
3792	7187736	1090591
3793	7191528	1158782
3794	7195321	1986018
3795	7199115	2390907
3796	7202910	2722303
3797	7206706	1246684
3798	7210503	1432051
3799	7214301	2128197
3800	7218100	2627488
3801	7221900	1711745
3802	7225701	1408957
3803	7229503	2600192
3804	7233306	1651241
3805	7237110	1374318
3806	7240915	2885768
3807	7244721	1449364
3808	7248528	1370042
3809	7252336	2271378
3810	7256145	1485012
3811	7259955	1276859
3812	7263766	1441408
3813	7267578	2051375
3814	7271391	2347176
3815	7275205	1284397
3816	7279020	1178941
3817	7282836	1518039
3818	7286653	1429369
3819	7290471	1511704
3820	7294290	2411558
3821	7298110	1347472
3822	7301931	1760930
3823	7305753	2656736
3824	7309576	1330475
3825	7313400	2517915
3826	7317225	1453723
3827	7321051	1760879
3828	7324878	2690060
3829	7328706	1236614
3830	7332535	2759137
3831	7336365	1342186
3832	7340196	1088814
3833	7344028	1030721
3834	7347861	1447401
3835	7351695	2467960
3836	7355530	2560319
3837	7359366	1792382
3838	7363203	2657364
3839	7367041	1360450
3840	7370880	2139324
3841	7374720	3124412
3842	7378561	2733243
3843	7382403	1089327
3844	7386246	1233371
3845	7390090	1448726
3846	7393935	1394178
3847	7397781	1359089
3848	7401628	1499435
3849	7405476	1348638
3850	7409325	2169028
3851	7413175	1321371
3852	7417026	1294571
3853	7420878	1940608
3854	7424731	1477592
3855	7428585	1228488
3856	7432440	1387075
3857	7436296	1681488
3858	7440153	1285367
3859	7444011	1529136
3860	7447870	1142357
3861	7451730	1857506
3862	7455591	1892153
3863	7459453	1353278
3864	7463316	2682731
3865	7467180	1659256
3866	7471045	2578373
3867	7474911	1567595
3868	7478778	1744445
3869	7482646	1165758
3870	7486515	1233043
3871	7490385	927246
3872	7494256	1352279
3873	7498128	1257652
3874	7502001	1479087
3875	7505875	1441892
3876	7509750	2072866
3877	7513626	1619747
3878	7517503	1411622
3879	7521381	2702522
3880	7525260	1524505
3881	7529140	1345751
3882	7533021	1580414
3883	7536903	1203509
3884	7540786	1416252
3885	7544670	1997902
3886	7548555	1506090
3887	7552441	1463580
3888	7556328	1356975
3889	7560216	1257062
3890	7564105	1403507
3891	7567995	2300317
3892	7571886	3017454
3893	7575778	1578758
3894	7579671	2798987
3895	7583565	3299534
3896	7587460	1539180
3897	7591356	2048534
3898	7595253	1297646
3899	7599151	1986813
3900	7603050	1633990
3901	7606950	2260002
3902	7610851	1411290
3903	7614753	1390311
3904	7618656	1570101
3905	7622560	1239135
3906	7626465	1420025
3907	7630371	1388080
3908	7634278	1671288
3909	7638186	1437247
3910	7642095	2035285
3911	7646005	2443733
3912	7649916	1379829
3913	7653828	1371914
3914	7657741	3004065
3915	7661655	1562854
3916	7665570	1394044
3917	7669486	1405591
3918	7673403	1481594
3919	7677321	1223486
3920	7681240	1618760
3921	7685160	1737792
3922	7689081	2246051
3923	7693003	1815646
3924	7696926	2277937
3925	7700850	1432996
3926	7704775	2892935
3927	7708701	1691073
3928	7712628	2117379
3929	7716556	1301190
3930	7720485	1171222
3931	7724415	1554563
3932	7728346	1011805
3933	7732278	1664546
3934	7736211	1346501
3935	7740145	1396928
3936	7744080	2038306
3937	7748016	1222292
3938	7751953	1224117
3939	7755891	1802789
3940	7759830	1162232
3941	7763770	2461712
3942	7767711	1704341
3943	7771653	1221904
3944	7775596	1664435
3945	7779540	1375000
3946	7783485	2819164
3947	7787431	1509831
3948	7791378	1290124
3949	7795326	2453606
3950	7799275	3158376
3951	7803225	1763732
3952	7807176	1397216
3953	7811128	2787301
3954	7815081	2324183
3955	7819035	992323
3956	7822990	1954906
3957	7826946	1313033
3958	7830903	1372349
3959	7834861	2082874
3960	7838820	1425741
3961	7842780	2083437
3962	7846741	1295135
3963	7850703	1272611
3964	7854666	1500916
3965	7858630	2127893
3966	7862595	1544249
3967	7866561	2357551
3968	7870528	1627617
3969	7874496	1383199
3970	7878465	2506138
3971	7882435	1355645
3972	7886406	1196854
3973	7890378	1096629
3974	7894351	1177138
3975	7898325	1978238
3976	7902300	1501870
3977	7906276	1399195
3978	7910253	3068142
3979	7914231	1602410
3980	7918210	2682993
3981	7922190	1848887
3982	7926171	1284882
3983	7930153	1466189
3984	7934136	1595221
3985	7938120	1397941
3986	7942105	1559133
3987	7946091	2433758
3988	7950078	1436931
3989	7954066	1474556
3990	7958055	1756927
3991	7962045	1259047
3992	7966036	2752087
3993	7970028	1354658
3994	7974021	1252795
3995	7978015	1596772
3996	7982010	2992555
3997	7986006	2553716
3998	7990003	1497192
3999	7994001	1236422
4000	7998000	1384551
4001	8002000	1272070
4002	8006001	2869148
4003	8010003	3212317
4004	8014006	2068282
4005	8018010	1516853
4006	8022015	1977235
4007	8026021	1479772
4008	8030028	1387384
4009	8034036	2324576
4010	8038045	1278768
4011	8042055	2312920
4012	8046066	1725084
4013	8050078	2734426
4014	8054091	1412938
4015	8058105	1663755
4016	8062120	3216001
4017	8066136	1600381
4018	8070153	1335585
4019	8074171	1505896
4020	8078190	1593861
4021	8082210	1942864
4022	8086231	1402251
4023	8090253	2204057
4024	8094276	1296123
4025	8098300	2160891
4026	8102325	2145306
4027	8106351	1149118
4028	8110378	1326234
4029	8114406	1582802
4030	8118435	1742221
4031	8122465	1546687
4032	8126496	2457353
4033	8130528	1319858
4034	8134561	1107068
4035	8138595	2004774
4036	8142630	3549354
4037	8146666	1576159
4038	8150703	1444067
4039	8154741	1912642
4040	8158780	1334340
4041	8162820	1846625
4042	8166861	1401292
4043	8170903	1238819
4044	8174946	3057269
4045	8178990	2320112
4046	8183035	1611875
4047	8187081	1374264
4048	8191128	1436331
4049	8195176	1279049
4050	8199225	1903329
4051	8203275	1662345
4052	8207326	2335823
4053	8211378	1644496
4054	8215431	2495165
4055	8219485	3626440
4056	8223540	1555752
4057	8227596	1496739
4058	8231653	1282781
4059	8235711	1482614
4060	8239770	1979703
4061	8243830	3194314
4062	8247891	1398850
4063	8251953	1502720
4064	8256016	1703659
4065	8260080	2027320
4066	8264145	1563765
4067	8268211	1514289
4068	8272278	1770902
4069	8276346	1937940
4070	8280415	1353175
4071	8284485	2653757
4072	8288556	1355225
4073	8292628	1464437
4074	8296701	2055589
4075	8300775	1481232
4076	8304850	1585023
4077	8308926	2663807
4078	8313003	3192874
4079	8317081	2892656
4080	8321160	1766258
4081	8325240	1353324
4082	8329321	2399101
4083	8333403	1760736
4084	8337486	1797104
4085	8341570	2715046
4086	8345655	2254013
4087	8349741	2131314
4088	8353828	2554506
4089	8357916	1324893
4090	8362005	1273339
4091	8366095	2527806
4092	8370186	1540900
4093	8374278	1438467
4094	8378371	1567795
4095	8382465	1631063
4096	8386560	3100878
4097	8390656	4362786
4098	8394753	1686078
4099	8398851	3992238
4100	8402950	1813395
4101	8407050	2182424
4102	8411151	2777286
4103	8415253	3267432
4104	8419356	2299581
4105	8423460	2360388
4106	8427565	3838570
4107	8431671	1921611
4108	8435778	3432383
4109	8439886	1671455
4110	8443995	1949908
4111	8448105	1885399
4112	8452216	2041414
4113	8456328	2276557
4114	8460441	3877423
4115	8464555	3905225
4116	8468670	1527966
4117	8472786	3758524
4118	8476903	1638611
4119	8481021	3456094
4120	8485140	1839504
4121	8489260	2232129
4122	8493381	1563425
4123	8497503	2247797
4124	8501626	3022681
4125	8505750	1728914
4126	8509875	4044178
4127	8514001	1703724
4128	8518128	3559568
4129	8522256	1684032
4130	8526385	1672933
4131	8530515	4035040
4132	8534646	1503665
4133	8538778	1577466
4134	8542911	2681540
4135	8547045	1697020
4136	8551180	1638109
4137	8555316	3256394
4138	8559453	3965854
4139	8563591	1844894
4140	8567730	2090728
4141	8571870	2210054
4142	8576011	1857825
4143	8580153	2957172
4144	8584296	1803217
4145	8588440	2347313
4146	8592585	1899389
4147	8596731	1956012
4148	8600878	1945169
4149	8605026	2227812
4150	8609175	2337744
4151	8613325	2199548
4152	8617476	1988789
4153	8621628	3749197
4154	8625781	1771873
4155	8629935	1354397
4156	8634090	2209531
4157	8638246	1867020
4158	8642403	3264176
4159	8646561	1949546
4160	8650720	2052763
4161	8654880	1743067
4162	8659041	3285883
4163	8663203	1689514
4164	8667366	1926327
4165	8671530	2232092
4166	8675695	1802094
4167	8679861	3948447
4168	8684028	1953297
4169	8688196	2982875
4170	8692365	1952154
4171	8696535	2123468
4172	8700706	4433478
4173	8704878	1841968
4174	8709051	2382339
4175	8713225	2459320
4176	8717400	1950999
4177	8721576	1635341
4178	8725753	1732512
4179	8729931	2382209
4180	8734110	2004613
4181	8738290	3554444
4182	8742471	3472620
4183	8746653	1709732
4184	8750836	4256749
4185	8755020	2226196
4186	8759205	2077323
4187	8763391	2923277
4188	8767578	4023591
4189	8771766	3883119
4190	8775955	2587915
4191	8780145	3245150
4192	8784336	1833427
4193	8788528	3439072
4194	8792721	3429719
4195	8796915	2487923
4196	8801110	3498688
4197	8805306	3463832
4198	8809503	1675931
4199	8813701	2049674
4200	8817900	3985275
4201	8822100	3658235
4202	8826301	1812441
4203	8830503	3838471
4204	8834706	1952092
4205	8838910	1884862
4206	8843115	2266074
4207	8847321	1331255
4208	8851528	1664575
4209	8855736	3343465
4210	8859945	1922310
4211	8864155	2199984
4212	8868366	1868227
4213	8872578	2000605
4214	8876791	2330002
4215	8881005	4506562
4216	8885220	1879536
4217	8889436	1677098
4218	8893653	2505349
4219	8897871	2055217
4220	8902090	1741870
4221	8906310	1989881
4222	8910531	1875019
4223	8914753	4531096
4224	8918976	2438811
4225	8923200	3820845
4226	8927425	1715172
4227	8931651	3669046
4228	8935878	2645198
4229	8940106	2070130
4230	8944335	4006372
4231	8948565	1623133
4232	8952796	2674235
4233	8957028	1989113
4234	8961261	3576065
4235	8965495	3936528
4236	8969730	1871519
4237	8973966	2174802
4238	8978203	2223023
4239	8982441	2067583
4240	8986680	4088417
4241	8990920	2646526
4242	8995161	3831690
4243	8999403	4338197
4244	9003646	1811783
4245	9007890	1868326
4246	9012135	1932824
4247	9016381	3593473
4248	9020628	2518213
4249	9024876	2104062
4250	9029125	1941574
4251	9033375	2125890
4252	9037626	3482517
4253	9041878	1972750
4254	9046131	1388823
4255	9050385	1607750
4256	9054640	3368946
4257	9058896	3597358
4258	9063153	1719729
4259	9067411	3631671
4260	9071670	1854395
4261	9075930	1949372
4262	9080191	3748102
4263	9084453	1925253
4264	9088716	1719122
4265	9092980	1629497
4266	9097245	1400454
4267	9101511	3638454
4268	9105778	3791061
4269	9110046	2557603
4270	9114315	1829706
4271	9118585	3698120
4272	9122856	2041865
4273	9127128	2158397
4274	9131401	1928756
4275	9135675	2387934
4276	9139950	2320944
4277	9144226	2695443
4278	9148503	3183400
4279	9152781	2558905
4280	9157060	3304065
4281	9161340	3187259
4282	9165621	1694323
4283	9169903	1676018
4284	9174186	2787873
4285	9178470	2928173
4286	9182755	2734584
4287	9187041	1988303
4288	9191328	3813636
4289	9195616	3767453
4290	9199905	2505378
4291	9204195	3841297
4292	9208486	4207145
4293	9212778	2073203
4294	9217071	3416342
4295	9221365	4263253
4296	9225660	3135386
4297	9229956	2010685
4298	9234253	2771549
4299	9238551	2740977
4300	9242850	1977258
4301	9247150	4321208
4302	9251451	2129289
4303	9255753	2257649
4304	9260056	2980457
4305	9264360	1694220
4306	9268665	2498746
4307	9272971	2462872
4308	9277278	2252705
4309	9281586	3862968
4310	9285895	2244338
4311	9290205	1981088
4312	9294516	4135945
4313	9298828	2224627
4314	9303141	4253909
4315	9307455	1878199
4316	9311770	2828036
4317	9316086	1588364
4318	9320403	2161678
4319	9324721	1983853
4320	9329040	1784685
4321	9333360	3784760
4322	9337681	2516498
4323	9342003	3565921
4324	9346326	1980932
4325	9350650	1832018
4326	9354975	4123246
4327	9359301	1995711
4328	9363628	2434784
4329	9367956	3304885
4330	9372285	1614591
4331	9376615	3023736
4332	9380946	1677061
4333	9385278	2354806
4334	9389611	3364840
4335	9393945	2352278
4336	9398280	2534992
4337	9402616	4238203
4338	9406953	1900216
4339	9411291	3742898
4340	9415630	3576466
4341	9419970	1783506
4342	9424311	1672339
4343	9428653	1365251
4344	9432996	1452822
4345	9437340	2507125
4346	9441685	3194223
4347	9446031	1746080
4348	9450378	2213882
4349	9454726	4530051
4350	9459075	1979375
4351	9463425	3957603
4352	9467776	4265764
4353	9472128	2088919
4354	9476481	2064795
4355	9480835	2514826
4356	9485190	2206615
4357	9489546	2300738
4358	9493903	3885590
4359	9498261	2026129
4360	9502620	1852299
4361	9506980	1862678
4362	9511341	3455375
4363	9515703	2301342
4364	9520066	3929343
4365	9524430	2853423
4366	9528795	2285548
4367	9533161	1950134
4368	9537528	2735773
4369	9541896	3429815
4370	9546265	1831601
4371	9550635	2313054
4372	9555006	3255631
4373	9559378	5805275
4374	9563751	2156940
4375	9568125	1973924
4376	9572500	2529484
4377	9576876	1715427
4378	9581253	2475257
4379	9585631	2180254
4380	9590010	3316390
4381	9594390	3292595
4382	9598771	2043780
4383	9603153	2237231
4384	9607536	2212657
4385	9611920	2269916
4386	9616305	2133608
4387	9620691	2553893
4388	9625078	3341008
4389	9629466	1967280
4390	9633855	2859131
4391	9638245	4176050
4392	9642636	2075875
4393	9647028	4359647
4394	9651421	3589832
4395	9655815	2212651
4396	9660210	2332115
4397	9664606	1931389
4398	9669003	2274722
4399	9673401	3196114
4400	9677800	1531436
4401	9682200	3913863
4402	9686601	2142612
4403	9691003	2800257
4404	9695406	4526972
4405	9699810	2306815
4406	9704215	2169289
4407	9708621	3675866
4408	9713028	2145811
4409	9717436	2293619
4410	9721845	2740205
4411	9726255	2122138
4412	9730666	2797117
4413	9735078	2062479
4414	9739491	3557859
4415	9743905	2479716
4416	9748320	2149976
4417	9752736	3421569
4418	9757153	2186206
4419	9761571	2068352
4420	9765990	2222255
4421	9770410	2180647
4422	9774831	1926723
4423	9779253	2226934
4424	9783676	3225404
4425	9788100	1519572
4426	9792525	4058778
4427	9796951	1971171
4428	9801378	2282854
4429	9805806	2458217
4430	9810235	2313284
4431	9814665	2734650
4432	9819096	1692468
4433	9823528	3189940
4434	9827961	1980925
4435	9832395	1678215
4436	9836830	1851944
4437	9841266	2389832
4438	9845703	1701699
4439	9850141	2321152
4440	9854580	2500922
4441	9859020	2085033
4442	9863461	3135027
4443	9867903	3703848
4444	9872346	4639652
4445	9876790	3228964
4446	9881235	3391131
4447	9885681	2461645
4448	9890128	2124275
4449	9894576	4238359
4450	9899025	2060189
4451	9903475	2115439
4452	9907926	2723717
4453	9912378	1828709
4454	9916831	2405928
4455	9921285	1819829
4456	9925740	1727090
4457	9930196	2024841
4458	9934653	4628329
4459	9939111	4394034
4460	9943570	2942200
4461	9948030	2826339
4462	9952491	2241933
4463	9956953	2630064
4464	9961416	2087285
4465	9965880	3860209
4466	9970345	2268521
4467	9974811	1951520
4468	9979278	2341611
4469	9983746	2998086
4470	9988215	1891479
4471	9992685	2226593
4472	9997156	2635142
4473	10001628	2865107
4474	10006101	1743643
4475	10010575	2319219
4476	10015050	2234158
4477	10019526	3817185
4478	10024003	2094177
4479	10028481	2037996
4480	10032960	2193284
4481	10037440	2381094
4482	10041921	1965785
4483	10046403	1717192
4484	10050886	2123575
4485	10055370	2067636
4486	10059855	1449898
4487	10064341	1989439
4488	10068828	1601748
4489	10073316	2299005
4490	10077805	2425055
4491	10082295	2045621
4492	10086786	2033639
4493	10091278	2489464
4494	10095771	1952815
4495	10100265	4462550
4496	10104760	2611688
4497	10109256	3029705
4498	10113753	2437252
4499	10118251	2966208
4500	10122750	2083244
4501	10127250	3535479
4502	10131751	1875980
4503	10136253	2373281
4504	10140756	2779167
4505	10145260	4302958
4506	10149765	4801830
4507	10154271	1718299
4508	10158778	2960085
4509	10163286	2794674
4510	10167795	2361344
4511	10172305	4146345
4512	10176816	2057337
4513	10181328	3289875
4514	10185841	4218386
4515	10190355	4823539
4516	10194870	2352810
4517	10199386	2445242
4518	10203903	2277235
4519	10208421	1723225
4520	10212940	2064518
4521	10217460	2397424
4522	10221981	1544590
4523	10226503	2339016
4524	10231026	2123048
4525	10235550	2278299
4526	10240075	2378081
4527	10244601	2721828
4528	10249128	2315312
4529	10253656	5082187
4530	10258185	2908884
4531	10262715	4003878
4532	10267246	4390543
4533	10271778	3853559
4534	10276311	1946431
4535	10280845	2897890
4536	10285380	5198066
4537	10289916	2278537
4538	10294453	2936313
4539	10298991	2316860
4540	10303530	2409262
4541	10308070	3897313
4542	10312611	2889387
4543	10317153	2855407
4544	10321696	2893423
4545	10326240	2196974
4546	10330785	2031069
4547	10335331	2222663
4548	10339878	2490063
4549	10344426	2618906
4550	10348975	2103747
4551	10353525	2831767
4552	10358076	1603262
4553	10362628	1426739
4554	10367181	4390885
4555	10371735	2026009
4556	10376290	1673018
4557	10380846	2895994
4558	10385403	4599011
4559	10389961	2325963
4560	10394520	3427906
4561	10399080	2220832
4562	10403641	2677234
4563	10408203	2064559
4564	10412766	2051562
4565	10417330	1778100
4566	10421895	3413670
4567	10426461	4163285
4568	10431028	2541621
4569	10435596	2259589
4570	10440165	3775991
4571	10444735	2904998
4572	10449306	2347814
4573	10453878	1878215
4574	10458451	1532693
4575	10463025	1522475
4576	10467600	2348842
4577	10472176	3940592
4578	10476753	2297070
4579	10481331	2684247
4580	10485910	2125048
4581	10490490	2346332
4582	10495071	2386158
4583	10499653	5049258
4584	10504236	2142068
4585	10508820	1546590
4586	10513405	2631145
4587	10517991	2070956
4588	10522578	1712527
4589	10527166	1624465
4590	10531755	4013927
4591	10536345	2506896
4592	10540936	2239153
4593	10545528	3551668
4594	10550121	3633470
4595	10554715	2901414
4596	10559310	2146138
4597	10563906	2697635
4598	10568503	2646767
4599	10573101	2760900
4600	10577700	2749977
4601	10582300	4817257
4602	10586901	4794137
4603	10591503	2272273
4604	10596106	2181800
4605	10600710	3127850
4606	10605315	3449069
4607	10609921	5389078
4608	10614528	2348607
4609	10619136	3404844
4610	10623745	2009484
4611	10628355	3013954
4612	10632966	2356244
4613	10637578	4395766
4614	10642191	2179856
4615	10646805	1953315
4616	10651420	2264236
4617	10656036	4347252
4618	10660653	2085221
4619	10665271	2124676
4620	10669890	2275692
4621	10674510	2316718
4622	10679131	3157960
4623	10683753	1704163
4624	10688376	4120352
4625	10693000	2683647
4626	10697625	4189418
4627	10702251	2052351
4628	10706878	3017013
4629	10711506	4181376
4630	10716135	5352111
4631	10720765	2046944
4632	10725396	4129730
4633	10730028	4207881
4634	10734661	3805359
4635	10739295	1941454
4636	10743930	1861455
4637	10748566	3219291
4638	10753203	2138396
4639	10757841	3691352
4640	10762480	1958892
4641	10767120	2047800
4642	10771761	2969512
4643	10776403	2333889
4644	10781046	1985984
4645	10785690	1586321
4646	10790335	1544488
4647	10794981	2822915
4648	10799628	3650390
4649	10804276	5361912
4650	10808925	2347918
4651	10813575	4589523
4652	10818226	2601299
4653	10822878	2516102
4654	10827531	2033763
4655	10832185	2492265
4656	10836840	2560337
4657	10841496	2367618
4658	10846153	2464137
4659	10850811	2027893
4660	10855470	3854684
4661	10860130	2494126
4662	10864791	4816413
4663	10869453	5129601
4664	10874116	3322078
4665	10878780	2254075
4666	10883445	4363728
4667	10888111	2075628
4668	10892778	3749729
4669	10897446	2649056
4670	10902115	2285576
4671	10906785	2946921
4672	10911456	3552453
4673	10916128	2656167
4674	10920801	2548017
4675	10925475	5273520
4676	10930150	2436554
4677	10934826	2850753
4678	10939503	7083595
4679	10944181	3210662
4680	10948860	4841246
4681	10953540	2058060
4682	10958221	2015566
4683	10962903	4769608
4684	10967586	2814519
4685	10972270	5310784
4686	10976955	2184940
4687	10981641	3323077
4688	10986328	4694489
4689	10991016	4572530
4690	10995705	4464952
4691	11000395	4237993
4692	11005086	2474003
4693	11009778	3600241
4694	11014471	3503796
4695	11019165	3074550
4696	11023860	2376372
4697	11028556	2371715
4698	11033253	4284456
4699	11037951	1910001
4700	11042650	1831503
4701	11047350	4506152
4702	11052051	2054063
4703	11056753	1589200
4704	11061456	4402287
4705	11066160	2173234
4706	11070865	2987960
4707	11075571	2433771
4708	11080278	2554078
4709	11084986	4319284
4710	11089695	2788987
4711	11094405	2430496
4712	11099116	6076673
4713	11103828	2235138
4714	11108541	4745052
4715	11113255	2561975
4716	11117970	5329671
4717	11122686	2157609
4718	11127403	2398830
4719	11132121	2912266
4720	11136840	2410978
4721	11141560	2611394
4722	11146281	2596140
4723	11151003	2522538
4724	11155726	4075766
4725	11160450	2513658
4726	11165175	2650431
4727	11169901	4033824
4728	11174628	3765385
4729	11179356	2268451
4730	11184085	4287552
4731	11188815	2426843
4732	11193546	4891595
4733	11198278	2268258
4734	11203011	2104597
4735	11207745	3110765
4736	11212480	2493463
4737	11217216	4697121
4738	11221953	2740444
4739	11226691	3283172
4740	11231430	2130524
4741	11236170	2535314
4742	11240911	1639381
4743	11245653	1543845
4744	11250396	2005514
4745	11255140	4118467
4746	11259885	2436218
4747	11264631	2797777
4748	11269378	2661562
4749	11274126	4976481
4750	11278875	2785665
4751	11283625	2662416
4752	11288376	2273177
4753	11293128	2385246
4754	11297881	3600823
4755	11302635	4042325
4756	11307390	5142340
4757	11312146	2350900
4758	11316903	5687441
4759	11321661	2839356
4760	11326420	4957030
4761	11331180	4833061
4762	11335941	3812934
4763	11340703	1994307
4764	11345466	4465921
4765	11350230	2403047
4766	11354995	4994718
4767	11359761	2447862
4768	11364528	4958672
4769	11369296	2816380
4770	11374065	3721376
4771	11378835	5116307
4772	11383606	2521863
4773	11388378	2735699
4774	11393151	2340111
4775	11397925	3241588
4776	11402700	2579874
4777	11407476	2957825
4778	11412253	2794016
4779	11417031	2597295
4780	11421810	5114539
4781	11426590	2979561
4782	11431371	4832422
4783	11436153	2343195
4784	11440936	4732253
4785	11445720	2425989
4786	11450505	2454530
4787	11455291	2658264
4788	11460078	3098975
4789	11464866	2309023
4790	11469655	4501303
4791	11474445	2658413
4792	11479236	4707713
4793	11484028	2953344
4794	11488821	2330259
4795	11493615	5051767
4796	11498410	2760106
4797	11503206	2907615
4798	11508003	2302641
4799	11512801	2773876
4800	11517600	2464432
4801	11522400	2288485
4802	11527201	1910590
4803	11532003	2846669
4804	11536806	2308531
4805	11541610	3982756
4806	11546415	4691422
4807	11551221	4466900
4808	11556028	2235356
4809	11560836	3079280
4810	11565645	2767830
4811	11570455	2245985
4812	11575266	1638109
4813	11580078	3210648
4814	11584891	3211986
4815	11589705	2724850
4816	11594520	2814265
4817	11599336	4673006
4818	11604153	2334064
4819	11608971	4329661
4820	11613790	2547852
4821	11618610	2961095
4822	11623431	2752673
4823	11628253	3055092
4824	11633076	2279196
4825	11637900	4403707
4826	11642725	2483364
4827	11647551	2429787
4828	11652378	2549816
4829	11657206	3303065
4830	11662035	3386269
4831	11666865	2599445
4832	11671696	4975598
4833	11676528	3431036
4834	11681361	3157117
4835	11686195	2275434
4836	11691030	3576404
4837	11695866	2105606
4838	11700703	4120115
4839	11705541	2694782
4840	11710380	2885848
4841	11715220	4280506
4842	11720061	4380633
4843	11724903	2140213
4844	11729746	3118515
4845	11734590	5970794
4846	11739435	2483301
4847	11744281	2790987
4848	11749128	2478224
4849	11753976	2540072
4850	11758825	5095391
4851	11763675	2253549
4852	11768526	2288663
4853	11773378	2679133
4854	11778231	3253978
4855	11783085	2694085
4856	11787940	2813724
4857	11792796	2651258
4858	11797653	2467681
4859	11802511	5140733
4860	11807370	3502627
4861	11812230	2571220
4862	11817091	5945522
4863	11821953	3523571
4864	11826816	6570803
4865	11831680	2286943
4866	11836545	3217008
4867	11841411	3187216
4868	11846278	2429916
4869	11851146	3610094
4870	11856015	3097774
4871	11860885	2193756
4872	11865756	2055796
4873	11870628	4799788
4874	11875501	3671193
4875	11880375	5847581
4876	11885250	3190528
4877	11890126	5148761
4878	11895003	4543247
4879	11899881	3098352
4880	11904760	3296006
4881	11909640	6998368
4882	11914521	6743342
4883	11919403	5413477
4884	11924286	4933843
4885	11929170	4536845
4886	11934055	3739027
4887	11938941	7358608
4888	11943828	4063519
4889	11948716	4953810
4890	11953605	2572301
4891	11958495	2883961
4892	11963386	2575596
4893	11968278	3880953
4894	11973171	2234287
4895	11978065	1942798
4896	11982960	1823845
4897	11987856	3345659
4898	11992753	3594495
4899	11997651	2591942
4900	12002550	4082044
4901	12007450	2619958
4902	12012351	2856935
4903	12017253	2478635
4904	12022156	5333453
4905	12027060	2483885
4906	12031965	3582991
4907	12036871	3840102
4908	12041778	2458196
4909	12046686	2569015
4910	12051595	2796464
4911	12056505	5346786
4912	12061416	3136443
4913	12066328	2315769
4914	12071241	2853400
4915	12076155	2775676
4916	12081070	6945448
4917	12085986	3587748
4918	12090903	28434201
4919	12095821	21375331
4920	12100740	18300444
4921	12105660	5457105
4922	12110581	14565425
4923	12115503	5965454
