100	4950	21
101	5050	25
102	5151	35
103	5253	19
104	5356	20
105	5460	19
106	5565	20
107	5671	19
108	5778	21
109	5886	19
110	5995	21
111	6105	20
112	6216	19
113	6328	19
114	6441	20
115	6555	21
116	6670	21
117	6786	21
118	6903	21
119	7021	21
120	7140	19
121	7260	24
122	7381	23
123	7503	19
124	7626	20
125	7750	23
126	7875	21
127	8001	21
128	8128	21
129	8256	20
130	8385	21
131	8515	29
132	8646	21
133	8778	21
134	8911	20
135	9045	20
136	9180	21
137	9316	22
138	9453	24
139	9591	28
140	9730	30
141	9870	22
142	10011	23
143	10153	22
144	10296	20
145	10440	21
146	10585	22
147	10731	22
148	10878	22
149	11026	20
150	11175	20
151	11325	50
152	11476	22
153	11628	22
154	11781	24
155	11935	20
156	12090	22
157	12246	27
158	12403	20
159	12561	22
160	12720	20
161	12880	22
162	13041	23
163	13203	22
164	13366	24
165	13530	21
166	13695	23
167	13861	23
168	14028	23
169	14196	23
170	14365	22
171	14535	22
172	14706	24
173	14878	23
174	15051	22
175	15225	23
176	15400	23
177	15576	425
178	15753	26
179	15931	21
180	16110	23
181	16290	129
182	16471	23
183	16653	20
184	16836	26
185	17020	23
186	17205	23
187	17391	23
188	17578	23
189	17766	33
190	17955	21
191	18145	21
192	18336	24
193	18528	24
194	18721	22
195	18915	24
196	19110	27
197	19306	21
198	19503	21
199	19701	21
200	19900	20
201	20100	21
202	20301	22
203	20503	21
204	20706	21
205	20910	21
206	21115	23
207	21321	24
208	21528	24
209	21736	24
210	21945	24
211	22155	24
212	22366	22
213	22578	21
214	22791	22
215	23005	21
216	23220	22
217	23436	25
218	23653	21
219	23871	24
220	24090	24
221	24310	23
222	24531	25
223	24753	24
224	24976	25
225	25200	24
226	25425	156
227	25651	24
228	25878	25
229	26106	24
230	26335	24
231	26565	25
232	26796	60
233	27028	24
234	27261	25
235	27495	25
236	27730	22
237	27966	25
238	28203	24
239	28441	25
240	28680	22
241	28920	25
242	29161	27
243	29403	25
244	29646	25
245	29890	22
246	30135	66
247	30381	24
248	30628	22
249	30876	25
250	31125	26
251	31375	25
252	31626	22
253	31878	25
254	32131	25
255	32385	24
256	32640	25
257	32896	26
258	33153	29
259	33411	25
260	33670	25
261	33930	23
262	34191	22
263	34453	22
264	34716	23
265	34980	25
266	35245	26
267	35511	25
268	35778	22
269	36046	27
270	36315	26
271	36585	26
272	36856	27
273	37128	28
274	37401	23
275	37675	23
276	37950	23
277	38226	23
278	38503	24
279	38781	23
280	39060	21
281	39340	37
282	39621	26
283	39903	26
284	40186	24
285	40470	26
286	40755	23
287	41041	23
288	41328	23
289	41616	26
290	41905	23
291	42195	26
292	42486	26
293	42778	26
294	43071	58
295	43365	27
296	43660	28
297	43956	23
298	44253	27
299	44551	23
300	44850	23
301	45150	27
302	45451	152
303	45753	23
304	46056	23
305	46360	27
306	46665	23
307	46971	23
308	47278	27
309	47586	26
310	47895	27
311	48205	27
312	48516	70
313	48828	27
314	49141	143
315	49455	27
316	49770	27
317	50086	24
318	50403	27
319	50721	23
320	51040	23
321	51360	27
322	51681	23
323	52003	24
324	52326	24
325	52650	27
326	52975	27
327	53301	27
328	53628	27
329	53956	24
330	54285	27
331	54615	24
332	54946	27
333	55278	28
334	55611	27
335	55945	31
336	56280	27
337	56616	24
338	56953	28
339	57291	34
340	57630	28
341	57970	25
342	58311	29
343	58653	25
344	58996	29
345	59340	27
346	59685	25
347	60031	25
348	60378	25
349	60726	24
350	61075	24
351	61425	25
352	61776	24
353	62128	25
354	62481	29
355	62835	25
356	63190	27
357	63546	24
358	63903	26
359	64261	29
360	64620	29
361	64980	29
362	65341	30
363	65703	29
364	66066	28
365	66430	30
366	66795	30
367	67161	339
368	67528	26
369	67896	26
370	68265	29
371	68635	28
372	69006	45
373	69378	26
374	69751	41
375	70125	25
376	70500	30
377	70876	26
378	71253	101
379	71631	29
380	72010	32
381	72390	29
382	72771	31
383	73153	30
384	73536	58
385	73920	29
386	74305	25
387	74691	29
388	75078	31
389	75466	139
390	75855	32
391	76245	30
392	76636	30
393	77028	57
394	77421	29
395	77815	30
396	78210	25
397	78606	30
398	79003	26
399	79401	25
400	79800	26
401	80200	31
402	80601	29
403	81003	35
404	81406	25
405	81810	27
406	82215	26
407	82621	26
408	83028	25
409	83436	27
410	83845	43
411	84255	32
412	84666	33
413	85078	33
414	85491	33
415	85905	33
416	86320	26
417	86736	28
418	87153	31
419	87571	120
420	87990	33
421	88410	31
422	88831	31
423	89253	27
424	89676	28
425	90100	32
426	90525	32
427	90951	33
428	91378	28
429	91806	27
430	92235	34
431	92665	27
432	93096	28
433	93528	32
434	93961	32
435	94395	34
436	94830	28
437	95266	33
438	95703	29
439	96141	34
440	96580	28
441	97020	29
442	97461	29
443	97903	29
444	98346	158
445	98790	29
446	99235	31
447	99681	29
448	100128	34
449	100576	33
450	101025	29
451	101475	35
452	101926	29
453	102378	35
454	102831	35
455	103285	40
456	103740	31
457	104196	31
458	104653	37
459	105111	30
460	105570	38
461	106030	45
462	106491	37
463	106953	36
464	107416	36
465	107880	30
466	108345	36
467	108811	37
468	109278	30
469	109746	37
470	110215	37
471	110685	31
472	111156	37
473	111628	64
474	112101	33
475	112575	37
476	113050	37
477	113526	31
478	114003	31
479	114481	37
480	114960	31
481	115440	43
482	115921	37
483	116403	31
484	116886	37
485	117370	38
486	117855	37
487	118341	36
488	118828	36
489	119316	37
490	119805	34
491	120295	37
492	120786	36
493	121278	57
494	121771	31
495	122265	40
496	122760	43
497	123256	75
498	123753	36
499	124251	37
500	124750	38
501	125250	38
502	125751	40
503	126253	40
504	126756	40
505	127260	50
506	127765	40
507	128271	69
508	128778	50
509	129286	41
510	129795	40
511	130305	40
512	130816	41
513	131328	42
514	131841	41
515	132355	34
516	132870	40
517	133386	34
518	133903	35
519	134421	40
520	134940	36
521	135460	33
522	135981	43
523	136503	42
524	137026	33
525	137550	42
526	138075	45
527	138601	35
528	139128	39
529	139656	33
530	140185	144
531	140715	40
532	141246	33
533	141778	162
534	142311	40
535	142845	40
536	143380	40
537	143916	42
538	144453	39
539	144991	32
540	145530	33
541	146070	47
542	146611	98
543	147153	88
544	147696	39
545	148240	41
546	148785	39
547	149331	45
548	149878	42
549	150426	41
550	150975	36
551	151525	39
552	152076	41
553	152628	41
554	153181	41
555	153735	39
556	154290	35
557	154846	39
558	155403	44
559	155961	41
560	156520	41
561	157080	44
562	157641	33
563	158203	42
564	158766	40
565	159330	33
566	159895	35
567	160461	34
568	161028	34
569	161596	39
570	162165	41
571	162735	42
572	163306	40
573	163878	158
574	164451	35
575	165025	35
576	165600	42
577	166176	40
578	166753	33
579	167331	43
580	167910	35
581	168490	42
582	169071	42
583	169653	54
584	170236	36
585	170820	42
586	171405	87
587	171991	41
588	172578	41
589	173166	34
590	173755	42
591	174345	35
592	174936	44
593	175528	43
594	176121	396
595	176715	34
596	177310	43
597	177906	59
598	178503	62
599	179101	37
600	179700	43
601	180300	59
602	180901	44
603	181503	47
604	182106	46
605	182710	45
606	183315	38
607	183921	38
608	184528	39
609	185136	37
610	185745	36
611	186355	43
612	186966	43
613	187578	35
614	188191	45
615	188805	36
616	189420	37
617	190036	44
618	190653	37
619	191271	43
620	191890	34
621	192510	44
622	193131	34
623	193753	43
624	194376	35
625	195000	35
626	195625	44
627	196251	35
628	196878	42
629	197506	35
630	198135	41
631	198765	36
632	199396	35
633	200028	36
634	200661	34
635	201295	36
636	201930	34
637	202566	44
638	203203	35
639	203841	35
640	204480	44
641	205120	42
642	205761	36
643	206403	42
644	207046	34
645	207690	46
646	208335	81
647	208981	44
648	209628	50
649	210276	35
650	210925	44
651	211575	37
652	212226	35
653	212878	42
654	213531	42
655	214185	47
656	214840	46
657	215496	36
658	216153	46
659	216811	36
660	217470	44
661	218130	71
662	218791	46
663	219453	46
664	220116	39
665	220780	46
666	221445	36
667	222111	46
668	222778	45
669	223446	45
670	224115	45
671	224785	45
672	225456	36
673	226128	46
674	226801	46
675	227475	36
676	228150	47
677	228826	37
678	229503	66
679	230181	36
680	230860	159
681	231540	46
682	232221	49
683	232903	45
684	233586	36
685	234270	163
686	234955	47
687	235641	38
688	236328	43
689	237016	35
690	237705	47
691	238395	48
692	239086	47
693	239778	48
694	240471	50
695	241165	50
696	241860	42
697	242556	52
698	243253	48
699	243951	50
700	244650	50
701	245350	117
702	246051	38
703	246753	49
704	247456	48
705	248160	44
706	248865	50
707	249571	47
708	250278	46
709	250986	47
710	251695	50
711	252405	56
712	253116	41
713	253828	51
714	254541	39
715	255255	38
716	255970	49
717	256686	57
718	257403	50
719	258121	40
720	258840	48
721	259560	41
722	260281	50
723	261003	53
724	261726	50
725	262450	39
726	263175	48
727	263901	50
728	264628	51
729	265356	39
730	266085	40
731	266815	101
732	267546	52
733	268278	138
734	269011	57
735	269745	38
736	270480	48
737	271216	43
738	271953	43
739	272691	51
740	273430	51
741	274170	52
742	274911	114
743	275653	49
744	276396	52
745	277140	54
746	277885	44
747	278631	52
748	279378	53
749	280126	54
750	280875	51
751	281625	50
752	282376	42
753	283128	39
754	283881	41
755	284635	59
756	285390	50
757	286146	43
758	286903	40
759	287661	51
760	288420	52
761	289180	59
762	289941	53
763	290703	54
764	291466	51
765	292230	53
766	292995	52
767	293761	47
768	294528	54
769	295296	52
770	296065	50
771	296835	50
772	297606	45
773	298378	39
774	299151	44
775	299925	50
776	300700	51
777	301476	58
778	302253	45
779	303031	55
780	303810	219
781	304590	43
782	305371	52
783	306153	60
784	306936	44
785	307720	45
786	308505	55
787	309291	50
788	310078	53
789	310866	42
790	311655	51
791	312445	50
792	313236	56
793	314028	52
794	314821	46
795	315615	56
796	316410	54
797	317206	51
798	318003	42
799	318801	54
800	319600	42
801	320400	52
802	321201	84
803	322003	48
804	322806	55
805	323610	56
806	324415	56
807	325221	42
808	326028	424
809	326836	53
810	327645	56
811	328455	56
812	329266	54
813	330078	45
814	330891	55
815	331705	65
816	332520	49
817	333336	53
818	334153	152
819	334971	57
820	335790	47
821	336610	45
822	337431	53
823	338253	57
824	339076	58
825	339900	56
826	340725	52
827	341551	53
828	342378	42
829	343206	45
830	344035	46
831	344865	58
832	345696	58
833	346528	106
834	347361	52
835	348195	53
836	349030	41
837	349866	51
838	350703	56
839	351541	58
840	352380	56
841	353220	47
842	354061	183
843	354903	43
844	355746	72
845	356590	48
846	357435	223
847	358281	46
848	359128	43
849	359976	50
850	360825	55
851	361675	61
852	362526	59
853	363378	59
854	364231	55
855	365085	46
856	365940	43
857	366796	46
858	367653	48
859	368511	58
860	369370	199
861	370230	152
862	371091	56
863	371953	55
864	372816	58
865	373680	57
866	374545	56
867	375411	72
868	376278	55
869	377146	55
870	378015	56
871	378885	56
872	379756	56
873	380628	57
874	381501	44
875	382375	56
876	383250	145
877	384126	58
878	385003	45
879	385881	55
880	386760	43
881	387640	56
882	388521	117
883	389403	70
884	390286	198
885	391170	45
886	392055	199
887	392941	44
888	393828	44
889	394716	129
890	395605	160
891	396495	58
892	397386	137
893	398278	43
894	399171	200
895	400065	42
896	400960	42
897	401856	57
898	402753	61
899	403651	56
900	404550	94
901	405450	43
902	406351	71
903	407253	61
904	408156	75
905	409060	56
906	409965	45
907	410871	236
908	411778	58
909	412686	45
910	413595	174
911	414505	55
912	415416	43
913	416328	127
914	417241	44
915	418155	178
916	419070	55
917	419986	47
918	420903	55
919	421821	56
920	422740	57
921	423660	44
922	424581	57
923	425503	57
924	426426	57
925	427350	907
926	428275	44
927	429201	56
928	430128	55
929	431056	55
930	431985	55
931	432915	56
932	433846	55
933	434778	170
934	435711	56
935	436645	45
936	437580	107
937	438516	212
938	439453	72
939	440391	44
940	441330	211
941	442270	121
942	443211	56
943	444153	45
944	445096	54
945	446040	57
946	446985	187
947	447931	43
948	448878	45
949	449826	57
950	450775	55
951	451725	44
952	452676	56
953	453628	54
954	454581	55
955	455535	43
956	456490	58
957	457446	60
958	458403	62
959	459361	46
960	460320	55
961	461280	57
962	462241	57
963	463203	58
964	464166	172
965	465130	47
966	466095	59
967	467061	115
968	468028	46
969	468996	45
970	469965	57
971	470935	57
972	471906	84
973	472878	147
974	473851	44
975	474825	53
976	475800	57
977	476776	63
978	477753	199
979	478731	55
980	479710	62
981	480690	57
982	481671	57
983	482653	46
984	483636	63
985	484620	45
986	485605	56
987	486591	47
988	487578	197
989	488566	55
990	489555	56
991	490545	56
992	491536	62
993	492528	44
994	493521	45
995	494515	55
996	495510	159
997	496506	55
998	497503	58
999	498501	48
1000	499500	80
1001	500500	56
1002	501501	46
1003	502503	46
1004	503506	47
1005	504510	155
1006	505515	58
1007	506521	46
1008	507528	69
1009	508536	59
1010	509545	46
1011	510555	46
1012	511566	46
1013	512578	85
1014	513591	58
1015	514605	57
1016	515620	57
1017	516636	57
1018	517653	45
1019	518671	44
1020	519690	58
1021	520710	44
1022	521731	55
1023	522753	44
1024	523776	46
1025	524800	141
1026	525825	52
1027	526851	45
1028	527878	45
1029	528906	211
1030	529935	49
1031	530965	48
1032	531996	63
1033	533028	61
1034	534061	49
1035	535095	60
1036	536130	53
1037	537166	62
1038	538203	53
1039	539241	51
1040	540280	57
1041	541320	53
1042	542361	57
1043	543403	58
1044	544446	119
1045	545490	189
1046	546535	198
1047	547581	211
1048	548628	62
1049	549676	60
1050	550725	57
1051	551775	82
1052	552826	58
1053	553878	44
1054	554931	43
1055	555985	50
1056	557040	162
1057	558096	50
1058	559153	57
1059	560211	56
1060	561270	50
1061	562330	49
1062	563391	45
1063	564453	62
1064	565516	187
1065	566580	63
1066	567645	83
1067	568711	63
1068	569778	66
1069	570846	49
1070	571915	51
1071	572985	66
1072	574056	62
1073	575128	51
1074	576201	59
1075	577275	48
1076	578350	50
1077	579426	198
1078	580503	210
1079	581581	183
1080	582660	53
1081	583740	67
1082	584821	63
1083	585903	188
1084	586986	51
1085	588070	50
1086	589155	46
1087	590241	53
1088	591328	103
1089	592416	56
1090	593505	63
1091	594595	64
1092	595686	63
1093	596778	58
1094	597871	51
1095	598965	197
1096	600060	154
1097	601156	61
1098	602253	60
1099	603351	55
1100	604450	50
1101	605550	52
1102	606651	45
1103	607753	65
1104	608856	95
1105	609960	68
1106	611065	66
1107	612171	63
1108	613278	52
1109	614386	61
1110	615495	52
1111	616605	51
1112	617716	51
1113	618828	45
1114	619941	62
1115	621055	63
1116	622170	60
1117	623286	62
1118	624403	50
1119	625521	45
1120	626640	49
1121	627760	63
1122	628881	45
1123	630003	63
1124	631126	64
1125	632250	65
1126	633375	47
1127	634501	59
1128	635628	180
1129	636756	65
1130	637885	68
1131	639015	46
1132	640146	63
1133	641278	52
1134	642411	59
1135	643545	65
1136	644680	61
1137	645816	56
1138	646953	51
1139	648091	53
1140	649230	60
1141	650370	56
1142	651511	91
1143	652653	51
1144	653796	54
1145	654940	55
1146	656085	72
1147	657231	203
1148	658378	59
1149	659526	46
1150	660675	64
1151	661825	61
1152	662976	68
1153	664128	58
1154	665281	62
1155	666435	119
1156	667590	65
1157	668746	65
1158	669903	56
1159	671061	61
1160	672220	52
1161	673380	51
1162	674541	55
1163	675703	236
1164	676866	62
1165	678030	48
1166	679195	208
1167	680361	70
1168	681528	198
1169	682696	59
1170	683865	66
1171	685035	60
1172	686206	59
1173	687378	207
1174	688551	48
1175	689725	63
1176	690900	55
1177	692076	66
1178	693253	66
1179	694431	60
1180	695610	150
1181	696790	57
1182	697971	232
1183	699153	68
1184	700336	82
1185	701520	166
1186	702705	184
1187	703891	82
1188	705078	122
1189	706266	64
1190	707455	65
1191	708645	175
1192	709836	63
1193	711028	49
1194	712221	65
1195	713415	70
1196	714610	54
1197	715806	48
1198	717003	292
1199	718201	104
1200	719400	49
1201	720600	53
1202	721801	121
1203	723003	204
1204	724206	66
1205	725410	67
1206	726615	47
1207	727821	65
1208	729028	69
1209	730236	53
1210	731445	68
1211	732655	65
1212	733866	47
1213	735078	55
1214	736291	66
1215	737505	63
1216	738720	50
1217	739936	54
1218	741153	51
1219	742371	51
1220	743590	50
1221	744810	60
1222	746031	61
1223	747253	66
1224	748476	68
1225	749700	55
1226	750925	62
1227	752151	67
1228	753378	63
1229	754606	50
1230	755835	63
1231	757065	64
1232	758296	64
1233	759528	63
1234	760761	65
1235	761995	65
1236	763230	88
1237	764466	256
1238	765703	65
1239	766941	65
1240	768180	52
1241	769420	53
1242	770661	50
1243	771903	67
1244	773146	70
1245	774390	201
1246	775635	51
1247	776881	68
1248	778128	78
1249	779376	207
1250	780625	65
1251	781875	65
1252	783126	52
1253	784378	60
1254	785631	66
1255	786885	54
1256	788140	70
1257	789396	65
1258	790653	54
1259	791911	51
1260	793170	55
1261	794430	52
1262	795691	53
1263	796953	62
1264	798216	52
1265	799480	61
1266	800745	150
1267	802011	64
1268	803278	62
1269	804546	65
1270	805815	56
1271	807085	54
1272	808356	67
1273	809628	70
1274	810901	49
1275	812175	49
1276	813450	65
1277	814726	65
1278	816003	120
1279	817281	357
1280	818560	65
1281	819840	52
1282	821121	125
1283	822403	65
1284	823686	65
1285	824970	51
1286	826255	71
1287	827541	66
1288	828828	55
1289	830116	76
1290	831405	50
1291	832695	54
1292	833986	66
1293	835278	66
1294	836571	64
1295	837865	65
1296	839160	66
1297	840456	67
1298	841753	69
1299	843051	113
1300	844350	73
1301	845650	50
1302	846951	64
1303	848253	203
1304	849556	204
1305	850860	234
1306	852165	59
1307	853471	70
1308	854778	190
1309	856086	52
1310	857395	184
1311	858705	66
1312	860016	53
1313	861328	100
1314	862641	54
1315	863955	68
1316	865270	51
1317	866586	141
1318	867903	52
1319	869221	235
1320	870540	67
1321	871860	83
1322	873181	159
1323	874503	70
1324	875826	210
1325	877150	70
1326	878475	69
1327	879801	53
1328	881128	66
1329	882456	121
1330	883785	175
1331	885115	53
1332	886446	67
1333	887778	50
1334	889111	67
1335	890445	67
1336	891780	266
1337	893116	177
1338	894453	50
1339	895791	55
1340	897130	127
1341	898470	68
1342	899811	150
1343	901153	166
1344	902496	51
1345	903840	70
1346	905185	66
1347	906531	306
1348	907878	66
1349	909226	87
1350	910575	71
1351	911925	68
1352	913276	72
1353	914628	53
1354	915981	50
1355	917335	51
1356	918690	50
1357	920046	53
1358	921403	50
1359	922761	50
1360	924120	53
1361	925480	66
1362	926841	70
1363	928203	291
1364	929566	54
1365	930930	55
1366	932295	53
1367	933661	55
1368	935028	69
1369	936396	54
1370	937765	74
1371	939135	66
1372	940506	190
1373	941878	140
1374	943251	207
1375	944625	70
1376	946000	70
1377	947376	71
1378	948753	71
1379	950131	152
1380	951510	66
1381	952890	102
1382	954271	70
1383	955653	50
1384	957036	52
1385	958420	52
1386	959805	127
1387	961191	53
1388	962578	202
1389	963966	69
1390	965355	75
1391	966745	201
1392	968136	96
1393	969528	52
1394	970921	153
1395	972315	53
1396	973710	66
1397	975106	53
1398	976503	54
1399	977901	68
1400	979300	3149
1401	980700	70
1402	982101	55
1403	983503	52
1404	984906	70
1405	986310	68
1406	987715	52
1407	989121	54
1408	990528	82
1409	991936	68
1410	993345	54
1411	994755	213
1412	996166	145
1413	997578	68
1414	998991	56
1415	1000405	69
1416	1001820	71
1417	1003236	76
1418	1004653	69
1419	1006071	54
1420	1007490	56
1421	1008910	68
1422	1010331	69
1423	1011753	167
1424	1013176	56
1425	1014600	112
1426	1016025	60
1427	1017451	55
1428	1018878	73
1429	1020306	65
1430	1021735	69
1431	1023165	52
1432	1024596	179
1433	1026028	57
1434	1027461	57
1435	1028895	198
1436	1030330	72
1437	1031766	71
1438	1033203	55
1439	1034641	129
1440	1036080	71
1441	1037520	54
1442	1038961	67
1443	1040403	274
1444	1041846	69
1445	1043290	56
1446	1044735	52
1447	1046181	83
1448	1047628	56
1449	1049076	78
1450	1050525	59
1451	1051975	72
1452	1053426	53
1453	1054878	69
1454	1056331	103
1455	1057785	71
1456	1059240	70
1457	1060696	166
1458	1062153	70
1459	1063611	53
1460	1065070	54
1461	1066530	55
1462	1067991	59
1463	1069453	71
1464	1070916	57
1465	1072380	70
1466	1073845	71
1467	1075311	77
1468	1076778	70
1469	1078246	72
1470	1079715	72
1471	1081185	102
1472	1082656	55
1473	1084128	55
1474	1085601	58
1475	1087075	69
1476	1088550	254
1477	1090026	56
1478	1091503	67
1479	1092981	68
1480	1094460	55
1481	1095940	73
1482	1097421	148
1483	1098903	74
1484	1100386	57
1485	1101870	206
1486	1103355	56
1487	1104841	69
1488	1106328	56
1489	1107816	136
1490	1109305	70
1491	1110795	56
1492	1112286	55
1493	1113778	70
1494	1115271	71
1495	1116765	197
1496	1118260	71
1497	1119756	71
1498	1121253	70
1499	1122751	71
1500	1124250	89
1501	1125750	58
1502	1127251	57
1503	1128753	76
1504	1130256	79
1505	1131760	57
1506	1133265	70
1507	1134771	56
1508	1136278	76
1509	1137786	71
1510	1139295	71
1511	1140805	73
1512	1142316	58
1513	1143828	84
1514	1145341	74
1515	1146855	55
1516	1148370	71
1517	1149886	55
1518	1151403	72
1519	1152921	56
1520	1154440	76
1521	1155960	56
1522	1157481	59
1523	1159003	82
1524	1160526	74
1525	1162050	74
1526	1163575	59
1527	1165101	56
1528	1166628	56
1529	1168156	105
1530	1169685	75
1531	1171215	57
1532	1172746	71
1533	1174278	76
1534	1175811	288
1535	1177345	77
1536	1178880	57
1537	1180416	56
1538	1181953	71
1539	1183491	59
1540	1185030	77
1541	1186570	207
1542	1188111	71
1543	1189653	56
1544	1191196	83
1545	1192740	59
1546	1194285	336
1547	1195831	148
1548	1197378	79
1549	1198926	73
1550	1200475	73
1551	1202025	56
1552	1203576	64
1553	1205128	136
1554	1206681	74
1555	1208235	60
1556	1209790	60
1557	1211346	73
1558	1212903	55
1559	1214461	179
1560	1216020	71
1561	1217580	74
1562	1219141	62
1563	1220703	56
1564	1222266	56
1565	1223830	54
1566	1225395	58
1567	1226961	264
1568	1228528	59
1569	1230096	75
1570	1231665	74
1571	1233235	80
1572	1234806	58
1573	1236378	57
1574	1237951	83
1575	1239525	238
1576	1241100	60
1577	1242676	198
1578	1244253	61
1579	1245831	72
1580	1247410	56
1581	1248990	55
1582	1250571	74
1583	1252153	74
1584	1253736	64
1585	1255320	62
1586	1256905	76
1587	1258491	220
1588	1260078	158
1589	1261666	57
1590	1263255	89
1591	1264845	62
1592	1266436	78
1593	1268028	56
1594	1269621	60
1595	1271215	61
1596	1272810	76
1597	1274406	61
1598	1276003	255
1599	1277601	62
1600	1279200	78
1601	1280800	80
1602	1282401	76
1603	1284003	74
1604	1285606	165
1605	1287210	90
1606	1288815	59
1607	1290421	73
1608	1292028	62
1609	1293636	311
1610	1295245	77
1611	1296855	63
1612	1298466	159
1613	1300078	62
1614	1301691	72
1615	1303305	275
1616	1304920	175
1617	1306536	79
1618	1308153	83
1619	1309771	64
1620	1311390	61
1621	1313010	58
1622	1314631	218
1623	1316253	81
1624	1317876	203
1625	1319500	59
1626	1321125	79
1627	1322751	83
1628	1324378	63
1629	1326006	182
1630	1327635	81
1631	1329265	59
1632	1330896	145
1633	1332528	75
1634	1334161	78
1635	1335795	82
1636	1337430	66
1637	1339066	75
1638	1340703	78
1639	1342341	84
1640	1343980	77
1641	1345620	301
1642	1347261	80
1643	1348903	396
1644	1350546	62
1645	1352190	65
1646	1353835	174
1647	1355481	78
1648	1357128	209
1649	1358776	77
1650	1360425	84
1651	1362075	181
1652	1363726	79
1653	1365378	86
1654	1367031	187
1655	1368685	62
1656	1370340	84
1657	1371996	81
1658	1373653	243
1659	1375311	76
1660	1376970	153
1661	1378630	587
1662	1380291	82
1663	1381953	167
1664	1383616	75
1665	1385280	63
1666	1386945	284
1667	1388611	62
1668	1390278	83
1669	1391946	66
1670	1393615	65
1671	1395285	104
1672	1396956	77
1673	1398628	80
1674	1400301	90
1675	1401975	85
1676	1403650	56
1677	1405326	79
1678	1407003	61
1679	1408681	61
1680	1410360	61
1681	1412040	81
1682	1413721	77
1683	1415403	59
1684	1417086	166
1685	1418770	61
1686	1420455	194
1687	1422141	67
1688	1423828	75
1689	1425516	77
1690	1427205	77
1691	1428895	63
1692	1430586	62
1693	1432278	59
1694	1433971	85
1695	1435665	77
1696	1437360	83
1697	1439056	82
1698	1440753	68
1699	1442451	79
1700	1444150	572
1701	1445850	67
1702	1447551	93
1703	1449253	83
1704	1450956	69
1705	1452660	142
1706	1454365	62
1707	1456071	66
1708	1457778	93
1709	1459486	58
1710	1461195	62
1711	1462905	90
1712	1464616	65
1713	1466328	77
1714	1468041	76
1715	1469755	86
1716	1471470	86
1717	1473186	65
1718	1474903	93
1719	1476621	99
1720	1478340	64
1721	1480060	78
1722	1481781	65
1723	1483503	71
1724	1485226	85
1725	1486950	87
1726	1488675	84
1727	1490401	63
1728	1492128	92
1729	1493856	97
1730	1495585	87
1731	1497315	58
1732	1499046	84
1733	1500778	81
1734	1502511	154
1735	1504245	264
1736	1505980	62
1737	1507716	566
1738	1509453	84
1739	1511191	63
1740	1512930	90
1741	1514670	60
1742	1516411	91
1743	1518153	80
1744	1519896	67
1745	1521640	67
1746	1523385	66
1747	1525131	64
1748	1526878	89
1749	1528626	77
1750	1530375	65
1751	1532125	97
1752	1533876	84
1753	1535628	91
1754	1537381	91
1755	1539135	85
1756	1540890	91
1757	1542646	67
1758	1544403	69
1759	1546161	65
1760	1547920	80
1761	1549680	66
1762	1551441	64
1763	1553203	78
1764	1554966	65
1765	1556730	66
1766	1558495	60
1767	1560261	87
1768	1562028	85
1769	1563796	95
1770	1565565	66
1771	1567335	209
1772	1569106	71
1773	1570878	92
1774	1572651	79
1775	1574425	59
1776	1576200	65
1777	1577976	70
1778	1579753	89
1779	1581531	83
1780	1583310	89
1781	1585090	86
1782	1586871	125
1783	1588653	61
1784	1590436	84
1785	1592220	184
1786	1594005	65
1787	1595791	68
1788	1597578	76
1789	1599366	66
1790	1601155	231
1791	1602945	87
1792	1604736	201
1793	1606528	204
1794	1608321	69
1795	1610115	84
1796	1611910	65
1797	1613706	61
1798	1615503	361
1799	1617301	186
1800	1619100	82
1801	1620900	83
1802	1622701	82
1803	1624503	211
1804	1626306	225
1805	1628110	84
1806	1629915	244
1807	1631721	248
1808	1633528	75
1809	1635336	64
1810	1637145	123
1811	1638955	86
1812	1640766	174
1813	1642578	65
1814	1644391	187
1815	1646205	194
1816	1648020	88
1817	1649836	83
1818	1651653	86
1819	1653471	88
1820	1655290	85
1821	1657110	67
1822	1658931	463
1823	1660753	84
1824	1662576	87
1825	1664400	277
1826	1666225	65
1827	1668051	228
1828	1669878	89
1829	1671706	176
1830	1673535	85
1831	1675365	87
1832	1677196	65
1833	1679028	84
1834	1680861	173
1835	1682695	130
1836	1684530	82
1837	1686366	84
1838	1688203	93
1839	1690041	66
1840	1691880	87
1841	1693720	89
1842	1695561	344
1843	1697403	66
1844	1699246	308
1845	1701090	87
1846	1702935	249
1847	1704781	64
1848	1706628	90
1849	1708476	175
1850	1710325	66
1851	1712175	204
1852	1714026	67
1853	1715878	87
1854	1717731	87
1855	1719585	239
1856	1721440	66
1857	1723296	84
1858	1725153	107
1859	1727011	89
1860	1728870	64
1861	1730730	89
1862	1732591	89
1863	1734453	86
1864	1736316	88
1865	1738180	113
1866	1740045	67
1867	1741911	65
1868	1743778	81
1869	1745646	87
1870	1747515	112
1871	1749385	215
1872	1751256	66
1873	1753128	84
1874	1755001	87
1875	1756875	278
1876	1758750	87
1877	1760626	66
1878	1762503	86
1879	1764381	88
1880	1766260	64
1881	1768140	65
1882	1770021	88
1883	1771903	85
1884	1773786	83
1885	1775670	65
1886	1777555	88
1887	1779441	95
1888	1781328	68
1889	1783216	65
1890	1785105	86
1891	1786995	85
1892	1788886	169
1893	1790778	71
1894	1792671	66
1895	1794565	85
1896	1796460	65
1897	1798356	86
1898	1800253	179
1899	1802151	85
1900	1804050	65
1901	1805950	94
1902	1807851	86
1903	1809753	123
1904	1811656	85
1905	1813560	87
1906	1815465	86
1907	1817371	88
1908	1819278	90
1909	1821186	68
1910	1823095	70
1911	1825005	93
1912	1826916	66
1913	1828828	87
1914	1830741	71
1915	1832655	66
1916	1834570	67
1917	1836486	88
1918	1838403	89
1919	1840321	66
1920	1842240	68
1921	1844160	68
1922	1846081	93
1923	1848003	72
1924	1849926	68
1925	1851850	75
1926	1853775	67
1927	1855701	66
1928	1857628	86
1929	1859556	69
1930	1861485	67
1931	1863415	86
1932	1865346	68
1933	1867278	89
1934	1869211	66
1935	1871145	87
1936	1873080	95
1937	1875016	95
1938	1876953	1335
1939	1878891	93
1940	1880830	88
1941	1882770	90
1942	1884711	75
1943	1886653	90
1944	1888596	72
1945	1890540	67
1946	1892485	87
1947	1894431	67
1948	1896378	70
1949	1898326	67
1950	1900275	90
1951	1902225	68
1952	1904176	94
1953	1906128	67
1954	1908081	87
1955	1910035	67
1956	1911990	89
1957	1913946	90
1958	1915903	69
1959	1917861	67
1960	1919820	90
1961	1921780	74
1962	1923741	87
1963	1925703	70
1964	1927666	73
1965	1929630	95
1966	1931595	92
1967	1933561	88
1968	1935528	94
1969	1937496	212
1970	1939465	295
1971	1941435	68
1972	1943406	92
1973	1945378	90
1974	1947351	103
1975	1949325	221
1976	1951300	90
1977	1953276	90
1978	1955253	68
1979	1957231	92
1980	1959210	68
1981	1961190	70
1982	1963171	90
1983	1965153	68
1984	1967136	326
1985	1969120	227
1986	1971105	89
1987	1973091	88
1988	1975078	90
1989	1977066	76
1990	1979055	68
1991	1981045	89
1992	1983036	68
1993	1985028	89
1994	1987021	349
1995	1989015	245
1996	1991010	77
1997	1993006	342
1998	1995003	89
1999	1997001	97
2000	1999000	93
2001	2001000	89
2002	2003001	88
2003	2005003	332
2004	2007006	72
2005	2009010	97
2006	2011015	76
2007	2013021	197
2008	2015028	92
2009	2017036	91
2010	2019045	70
2011	2021055	89
2012	2023066	203
2013	2025078	126
2014	2027091	96
2015	2029105	89
2016	2031120	97
2017	2033136	76
2018	2035153	92
2019	2037171	260
2020	2039190	90
2021	2041210	93
2022	2043231	91
2023	2045253	70
2024	2047276	174
2025	2049300	182
2026	2051325	91
2027	2053351	147
2028	2055378	247
2029	2057406	69
2030	2059435	102
2031	2061465	70
2032	2063496	204
2033	2065528	100
2034	2067561	72
2035	2069595	231
2036	2071630	230
2037	2073666	90
2038	2075703	215
2039	2077741	89
2040	2079780	70
2041	2081820	80
2042	2083861	70
2043	2085903	95
2044	2087946	95
2045	2089990	92
2046	2092035	90
2047	2094081	77
2048	2096128	209
2049	2098176	191
2050	2100225	292
2051	2102275	90
2052	2104326	100
2053	2106378	74
2054	2108431	88
2055	2110485	87
2056	2112540	242
2057	2114596	241
2058	2116653	128
2059	2118711	258
2060	2120770	164
2061	2122830	134
2062	2124891	320
2063	2126953	253
2064	2129016	100
2065	2131080	67
2066	2133145	98
2067	2135211	98
2068	2137278	69
2069	2139346	214
2070	2141415	88
2071	2143485	70
2072	2145556	76
2073	2147628	80
2074	2149701	80
2075	2151775	104
2076	2153850	226
2077	2155926	96
2078	2158003	72
2079	2160081	96
2080	2162160	105
2081	2164240	101
2082	2166321	67
2083	2168403	81
2084	2170486	97
2085	2172570	97
2086	2174655	75
2087	2176741	75
2088	2178828	77
2089	2180916	107
2090	2183005	93
2091	2185095	77
2092	2187186	632
2093	2189278	68
2094	2191371	91
2095	2193465	107
2096	2195560	102
2097	2197656	111
2098	2199753	77
2099	2201851	199
2100	2203950	91
2101	2206050	92
2102	2208151	75
2103	2210253	79
2104	2212356	102
2105	2214460	76
2106	2216565	98
2107	2218671	107
2108	2220778	98
2109	2222886	78
2110	2224995	83
2111	2227105	94
2112	2229216	94
2113	2231328	69
2114	2233441	91
2115	2235555	77
2116	2237670	99
2117	2239786	91
2118	2241903	76
2119	2244021	91
2120	2246140	89
2121	2248260	82
2122	2250381	109
2123	2252503	89
2124	2254626	98
2125	2256750	274
2126	2258875	130
2127	2261001	70
2128	2263128	90
2129	2265256	108
2130	2267385	100
2131	2269515	74
2132	2271646	75
2133	2273778	76
2134	2275911	75
2135	2278045	69
2136	2280180	97
2137	2282316	82
2138	2284453	72
2139	2286591	90
2140	2288730	99
2141	2290870	115
2142	2293011	108
2143	2295153	69
2144	2297296	108
2145	2299440	78
2146	2301585	70
2147	2303731	69
2148	2305878	113
2149	2308026	70
2150	2310175	4956
2151	2312325	219
2152	2314476	292
2153	2316628	109
2154	2318781	71
2155	2320935	100
2156	2323090	117
2157	2325246	78
2158	2327403	71
2159	2329561	98
2160	2331720	101
2161	2333880	107
2162	2336041	306
2163	2338203	71
2164	2340366	105
2165	2342530	95
2166	2344695	99
2167	2346861	69
2168	2349028	148
2169	2351196	219
2170	2353365	110
2171	2355535	95
2172	2357706	165
2173	2359878	93
2174	2362051	76
2175	2364225	100
2176	2366400	111
2177	2368576	80
2178	2370753	72
2179	2372931	106
2180	2375110	118
2181	2377290	104
2182	2379471	380
2183	2381653	108
2184	2383836	72
2185	2386020	106
2186	2388205	83
2187	2390391	99
2188	2392578	96
2189	2394766	101
2190	2396955	70
2191	2399145	77
2192	2401336	107
2193	2403528	70
2194	2405721	125
2195	2407915	106
2196	2410110	296
2197	2412306	90
2198	2414503	97
2199	2416701	109
2200	2418900	78
2201	2421100	324
2202	2423301	105
2203	2425503	135
2204	2427706	105
2205	2429910	95
2206	2432115	82
2207	2434321	70
2208	2436528	79
2209	2438736	108
2210	2440945	73
2211	2443155	104
2212	2445366	86
2213	2447578	131
2214	2449791	73
2215	2452005	80
2216	2454220	103
2217	2456436	76
2218	2458653	603
2219	2460871	72
2220	2463090	73
2221	2465310	437
2222	2467531	107
2223	2469753	82
2224	2471976	105
2225	2474200	98
2226	2476425	99
2227	2478651	119
2228	2480878	109
2229	2483106	361
2230	2485335	78
2231	2487565	93
2232	2489796	215
2233	2492028	82
2234	2494261	344
2235	2496495	120
2236	2498730	72
2237	2500966	96
2238	2503203	366
2239	2505441	98
2240	2507680	384
2241	2509920	76
2242	2512161	111
2243	2514403	71
2244	2516646	297
2245	2518890	238
2246	2521135	397
2247	2523381	272
2248	2525628	107
2249	2527876	94
2250	2530125	414
2251	2532375	374
2252	2534626	256
2253	2536878	407
2254	2539131	96
2255	2541385	118
2256	2543640	326
2257	2545896	100
2258	2548153	71
2259	2550411	116
2260	2552670	82
2261	2554930	125
2262	2557191	99
2263	2559453	103
2264	2561716	108
2265	2563980	72
2266	2566245	102
2267	2568511	97
2268	2570778	290
2269	2573046	119
2270	2575315	307
2271	2577585	104
2272	2579856	291
2273	2582128	206
2274	2584401	164
2275	2586675	98
2276	2588950	72
2277	2591226	100
2278	2593503	74
2279	2595781	231
2280	2598060	104
2281	2600340	122
2282	2602621	86
2283	2604903	401
2284	2607186	104
2285	2609470	106
2286	2611755	104
2287	2614041	104
2288	2616328	112
2289	2618616	106
2290	2620905	74
2291	2623195	99
2292	2625486	253
2293	2627778	75
2294	2630071	106
2295	2632365	116
2296	2634660	611
2297	2636956	134
2298	2639253	141
2299	2641551	84
2300	2643850	82
2301	2646150	124
2302	2648451	202
2303	2650753	213
2304	2653056	214
2305	2655360	97
2306	2657665	101
2307	2659971	309
2308	2662278	103
2309	2664586	81
2310	2666895	77
2311	2669205	103
2312	2671516	604
2313	2673828	77
2314	2676141	82
2315	2678455	100
2316	2680770	74
2317	2683086	171
2318	2685403	107
2319	2687721	246
2320	2690040	112
2321	2692360	199
2322	2694681	105
2323	2697003	352
2324	2699326	229
2325	2701650	258
2326	2703975	116
2327	2706301	232
2328	2708628	260
2329	2710956	96
2330	2713285	148
2331	2715615	114
2332	2717946	82
2333	2720278	181
2334	2722611	84
2335	2724945	103
2336	2727280	589
2337	2729616	110
2338	2731953	106
2339	2734291	82
2340	2736630	108
2341	2738970	80
2342	2741311	115
2343	2743653	109
2344	2745996	80
2345	2748340	106
2346	2750685	195
2347	2753031	86
2348	2755378	84
2349	2757726	114
2350	2760075	115
2351	2762425	138
2352	2764776	111
2353	2767128	165
2354	2769481	76
2355	2771835	76
2356	2774190	78
2357	2776546	82
2358	2778903	91
2359	2781261	106
2360	2783620	129
2361	2785980	77
2362	2788341	111
2363	2790703	108
2364	2793066	84
2365	2795430	248
2366	2797795	392
2367	2800161	75
2368	2802528	109
2369	2804896	205
2370	2807265	199
2371	2809635	367
2372	2812006	103
2373	2814378	302
2374	2816751	101
2375	2819125	220
2376	2821500	112
2377	2823876	166
2378	2826253	86
2379	2828631	75
2380	2831010	102
2381	2833390	82
2382	2835771	81
2383	2838153	115
2384	2840536	79
2385	2842920	81
2386	2845305	82
2387	2847691	99
2388	2850078	328
2389	2852466	221
2390	2854855	82
2391	2857245	513
2392	2859636	200
2393	2862028	109
2394	2864421	182
2395	2866815	126
2396	2869210	378
2397	2871606	3180
2398	2874003	93
2399	2876401	81
2400	2878800	84
2401	2881200	81
2402	2883601	104
2403	2886003	79
2404	2888406	78
2405	2890810	110
2406	2893215	80
2407	2895621	395
2408	2898028	99
2409	2900436	119
2410	2902845	108
2411	2905255	103
2412	2907666	107
2413	2910078	118
2414	2912491	95
2415	2914905	102
2416	2917320	111
2417	2919736	105
2418	2922153	241
2419	2924571	78
2420	2926990	181
2421	2929410	401
2422	2931831	82
2423	2934253	204
2424	2936676	83
2425	2939100	100
2426	2941525	113
2427	2943951	88
2428	2946378	102
2429	2948806	105
2430	2951235	107
2431	2953665	82
2432	2956096	105
2433	2958528	106
2434	2960961	108
2435	2963395	80
2436	2965830	513
2437	2968266	107
2438	2970703	110
2439	2973141	81
2440	2975580	79
2441	2978020	274
2442	2980461	108
2443	2982903	105
2444	2985346	117
2445	2987790	158
2446	2990235	81
2447	2992681	81
2448	2995128	80
2449	2997576	107
2450	3000025	252
2451	3002475	341
2452	3004926	113
2453	3007378	105
2454	3009831	94
2455	3012285	140
2456	3014740	103
2457	3017196	111
2458	3019653	108
2459	3022111	81
2460	3024570	109
2461	3027030	84
2462	3029491	110
2463	3031953	85
2464	3034416	110
2465	3036880	250
2466	3039345	81
2467	3041811	239
2468	3044278	77
2469	3046746	82
2470	3049215	114
2471	3051685	247
2472	3054156	79
2473	3056628	117
2474	3059101	237
2475	3061575	168
2476	3064050	86
2477	3066526	119
2478	3069003	115
2479	3071481	85
2480	3073960	80
2481	3076440	112
2482	3078921	111
2483	3081403	102
2484	3083886	110
2485	3086370	109
2486	3088855	117
2487	3091341	104
2488	3093828	117
2489	3096316	116
2490	3098805	85
2491	3101295	112
2492	3103786	110
2493	3106278	111
2494	3108771	949
2495	3111265	82
2496	3113760	84
2497	3116256	117
2498	3118753	81
2499	3121251	95
2500	3123750	81
2501	3126250	105
2502	3128751	112
2503	3131253	82
2504	3133756	88
2505	3136260	85
2506	3138765	116
2507	3141271	94
2508	3143778	113
2509	3146286	108
2510	3148795	112
2511	3151305	282
2512	3153816	118
2513	3156328	107
2514	3158841	110
2515	3161355	80
2516	3163870	113
2517	3166386	166
2518	3168903	117
2519	3171421	275
2520	3173940	225
2521	3176460	109
2522	3178981	114
2523	3181503	112
2524	3184026	111
2525	3186550	261
2526	3189075	112
2527	3191601	106
2528	3194128	322
2529	3196656	84
2530	3199185	112
2531	3201715	321
2532	3204246	409
2533	3206778	83
2534	3209311	111
2535	3211845	106
2536	3214380	148
2537	3216916	107
2538	3219453	186
2539	3221991	113
2540	3224530	314
2541	3227070	173
2542	3229611	123
2543	3232153	369
2544	3234696	88
2545	3237240	137
2546	3239785	599
2547	3242331	118
2548	3244878	87
2549	3247426	110
2550	3249975	86
2551	3252525	110
2552	3255076	86
2553	3257628	81
2554	3260181	87
2555	3262735	108
2556	3265290	85
2557	3267846	120
2558	3270403	84
2559	3272961	119
2560	3275520	178
2561	3278080	129
2562	3280641	430
2563	3283203	361
2564	3285766	90
2565	3288330	111
2566	3290895	115
2567	3293461	128
2568	3296028	113
2569	3298596	442
2570	3301165	419
2571	3303735	161
2572	3306306	131
2573	3308878	120
2574	3311451	363
2575	3314025	117
2576	3316600	152
2577	3319176	89
2578	3321753	106
2579	3324331	472
2580	3326910	89
2581	3329490	424
2582	3332071	126
2583	3334653	317
2584	3337236	122
2585	3339820	112
2586	3342405	316
2587	3344991	115
2588	3347578	125
2589	3350166	113
2590	3352755	89
2591	3355345	267
2592	3357936	234
2593	3360528	98
2594	3363121	87
2595	3365715	125
2596	3368310	112
2597	3370906	92
2598	3373503	125
2599	3376101	107
2600	3378700	100
2601	3381300	86
2602	3383901	162
2603	3386503	118
2604	3389106	117
2605	3391710	114
2606	3394315	88
2607	3396921	126
2608	3399528	129
2609	3402136	114
2610	3404745	91
2611	3407355	91
2612	3409966	128
2613	3412578	116
2614	3415191	129
2615	3417805	109
2616	3420420	85
2617	3423036	143
2618	3425653	90
2619	3428271	121
2620	3430890	116
2621	3433510	117
2622	3436131	108
2623	3438753	93
2624	3441376	86
2625	3444000	108
2626	3446625	120
2627	3449251	83
2628	3451878	111
2629	3454506	114
2630	3457135	125
2631	3459765	110
2632	3462396	91
2633	3465028	122
2634	3467661	91
2635	3470295	119
2636	3472930	85
2637	3475566	115
2638	3478203	91
2639	3480841	208
2640	3483480	134
2641	3486120	85
2642	3488761	90
2643	3491403	129
2644	3494046	83
2645	3496690	83
2646	3499335	87
2647	3501981	132
2648	3504628	116
2649	3507276	110
2650	3509925	153
2651	3512575	92
2652	3515226	127
2653	3517878	121
2654	3520531	134
2655	3523185	90
2656	3525840	118
2657	3528496	109
2658	3531153	94
2659	3533811	86
2660	3536470	225
2661	3539130	93
2662	3541791	90
2663	3544453	1910
2664	3547116	95
2665	3549780	115
2666	3552445	133
2667	3555111	120
2668	3557778	95
2669	3560446	90
2670	3563115	100
2671	3565785	253
2672	3568456	84
2673	3571128	117
2674	3573801	137
2675	3576475	118
2676	3579150	96
2677	3581826	113
2678	3584503	317
2679	3587181	125
2680	3589860	114
2681	3592540	130
2682	3595221	84
2683	3597903	84
2684	3600586	122
2685	3603270	90
2686	3605955	94
2687	3608641	94
2688	3611328	396
2689	3614016	84
2690	3616705	124
2691	3619395	91
2692	3622086	89
2693	3624778	143
2694	3627471	126
2695	3630165	87
2696	3632860	123
2697	3635556	92
2698	3638253	92
2699	3640951	128
2700	3643650	119
2701	3646350	83
2702	3649051	288
2703	3651753	94
2704	3654456	118
2705	3657160	109
2706	3659865	123
2707	3662571	119
2708	3665278	132
2709	3667986	115
2710	3670695	130
2711	3673405	131
2712	3676116	124
2713	3678828	85
2714	3681541	121
2715	3684255	113
2716	3686970	99
2717	3689686	92
2718	3692403	127
2719	3695121	96
2720	3697840	114
2721	3700560	111
2722	3703281	394
2723	3706003	90
2724	3708726	124
2725	3711450	119
2726	3714175	97
2727	3716901	383
2728	3719628	148
2729	3722356	121
2730	3725085	119
2731	3727815	137
2732	3730546	303
2733	3733278	143
2734	3736011	116
2735	3738745	90
2736	3741480	110
2737	3744216	121
2738	3746953	92
2739	3749691	401
2740	3752430	416
2741	3755170	121
2742	3757911	357
2743	3760653	119
2744	3763396	328
2745	3766140	117
2746	3768885	214
2747	3771631	350
2748	3774378	127
2749	3777126	125
2750	3779875	130
2751	3782625	131
2752	3785376	141
2753	3788128	132
2754	3790881	89
2755	3793635	337
2756	3796390	893
2757	3799146	134
2758	3801903	132
2759	3804661	724
2760	3807420	91
2761	3810180	94
2762	3812941	134
2763	3815703	180
2764	3818466	1160
2765	3821230	126
2766	3823995	486
2767	3826761	93
2768	3829528	122
2769	3832296	479
2770	3835065	367
2771	3837835	173
2772	3840606	119
2773	3843378	146
2774	3846151	670
2775	3848925	478
2776	3851700	88
2777	3854476	137
2778	3857253	90
2779	3860031	385
2780	3862810	94
2781	3865590	130
2782	3868371	98
2783	3871153	124
2784	3873936	319
2785	3876720	419
2786	3879505	293
2787	3882291	96
2788	3885078	123
2789	3887866	122
2790	3890655	655
2791	3893445	152
2792	3896236	278
2793	3899028	140
2794	3901821	433
2795	3904615	126
2796	3907410	167
2797	3910206	980
2798	3913003	152
2799	3915801	556
2800	3918600	2676
2801	3921400	2226
2802	3924201	535
2803	3927003	125
2804	3929806	92
2805	3932610	125
2806	3935415	93
2807	3938221	381
2808	3941028	184
2809	3943836	160
2810	3946645	93
2811	3949455	125
2812	3952266	130
2813	3955078	94
2814	3957891	103
2815	3960705	473
2816	3963520	1882
2817	3966336	302
2818	3969153	259
2819	3971971	425
2820	3974790	179
2821	3977610	918
2822	3980431	366
2823	3983253	87
2824	3986076	366
2825	3988900	316
2826	3991725	133
2827	3994551	443
2828	3997378	236
2829	4000206	394
2830	4003035	227
2831	4005865	138
2832	4008696	96
2833	4011528	274
2834	4014361	418
2835	4017195	245
2836	4020030	137
2837	4022866	148
2838	4025703	766
2839	4028541	167
2840	4031380	202
2841	4034220	168
2842	4037061	198
2843	4039903	90
2844	4042746	124
2845	4045590	657
2846	4048435	288
2847	4051281	202
2848	4054128	271
2849	4056976	329
2850	4059825	275
2851	4062675	436
2852	4065526	276
2853	4068378	114
2854	4071231	260
2855	4074085	824
2856	4076940	567
2857	4079796	86
2858	4082653	133
2859	4085511	385
2860	4088370	409
2861	4091230	179
2862	4094091	765
2863	4096953	283
2864	4099816	214
2865	4102680	817
2866	4105545	348
2867	4108411	86
2868	4111278	131
2869	4114146	379
2870	4117015	98
2871	4119885	460
2872	4122756	139
2873	4125628	177
2874	4128501	230
2875	4131375	144
2876	4134250	319
2877	4137126	178
2878	4140003	92
2879	4142881	166
2880	4145760	95
2881	4148640	1194
2882	4151521	630
2883	4154403	142
2884	4157286	147
2885	4160170	120
2886	4163055	213
2887	4165941	147
2888	4168828	524
2889	4171716	154
2890	4174605	335
2891	4177495	122
2892	4180386	129
2893	4183278	769
2894	4186171	253
2895	4189065	335
2896	4191960	130
2897	4194856	97
2898	4197753	157
2899	4200651	150
2900	4203550	409
2901	4206450	341
2902	4209351	137
2903	4212253	138
2904	4215156	310
2905	4218060	206
2906	4220965	167
2907	4223871	134
2908	4226778	141
2909	4229686	127
2910	4232595	326
2911	4235505	168
2912	4238416	274
2913	4241328	616
2914	4244241	103
2915	4247155	268
2916	4250070	443
2917	4252986	179
2918	4255903	125
2919	4258821	130
2920	4261740	142
2921	4264660	128
2922	4267581	153
2923	4270503	135
2924	4273426	136
2925	4276350	98
2926	4279275	101
2927	4282201	320
2928	4285128	528
2929	4288056	181
2930	4290985	1000
2931	4293915	270
2932	4296846	158
2933	4299778	134
2934	4302711	201
2935	4305645	410
2936	4308580	484
2937	4311516	181
2938	4314453	108
2939	4317391	138
2940	4320330	414
2941	4323270	138
2942	4326211	134
2943	4329153	97
2944	4332096	888
2945	4335040	387
2946	4337985	298
2947	4340931	128
2948	4343878	125
2949	4346826	134
2950	4349775	690
2951	4352725	109
2952	4355676	135
2953	4358628	406
2954	4361581	686
2955	4364535	269
2956	4367490	101
2957	4370446	535
2958	4373403	104
2959	4376361	152
2960	4379320	994
2961	4382280	354
2962	4385241	207
2963	4388203	651
2964	4391166	308
2965	4394130	104
2966	4397095	135
2967	4400061	138
2968	4403028	136
2969	4405996	140
2970	4408965	98
2971	4411935	99
2972	4414906	137
2973	4417878	126
2974	4420851	130
2975	4423825	130
2976	4426800	97
2977	4429776	134
2978	4432753	94
2979	4435731	112
2980	4438710	97
2981	4441690	132
2982	4444671	131
2983	4447653	164
2984	4450636	314
2985	4453620	469
2986	4456605	125
2987	4459591	322
2988	4462578	128
2989	4465566	570
2990	4468555	361
2991	4471545	161
2992	4474536	117
2993	4477528	535
2994	4480521	246
2995	4483515	275
2996	4486510	940
2997	4489506	266
2998	4492503	894
2999	4495501	237
3000	4498500	286
3001	4501500	120
3002	4504501	817
3003	4507503	144
3004	4510506	246
3005	4513510	204
3006	4516515	176
3007	4519521	88
3008	4522528	143
3009	4525536	246
3010	4528545	241
3011	4531555	231
3012	4534566	574
3013	4537578	286
3014	4540591	263
3015	4543605	306
3016	4546620	303
3017	4549636	712
3018	4552653	104
3019	4555671	146
3020	4558690	141
3021	4561710	135
3022	4564731	289
3023	4567753	395
3024	4570776	2272
3025	4573800	109
3026	4576825	149
3027	4579851	138
3028	4582878	461
3029	4585906	101
3030	4588935	132
3031	4591965	184
3032	4594996	135
3033	4598028	358
3034	4601061	333
3035	4604095	136
3036	4607130	262
3037	4610166	160
3038	4613203	124
3039	4616241	135
3040	4619280	383
3041	4622320	270
3042	4625361	256
3043	4628403	250
3044	4631446	128
3045	4634490	308
3046	4637535	1479
3047	4640581	139
3048	4643628	1934
3049	4646676	260
3050	4649725	385
3051	4652775	261
3052	4655826	135
3053	4658878	101
3054	4661931	129
3055	4664985	527
3056	4668040	136
3057	4671096	479
3058	4674153	768
3059	4677211	147
3060	4680270	322
3061	4683330	462
3062	4686391	145
3063	4689453	149
3064	4692516	314
3065	4695580	128
3066	4698645	135
3067	4701711	102
3068	4704778	138
3069	4707846	101
3070	4710915	193
3071	4713985	116
3072	4717056	242
3073	4720128	2740
3074	4723201	494
3075	4726275	117
3076	4729350	171
3077	4732426	128
3078	4735503	144
3079	4738581	289
3080	4741660	151
3081	4744740	163
3082	4747821	815
3083	4750903	118
3084	4753986	962
3085	4757070	310
3086	4760155	584
3087	4763241	161
3088	4766328	158
3089	4769416	99
3090	4772505	735
3091	4775595	712
3092	4778686	1629
3093	4781778	153
3094	4784871	9492
3095	4787965	130
3096	4791060	104
3097	4794156	1091
3098	4797253	282
3099	4800351	152
3100	4803450	142
3101	4806550	136
3102	4809651	288
3103	4812753	1306
3104	4815856	216
3105	4818960	127
3106	4822065	293
3107	4825171	341
3108	4828278	271
3109	4831386	125
3110	4834495	154
3111	4837605	514
3112	4840716	7116
3113	4843828	1267
3114	4846941	138
3115	4850055	208
3116	4853170	161
3117	4856286	112
3118	4859403	572
3119	4862521	128
3120	4865640	450
3121	4868760	503
3122	4871881	128
3123	4875003	104
3124	4878126	159
3125	4881250	261
3126	4884375	248
3127	4887501	166
3128	4890628	109
3129	4893756	138
3130	4896885	105
3131	4900015	99
3132	4903146	252
3133	4906278	146
3134	4909411	199
3135	4912545	209
3136	4915680	161
3137	4918816	735
3138	4921953	509
3139	4925091	222
3140	4928230	105
3141	4931370	200
3142	4934511	214
3143	4937653	148
3144	4940796	220
3145	4943940	321
3146	4947085	957
3147	4950231	582
3148	4953378	154
3149	4956526	323
3150	4959675	1136
3151	4962825	150
3152	4965976	1003
3153	4969128	590
3154	4972281	179
3155	4975435	165
3156	4978590	811
3157	4981746	764
3158	4984903	137
3159	4988061	502
3160	4991220	437
3161	4994380	163
3162	4997541	521
3163	5000703	118
3164	5003866	301
3165	5007030	737
3166	5010195	132
3167	5013361	143
3168	5016528	99
3169	5019696	1486
3170	5022865	525
3171	5026035	138
3172	5029206	1763
3173	5032378	147
3174	5035551	195
3175	5038725	388
3176	5041900	148
3177	5045076	4809
3178	5048253	679
3179	5051431	158
3180	5054610	976
3181	5057790	706
3182	5060971	769
3183	5064153	544
3184	5067336	481
3185	5070520	644
3186	5073705	109
3187	5076891	1904
3188	5080078	278
3189	5083266	589
3190	5086455	577
3191	5089645	364
3192	5092836	221
3193	5096028	164
3194	5099221	565
3195	5102415	629
3196	5105610	586
3197	5108806	517
3198	5112003	1790
3199	5115201	183
3200	5118400	143
3201	5121600	147
3202	5124801	578
3203	5128003	1074
3204	5131206	667
3205	5134410	403
3206	5137615	104
3207	5140821	691
3208	5144028	679
3209	5147236	127
3210	5150445	675
3211	5153655	159
3212	5156866	1036
3213	5160078	1147
3214	5163291	505
3215	5166505	1956
3216	5169720	586
3217	5172936	378
3218	5176153	537
3219	5179371	487
3220	5182590	134
3221	5185810	660
3222	5189031	388
3223	5192253	315
3224	5195476	306
3225	5198700	652
3226	5201925	304
3227	5205151	567
3228	5208378	181
3229	5211606	238
3230	5214835	775
3231	5218065	367
3232	5221296	113
3233	5224528	1958
3234	5227761	612
3235	5230995	455
3236	5234230	385
3237	5237466	638
3238	5240703	165
3239	5243941	953
3240	5247180	733
3241	5250420	1114
3242	5253661	2008
3243	5256903	1122
3244	5260146	665
3245	5263390	125
3246	5266635	486
3247	5269881	166
3248	5273128	577
3249	5276376	658
3250	5279625	10994
3251	5282875	1056
3252	5286126	295
3253	5289378	542
3254	5292631	116
3255	5295885	381
3256	5299140	671
3257	5302396	102
3258	5305653	1509
3259	5308911	620
3260	5312170	387
3261	5315430	318
3262	5318691	461
3263	5321953	902
3264	5325216	1319
3265	5328480	105
3266	5331745	972
3267	5335011	210
3268	5338278	432
3269	5341546	516
3270	5344815	816
3271	5348085	655
3272	5351356	714
3273	5354628	153
3274	5357901	137
3275	5361175	135
3276	5364450	145
3277	5367726	370
3278	5371003	157
3279	5374281	448
3280	5377560	250
3281	5380840	541
3282	5384121	615
3283	5387403	147
3284	5390686	4944
3285	5393970	109
3286	5397255	367
3287	5400541	727
3288	5403828	396
3289	5407116	434
3290	5410405	152
3291	5413695	167
3292	5416986	350
3293	5420278	792
3294	5423571	201
3295	5426865	754
3296	5430160	814
3297	5433456	675
3298	5436753	228
3299	5440051	593
3300	5443350	985
3301	5446650	752
3302	5449951	485
3303	5453253	164
3304	5456556	455
3305	5459860	309
3306	5463165	676
3307	5466471	669
3308	5469778	426
3309	5473086	595
3310	5476395	168
3311	5479705	475
3312	5483016	610
3313	5486328	206
3314	5489641	3195
3315	5492955	504
3316	5496270	144
3317	5499586	216
3318	5502903	191
3319	5506221	1393
3320	5509540	623
3321	5512860	690
3322	5516181	136
3323	5519503	622
3324	5522826	1138
3325	5526150	575
3326	5529475	109
3327	5532801	146
3328	5536128	1671
3329	5539456	232
3330	5542785	909
3331	5546115	157
3332	5549446	818
3333	5552778	279
3334	5556111	187
3335	5559445	465
3336	5562780	474
3337	5566116	153
3338	5569453	1036
3339	5572791	163
3340	5576130	181
3341	5579470	1081
3342	5582811	338
3343	5586153	175
3344	5589496	118
3345	5592840	2415
3346	5596185	184
3347	5599531	524
3348	5602878	1011
3349	5606226	169
3350	5609575	138
3351	5612925	137
3352	5616276	132
3353	5619628	511
3354	5622981	843
3355	5626335	186
3356	5629690	609
3357	5633046	519
3358	5636403	362
3359	5639761	391
3360	5643120	639
3361	5646480	733
3362	5649841	213
3363	5653203	701
3364	5656566	155
3365	5659930	736
3366	5663295	639
3367	5666661	147
3368	5670028	1171
3369	5673396	179
3370	5676765	139
3371	5680135	544
3372	5683506	195
3373	5686878	194
3374	5690251	2569
3375	5693625	321
3376	5697000	576
3377	5700376	296
3378	5703753	479
3379	5707131	231
3380	5710510	1147
3381	5713890	800
3382	5717271	185
3383	5720653	6217
3384	5724036	114
3385	5727420	159
3386	5730805	139
3387	5734191	407
3388	5737578	246
3389	5740966	721
3390	5744355	163
3391	5747745	384
3392	5751136	3765
3393	5754528	140
3394	5757921	2466
3395	5761315	152
3396	5764710	673
3397	5768106	474
3398	5771503	167
3399	5774901	560
3400	5778300	454
3401	5781700	170
3402	5785101	1024
3403	5788503	212
3404	5791906	2060
3405	5795310	160
3406	5798715	934
3407	5802121	376
3408	5805528	1110
3409	5808936	705
3410	5812345	477
3411	5815755	171
3412	5819166	113
3413	5822578	408
3414	5825991	786
3415	5829405	149
3416	5832820	510
3417	5836236	154
3418	5839653	340
3419	5843071	379
3420	5846490	2187
3421	5849910	281
3422	5853331	694
3423	5856753	474
3424	5860176	299
3425	5863600	923
3426	5867025	1653
3427	5870451	512
3428	5873878	617
3429	5877306	146
3430	5880735	233
3431	5884165	405
3432	5887596	331
3433	5891028	157
3434	5894461	118
3435	5897895	2589
3436	5901330	219
3437	5904766	1131
3438	5908203	705
3439	5911641	296
3440	5915080	597
3441	5918520	622
3442	5921961	258
3443	5925403	226
3444	5928846	444
3445	5932290	643
3446	5935735	457
3447	5939181	119
3448	5942628	1661
3449	5946076	1199
3450	5949525	437
3451	5952975	748
3452	5956426	471
3453	5959878	377
3454	5963331	222
3455	5966785	2467
3456	5970240	919
3457	5973696	715
3458	5977153	190
3459	5980611	841
3460	5984070	260
3461	5987530	1377
3462	5990991	384
3463	5994453	426
3464	5997916	573
3465	6001380	755
3466	6004845	162
3467	6008311	449
3468	6011778	537
3469	6015246	364
3470	6018715	143
3471	6022185	1470
3472	6025656	177
3473	6029128	155
3474	6032601	781
3475	6036075	887
3476	6039550	546
3477	6043026	331
3478	6046503	497
3479	6049981	314
3480	6053460	148
3481	6056940	589
3482	6060421	206
3483	6063903	360
3484	6067386	516
3485	6070870	1064
3486	6074355	164
3487	6077841	148
3488	6081328	155
3489	6084816	1043
3490	6088305	234
3491	6091795	1127
3492	6095286	1557
3493	6098778	140
3494	6102271	326
3495	6105765	577
3496	6109260	660
3497	6112756	400
3498	6116253	262
3499	6119751	378
3500	6123250	960
3501	6126750	700
3502	6130251	193
3503	6133753	558
3504	6137256	467
3505	6140760	294
3506	6144265	403
3507	6147771	255
3508	6151278	424
3509	6154786	830
3510	6158295	724
3511	6161805	162
3512	6165316	250
3513	6168828	434
3514	6172341	418
3515	6175855	357
3516	6179370	876
3517	6182886	1072
3518	6186403	128
3519	6189921	803
3520	6193440	1103
3521	6196960	127
3522	6200481	657
3523	6204003	439
3524	6207526	2438
3525	6211050	424
3526	6214575	1061
3527	6218101	660
3528	6221628	181
3529	6225156	1629
3530	6228685	120
3531	6232215	206
3532	6235746	2437
3533	6239278	983
3534	6242811	213
3535	6246345	450
3536	6249880	3525
3537	6253416	1012
3538	6256953	387
3539	6260491	178
3540	6264030	315
3541	6267570	241
3542	6271111	384
3543	6274653	542
3544	6278196	418
3545	6281740	169
3546	6285285	1154
3547	6288831	192
3548	6292378	436
3549	6295926	2029
3550	6299475	236
3551	6303025	281
3552	6306576	577
3553	6310128	241
3554	6313681	442
3555	6317235	227
3556	6320790	237
3557	6324346	1354
3558	6327903	705
3559	6331461	517
3560	6335020	498
3561	6338580	164
3562	6342141	289
3563	6345703	352
3564	6349266	673
3565	6352830	258
3566	6356395	358
3567	6359961	479
3568	6363528	172
3569	6367096	247
3570	6370665	455
3571	6374235	816
3572	6377806	666
3573	6381378	280
3574	6384951	350
3575	6388525	409
3576	6392100	360
3577	6395676	272
3578	6399253	460
3579	6402831	3366
3580	6406410	1261
3581	6409990	479
3582	6413571	405
3583	6417153	270
3584	6420736	224
3585	6424320	1772
3586	6427905	1365
3587	6431491	338
3588	6435078	1464
3589	6438666	3155
3590	6442255	465
3591	6445845	293
3592	6449436	480
3593	6453028	981
3594	6456621	900
3595	6460215	1313
3596	6463810	2579
3597	6467406	864
3598	6471003	1610
3599	6474601	712
3600	6478200	329
3601	6481800	588
3602	6485401	483
3603	6489003	1192
3604	6492606	517
3605	6496210	2074
3606	6499815	3899
3607	6503421	521
3608	6507028	410
3609	6510636	1767
3610	6514245	181
3611	6517855	787
3612	6521466	703
3613	6525078	480
3614	6528691	1612
3615	6532305	511
3616	6535920	707
3617	6539536	297
3618	6543153	722
3619	6546771	415
3620	6550390	803
3621	6554010	694
3622	6557631	536
3623	6561253	340
3624	6564876	624
3625	6568500	703
3626	6572125	521
3627	6575751	409
3628	6579378	387
3629	6583006	1257
3630	6586635	269
3631	6590265	441
3632	6593896	1044
3633	6597528	1200
3634	6601161	770
3635	6604795	595
3636	6608430	1512
3637	6612066	575
3638	6615703	1121
3639	6619341	319
3640	6622980	1159
3641	6626620	1768
3642	6630261	4215
3643	6633903	561
3644	6637546	2324
3645	6641190	1446
3646	6644835	496
3647	6648481	1334
3648	6652128	471
3649	6655776	270
3650	6659425	1170
3651	6663075	571
3652	6666726	303
3653	6670378	613
3654	6674031	394
3655	6677685	281
3656	6681340	1349
3657	6684996	1165
3658	6688653	1158
3659	6692311	575
3660	6695970	1360
3661	6699630	494
3662	6703291	626
3663	6706953	1917
3664	6710616	371
3665	6714280	604
3666	6717945	1584
3667	6721611	1258
3668	6725278	675
3669	6728946	1065
3670	6732615	1159
3671	6736285	764
3672	6739956	1143
3673	6743628	382
3674	6747301	718
3675	6750975	2166
3676	6754650	777
3677	6758326	553
3678	6762003	565
3679	6765681	1318
3680	6769360	567
3681	6773040	831
3682	6776721	771
3683	6780403	3597
3684	6784086	289
3685	6787770	1099
3686	6791455	419
3687	6795141	677
3688	6798828	866
3689	6802516	1950
3690	6806205	783
3691	6809895	960
3692	6813586	543
3693	6817278	1030
3694	6820971	971
3695	6824665	1162
3696	6828360	410
3697	6832056	670
3698	6835753	2544
3699	6839451	1003
3700	6843150	471
3701	6846850	658
3702	6850551	1099
3703	6854253	660
3704	6857956	592
3705	6861660	737
3706	6865365	378
3707	6869071	635
3708	6872778	509
3709	6876486	709
3710	6880195	860
3711	6883905	2989
3712	6887616	4184
3713	6891328	584
3714	6895041	459
3715	6898755	797
3716	6902470	539
3717	6906186	3235
3718	6909903	486
3719	6913621	1151
3720	6917340	614
3721	6921060	498
3722	6924781	521
3723	6928503	392
3724	6932226	612
3725	6935950	370
3726	6939675	3588
3727	6943401	505
3728	6947128	206
3729	6950856	612
3730	6954585	314
3731	6958315	859
3732	6962046	178
3733	6965778	677
3734	6969511	566
3735	6973245	1255
3736	6976980	1047
3737	6980716	549
3738	6984453	1880
3739	6988191	988
3740	6991930	1116
3741	6995670	643
3742	6999411	505
3743	7003153	1677
3744	7006896	437
3745	7010640	420
3746	7014385	395
3747	7018131	548
3748	7021878	367
3749	7025626	254
3750	7029375	2142
3751	7033125	258
3752	7036876	571
3753	7040628	384
3754	7044381	1016
3755	7048135	298
3756	7051890	996
3757	7055646	1519
3758	7059403	1408
3759	7063161	306
3760	7066920	3084
3761	7070680	1706
3762	7074441	4181
3763	7078203	1809
3764	7081966	381
3765	7085730	450
3766	7089495	931
3767	7093261	881
3768	7097028	285
3769	7100796	825
3770	7104565	794
3771	7108335	363
3772	7112106	1367
3773	7115878	677
3774	7119651	336
3775	7123425	229
3776	7127200	451
3777	7130976	367
3778	7134753	2504
3779	7138531	2821
3780	7142310	298
3781	7146090	852
3782	7149871	554
3783	7153653	440
3784	7157436	264
3785	7161220	1837
3786	7165005	3321
3787	7168791	425
3788	7172578	586
3789	7176366	226
3790	7180155	383
3791	7183945	477
3792	7187736	235
3793	7191528	529
3794	7195321	658
3795	7199115	890
3796	7202910	389
3797	7206706	1478
3798	7210503	1062
3799	7214301	593
3800	7218100	702
3801	7221900	1990
3802	7225701	278
3803	7229503	572
3804	7233306	357
3805	7237110	807
3806	7240915	333
3807	7244721	417
3808	7248528	1034
3809	7252336	3569
3810	7256145	794
3811	7259955	2485
3812	7263766	740
3813	7267578	263
3814	7271391	1780
3815	7275205	494
3816	7279020	561
3817	7282836	576
3818	7286653	207
3819	7290471	721
3820	7294290	1470
3821	7298110	5220
3822	7301931	1403
3823	7305753	1420
3824	7309576	4552
3825	7313400	1540
3826	7317225	1129
3827	7321051	649
3828	7324878	1059
3829	7328706	349
3830	7332535	902
3831	7336365	2728
3832	7340196	358
3833	7344028	349
3834	7347861	1619
3835	7351695	919
3836	7355530	1260
3837	7359366	245
3838	7363203	595
3839	7367041	798
3840	7370880	695
3841	7374720	1392
3842	7378561	264
3843	7382403	490
3844	7386246	800
3845	7390090	304
3846	7393935	411
3847	7397781	1202
3848	7401628	640
3849	7405476	640
3850	7409325	795
3851	7413175	792
3852	7417026	534
3853	7420878	495
3854	7424731	460
3855	7428585	795
3856	7432440	1507
3857	7436296	584
3858	7440153	1657
3859	7444011	820
3860	7447870	606
3861	7451730	507
3862	7455591	2411
3863	7459453	329
3864	7463316	591
3865	7467180	912
3866	7471045	326
3867	7474911	1039
3868	7478778	1033
3869	7482646	453
3870	7486515	923
3871	7490385	1321
3872	7494256	763
3873	7498128	383
3874	7502001	392
3875	7505875	851
3876	7509750	385
3877	7513626	2473
3878	7517503	311
3879	7521381	241
3880	7525260	440
3881	7529140	677
3882	7533021	2209
3883	7536903	689
3884	7540786	350
3885	7544670	1597
3886	7548555	1047
3887	7552441	634
3888	7556328	363
3889	7560216	569
3890	7564105	543
3891	7567995	670
3892	7571886	1525
3893	7575778	1616
3894	7579671	971
3895	7583565	4338
3896	7587460	963
3897	7591356	714
3898	7595253	942
3899	7599151	402
3900	7603050	398
3901	7606950	770
3902	7610851	1065
3903	7614753	924
3904	7618656	399
3905	7622560	454
3906	7626465	669
3907	7630371	581
3908	7634278	425
3909	7638186	542
3910	7642095	1407
3911	7646005	1785
3912	7649916	395
3913	7653828	1568
3914	7657741	4664
3915	7661655	500
3916	7665570	1864
3917	7669486	2341
3918	7673403	473
3919	7677321	326
3920	7681240	506
3921	7685160	465
3922	7689081	300
3923	7693003	1489
3924	7696926	907
3925	7700850	1237
3926	7704775	290
3927	7708701	1294
3928	7712628	928
3929	7716556	2784
3930	7720485	236
3931	7724415	401
3932	7728346	517
3933	7732278	537
3934	7736211	585
3935	7740145	728
3936	7744080	3505
3937	7748016	428
3938	7751953	472
3939	7755891	1624
3940	7759830	1498
3941	7763770	871
3942	7767711	485
3943	7771653	240
3944	7775596	435
3945	7779540	479
3946	7783485	573
3947	7787431	670
3948	7791378	985
3949	7795326	527
3950	7799275	398
3951	7803225	795
3952	7807176	468
3953	7811128	1941
3954	7815081	1130
3955	7819035	771
3956	7822990	2974
3957	7826946	740
3958	7830903	291
3959	7834861	1819
3960	7838820	729
3961	7842780	696
3962	7846741	2378
3963	7850703	462
3964	7854666	457
3965	7858630	1170
3966	7862595	620
3967	7866561	571
3968	7870528	494
3969	7874496	2293
3970	7878465	8160
3971	7882435	1136
3972	7886406	1086
3973	7890378	1025
3974	7894351	668
3975	7898325	787
3976	7902300	1444
3977	7906276	957
3978	7910253	964
3979	7914231	4333
3980	7918210	1139
3981	7922190	1857
3982	7926171	876
3983	7930153	1480
3984	7934136	362
3985	7938120	1788
3986	7942105	1059
3987	7946091	447
3988	7950078	906
3989	7954066	1607
3990	7958055	616
3991	7962045	792
3992	7966036	299
3993	7970028	3841
3994	7974021	1670
3995	7978015	911
3996	7982010	493
3997	7986006	10681
3998	7990003	2698
3999	7994001	813
4000	7998000	635
4001	8002000	634
4002	8006001	791
4003	8010003	1435
4004	8014006	1174
4005	8018010	450
4006	8022015	263
4007	8026021	425
4008	8030028	1194
4009	8034036	454
4010	8038045	605
4011	8042055	289
4012	8046066	1696
4013	8050078	1127
4014	8054091	1591
4015	8058105	412
4016	8062120	1952
4017	8066136	648
4018	8070153	394
4019	8074171	584
4020	8078190	594
4021	8082210	567
4022	8086231	421
4023	8090253	703
4024	8094276	857
4025	8098300	978
4026	8102325	4112
4027	8106351	330
4028	8110378	234
4029	8114406	344
4030	8118435	694
4031	8122465	454
4032	8126496	1413
4033	8130528	2069
4034	8134561	377
4035	8138595	339
4036	8142630	461
4037	8146666	248
4038	8150703	548
4039	8154741	2791
4040	8158780	1180
4041	8162820	780
4042	8166861	2401
4043	8170903	285
4044	8174946	713
4045	8178990	316
4046	8183035	362
4047	8187081	414
4048	8191128	517
4049	8195176	587
4050	8199225	1217
4051	8203275	208
4052	8207326	588
4053	8211378	555
4054	8215431	511
4055	8219485	1994
4056	8223540	1310
4057	8227596	569
4058	8231653	436
4059	8235711	353
4060	8239770	3535
4061	8243830	288
4062	8247891	3928
4063	8251953	365
4064	8256016	275
4065	8260080	255
4066	8264145	2144
4067	8268211	775
4068	8272278	592
4069	8276346	454
4070	8280415	1166
4071	8284485	356
4072	8288556	1669
4073	8292628	715
4074	8296701	3055
4075	8300775	569
4076	8304850	1134
4077	8308926	297
4078	8313003	878
4079	8317081	2129
4080	8321160	3760
4081	8325240	274
4082	8329321	1319
4083	8333403	914
4084	8337486	1394
4085	8341570	632
4086	8345655	272
4087	8349741	420
4088	8353828	487
4089	8357916	511
4090	8362005	1456
4091	8366095	704
4092	8370186	2819
4093	8374278	610
4094	8378371	326
4095	8382465	330
4096	8386560	1194
4097	8390656	334
4098	8394753	393
4099	8398851	1206
4100	8402950	767
4101	8407050	468
4102	8411151	1621
4103	8415253	896
4104	8419356	2538
4105	8423460	6146
4106	8427565	1729
4107	8431671	373
4108	8435778	410
4109	8439886	1981
4110	8443995	1614
4111	8448105	330
4112	8452216	1255
4113	8456328	740
4114	8460441	2022
4115	8464555	706
4116	8468670	303
4117	8472786	252
4118	8476903	1366
4119	8481021	401
4120	8485140	2436
4121	8489260	3635
4122	8493381	552
4123	8497503	342
4124	8501626	2056
4125	8505750	371
4126	8509875	1265
4127	8514001	857
4128	8518128	855
4129	8522256	367
4130	8526385	721
4131	8530515	591
4132	8534646	306
4133	8538778	372
4134	8542911	2161
4135	8547045	465
4136	8551180	618
4137	8555316	853
4138	8559453	819
4139	8563591	1955
4140	8567730	963
4141	8571870	573
4142	8576011	408
4143	8580153	1441
4144	8584296	399
4145	8588440	944
4146	8592585	1947
4147	8596731	550
4148	8600878	1004
4149	8605026	2594
4150	8609175	1028
4151	8613325	583
4152	8617476	356
4153	8621628	427
4154	8625781	1102
4155	8629935	640
4156	8634090	819
4157	8638246	1554
4158	8642403	987
4159	8646561	1010
4160	8650720	625
4161	8654880	1743
4162	8659041	2744
4163	8663203	4506
4164	8667366	1126
4165	8671530	956
4166	8675695	528
4167	8679861	2024
4168	8684028	386
4169	8688196	1500
4170	8692365	2220
4171	8696535	764
4172	8700706	2366
4173	8704878	2206
4174	8709051	1546
4175	8713225	710
4176	8717400	819
4177	8721576	618
4178	8725753	517
4179	8729931	848
4180	8734110	1359
4181	8738290	3858
4182	8742471	2614
4183	8746653	323
4184	8750836	637
4185	8755020	1048
4186	8759205	1480
4187	8763391	299
4188	8767578	3245
4189	8771766	1516
4190	8775955	6223
4191	8780145	1764
4192	8784336	281
4193	8788528	5753
4194	8792721	6734
4195	8796915	4208
4196	8801110	214
4197	8805306	1327
4198	8809503	455
4199	8813701	396
4200	8817900	533
4201	8822100	1668
4202	8826301	3383
4203	8830503	1478
4204	8834706	647
4205	8838910	355
4206	8843115	555
4207	8847321	2596
4208	8851528	1807
4209	8855736	674
4210	8859945	657
4211	8864155	541
4212	8868366	3072
4213	8872578	884
4214	8876791	336
4215	8881005	1928
4216	8885220	601
4217	8889436	1614
4218	8893653	299
4219	8897871	388
4220	8902090	3428
4221	8906310	604
4222	8910531	735
4223	8914753	919
4224	8918976	1327
4225	8923200	2738
4226	8927425	399
4227	8931651	2592
4228	8935878	881
4229	8940106	1294
4230	8944335	1368
4231	8948565	3323
4232	8952796	5713
4233	8957028	494
4234	8961261	523
4235	8965495	561
4236	8969730	1859
4237	8973966	591
4238	8978203	292
4239	8982441	804
4240	8986680	1286
4241	8990920	1086
4242	8995161	583
4243	8999403	711
4244	9003646	342
4245	9007890	1038
4246	9012135	578
4247	9016381	4647
4248	9020628	250
4249	9024876	347
4250	9029125	1438
4251	9033375	1170
4252	9037626	908
4253	9041878	797
4254	9046131	1308
4255	9050385	2997
4256	9054640	4922
4257	9058896	357
4258	9063153	2468
4259	9067411	2340
4260	9071670	696
4261	9075930	1254
4262	9080191	374
4263	9084453	300
4264	9088716	356
4265	9092980	764
4266	9097245	663
4267	9101511	3262
4268	9105778	556
4269	9110046	399
4270	9114315	1877
4271	9118585	1474
4272	9122856	1950
4273	9127128	326
4274	9131401	484
4275	9135675	568
4276	9139950	620
4277	9144226	4728
4278	9148503	2328
4279	9152781	2120
4280	9157060	586
4281	9161340	7258
4282	9165621	750
4283	9169903	4343
4284	9174186	652
4285	9178470	4145
4286	9182755	1087
4287	9187041	768
4288	9191328	1069
4289	9195616	1046
4290	9199905	346
4291	9204195	2142
4292	9208486	297
4293	9212778	410
4294	9217071	1389
4295	9221365	1538
4296	9225660	633
4297	9229956	2116
4298	9234253	465
4299	9238551	2062
4300	9242850	1610
4301	9247150	2977
4302	9251451	388
4303	9255753	1074
4304	9260056	2014
4305	9264360	530
4306	9268665	745
4307	9272971	33330
4308	9277278	410
4309	9281586	3362
4310	9285895	457
4311	9290205	987
4312	9294516	1935
4313	9298828	707
4314	9303141	1532
4315	9307455	480
4316	9311770	1137
4317	9316086	637
4318	9320403	283
4319	9324721	760
4320	9329040	362
4321	9333360	357
4322	9337681	382
4323	9342003	500
4324	9346326	309
4325	9350650	737
4326	9354975	2758
4327	9359301	724
4328	9363628	1643
4329	9367956	520
4330	9372285	979
4331	9376615	4072
4332	9380946	631
4333	9385278	475
4334	9389611	6511
4335	9393945	481
4336	9398280	444
4337	9402616	364
4338	9406953	1199
4339	9411291	830
4340	9415630	5421
4341	9419970	294
4342	9424311	390
4343	9428653	509
4344	9432996	382
4345	9437340	13403
4346	9441685	954
4347	9446031	1374
4348	9450378	1170
4349	9454726	621
4350	9459075	436
4351	9463425	363
4352	9467776	356
4353	9472128	1389
4354	9476481	1460
4355	9480835	2648
4356	9485190	356
4357	9489546	1165
4358	9493903	679
4359	9498261	652
4360	9502620	1095
4361	9506980	320
4362	9511341	1483
4363	9515703	741
4364	9520066	606
4365	9524430	347
4366	9528795	626
4367	9533161	971
4368	9537528	5100
4369	9541896	1252
4370	9546265	567
4371	9550635	832
4372	9555006	1252
4373	9559378	3136
4374	9563751	318
4375	9568125	618
4376	9572500	992
4377	9576876	2670
4378	9581253	392
4379	9585631	569
4380	9590010	6755
4381	9594390	2772
4382	9598771	615
4383	9603153	821
4384	9607536	1517
4385	9611920	1302
4386	9616305	384
4387	9620691	2888
4388	9625078	1606
4389	9629466	684
4390	9633855	1960
4391	9638245	1702
4392	9642636	656
4393	9647028	370
4394	9651421	1111
4395	9655815	758
4396	9660210	1141
4397	9664606	414
4398	9669003	521
4399	9673401	615
4400	9677800	570
4401	9682200	619
4402	9686601	716
4403	9691003	911
4404	9695406	4281
4405	9699810	361
4406	9704215	725
4407	9708621	1524
4408	9713028	229
4409	9717436	197
4410	9721845	327
4411	9726255	327
4412	9730666	1067
4413	9735078	394
4414	9739491	577
4415	9743905	403
4416	9748320	4768
4417	9752736	2440
4418	9757153	427
4419	9761571	434
4420	9765990	1996
4421	9770410	1901
4422	9774831	1117
4423	9779253	1742
4424	9783676	6024
4425	9788100	499
4426	9792525	798
4427	9796951	1721
4428	9801378	751
4429	9805806	776
4430	9810235	1699
4431	9814665	1448
4432	9819096	681
4433	9823528	3886
4434	9827961	360
4435	9832395	530
4436	9836830	429
4437	9841266	499
4438	9845703	901
4439	9850141	795
4440	9854580	970
4441	9859020	2061
4442	9863461	875
4443	9867903	574
4444	9872346	632
4445	9876790	674
4446	9881235	1824
4447	9885681	409
4448	9890128	846
4449	9894576	2202
4450	9899025	500
4451	9903475	1293
4452	9907926	5696
4453	9912378	659
4454	9916831	861
4455	9921285	2198
4456	9925740	1700
4457	9930196	269
4458	9934653	575
4459	9939111	999
4460	9943570	328
4461	9948030	540
4462	9952491	1082
4463	9956953	2437
4464	9961416	629
4465	9965880	330
4466	9970345	503
4467	9974811	884
4468	9979278	2532
4469	9983746	1602
4470	9988215	633
4471	9992685	517
4472	9997156	561
4473	10001628	1650
4474	10006101	567
4475	10010575	1318
4476	10015050	925
4477	10019526	1480
4478	10024003	2338
4479	10028481	452
4480	10032960	819
4481	10037440	1010
4482	10041921	1784
4483	10046403	908
4484	10050886	1205
4485	10055370	824
4486	10059855	405
4487	10064341	612
4488	10068828	1020
4489	10073316	1092
4490	10077805	809
4491	10082295	240
4492	10086786	400
4493	10091278	1387
4494	10095771	605
4495	10100265	1932
4496	10104760	1703
4497	10109256	2202
4498	10113753	752
4499	10118251	1246
4500	10122750	1846
4501	10127250	4849
4502	10131751	2646
4503	10136253	1510
4504	10140756	2342
4505	10145260	719
4506	10149765	1884
4507	10154271	345
4508	10158778	1404
4509	10163286	7450
4510	10167795	314
4511	10172305	1975
4512	10176816	565
4513	10181328	394
4514	10185841	1385
4515	10190355	284
4516	10194870	1522
4517	10199386	1385
4518	10203903	2090
4519	10208421	452
4520	10212940	445
4521	10217460	2841
4522	10221981	1200
4523	10226503	419
4524	10231026	1705
4525	10235550	640
4526	10240075	2337
4527	10244601	538
4528	10249128	357
4529	10253656	409
4530	10258185	1393
4531	10262715	4822
4532	10267246	1048
4533	10271778	2980
4534	10276311	1377
4535	10280845	4145
4536	10285380	780
4537	10289916	1400
4538	10294453	1434
4539	10298991	640
4540	10303530	455
4541	10308070	2450
4542	10312611	595
4543	10317153	3791
4544	10321696	381
4545	10326240	556
4546	10330785	346
4547	10335331	198
4548	10339878	2720
4549	10344426	2020
4550	10348975	253
4551	10353525	226
4552	10358076	579
4553	10362628	880
4554	10367181	607
4555	10371735	601
4556	10376290	1275
4557	10380846	287
4558	10385403	1311
4559	10389961	911
4560	10394520	5155
4561	10399080	1044
4562	10403641	1278
4563	10408203	430
4564	10412766	539
4565	10417330	3135
4566	10421895	1609
4567	10426461	417
4568	10431028	811
4569	10435596	363
4570	10440165	1441
4571	10444735	2467
4572	10449306	569
4573	10453878	472
4574	10458451	1312
4575	10463025	277
4576	10467600	2374
4577	10472176	345
4578	10476753	384
4579	10481331	446
4580	10485910	274
4581	10490490	442
4582	10495071	338
4583	10499653	3378
4584	10504236	2730
4585	10508820	722
4586	10513405	302
4587	10517991	447
4588	10522578	773
4589	10527166	2660
4590	10531755	1974
4591	10536345	277
4592	10540936	879
4593	10545528	373
4594	10550121	574
4595	10554715	459
4596	10559310	406
4597	10563906	497
4598	10568503	1311
4599	10573101	556
4600	10577700	1113
4601	10582300	988
4602	10586901	190
4603	10591503	10130
4604	10596106	1571
4605	10600710	8016
4606	10605315	635
4607	10609921	2786
4608	10614528	961
4609	10619136	3837
4610	10623745	538
4611	10628355	1077
4612	10632966	349
4613	10637578	587
4614	10642191	238
4615	10646805	724
4616	10651420	1851
4617	10656036	3681
4618	10660653	205
4619	10665271	3818
4620	10669890	424
4621	10674510	3346
4622	10679131	1204
4623	10683753	695
4624	10688376	3027
4625	10693000	835
4626	10697625	1343
4627	10702251	707
4628	10706878	1185
4629	10711506	1162
4630	10716135	893
4631	10720765	1595
4632	10725396	16842
4633	10730028	1271
4634	10734661	1342
4635	10739295	322
4636	10743930	896
4637	10748566	775
4638	10753203	1436
4639	10757841	1928
4640	10762480	823
4641	10767120	705
4642	10771761	572
4643	10776403	3780
4644	10781046	887
4645	10785690	435
4646	10790335	655
4647	10794981	554
4648	10799628	3059
4649	10804276	909
4650	10808925	1554
4651	10813575	355
4652	10818226	530
4653	10822878	672
4654	10827531	582
4655	10832185	812
4656	10836840	780
4657	10841496	1131
4658	10846153	455
4659	10850811	288
4660	10855470	2380
4661	10860130	1331
4662	10864791	3756
4663	10869453	778
4664	10874116	1749
4665	10878780	7949
4666	10883445	1175
4667	10888111	261
4668	10892778	555
4669	10897446	2560
4670	10902115	466
4671	10906785	2794
4672	10911456	2409
4673	10916128	276
4674	10920801	557
4675	10925475	1058
4676	10930150	760
4677	10934826	1112
4678	10939503	1967
4679	10944181	595
4680	10948860	1028
4681	10953540	359
4682	10958221	220
4683	10962903	716
4684	10967586	665
4685	10972270	2233
4686	10976955	547
4687	10981641	679
4688	10986328	5852
4689	10991016	2480
4690	10995705	5618
4691	11000395	1730
4692	11005086	694
4693	11009778	1535
4694	11014471	469
4695	11019165	694
4696	11023860	3108
4697	11028556	421
4698	11033253	2002
4699	11037951	1204
4700	11042650	2165
4701	11047350	515
4702	11052051	3092
4703	11056753	1283
4704	11061456	599
4705	11066160	409
4706	11070865	1447
4707	11075571	1011
4708	11080278	525
4709	11084986	302
4710	11089695	313
4711	11094405	2587
4712	11099116	1054
4713	11103828	1253
4714	11108541	1653
4715	11113255	1310
4716	11117970	1424
4717	11122686	1130
4718	11127403	1067
4719	11132121	814
4720	11136840	858
4721	11141560	624
4722	11146281	1722
4723	11151003	928
4724	11155726	717
4725	11160450	1639
4726	11165175	1253
4727	11169901	986
4728	11174628	1461
4729	11179356	314
4730	11184085	4024
4731	11188815	535
4732	11193546	530
4733	11198278	700
4734	11203011	689
4735	11207745	834
4736	11212480	1384
4737	11217216	432
4738	11221953	678
4739	11226691	1194
4740	11231430	1171
4741	11236170	542
4742	11240911	1662
4743	11245653	276
4744	11250396	353
4745	11255140	363
4746	11259885	517
4747	11264631	1865
4748	11269378	427
4749	11274126	1114
4750	11278875	2677
4751	11283625	329
4752	11288376	1464
4753	11293128	555
4754	11297881	767
4755	11302635	942
4756	11307390	2716
4757	11312146	858
4758	11316903	491
4759	11321661	1445
4760	11326420	4293
4761	11331180	2228
4762	11335941	5001
4763	11340703	220
4764	11345466	2841
4765	11350230	4815
4766	11354995	498
4767	11359761	888
4768	11364528	3794
4769	11369296	348
4770	11374065	6201
4771	11378835	1610
4772	11383606	988
4773	11388378	396
4774	11393151	646
4775	11397925	389
4776	11402700	617
4777	11407476	806
4778	11412253	1179
4779	11417031	335
4780	11421810	1922
4781	11426590	1156
4782	11431371	2470
4783	11436153	502
4784	11440936	323
4785	11445720	652
4786	11450505	933
4787	11455291	279
4788	11460078	1154
4789	11464866	595
4790	11469655	6405
4791	11474445	3702
4792	11479236	1810
4793	11484028	616
4794	11488821	915
4795	11493615	497
4796	11498410	237
4797	11503206	613
4798	11508003	928
4799	11512801	341
4800	11517600	898
4801	11522400	489
4802	11527201	1648
4803	11532003	483
4804	11536806	259
4805	11541610	1705
4806	11546415	361
4807	11551221	677
4808	11556028	1111
4809	11560836	2623
4810	11565645	240
4811	11570455	632
4812	11575266	410
4813	11580078	864
4814	11584891	573
4815	11589705	1599
4816	11594520	1997
4817	11599336	912
4818	11604153	2770
4819	11608971	1001
4820	11613790	1831
4821	11618610	1162
4822	11623431	4053
4823	11628253	1390
4824	11633076	1464
4825	11637900	12593
4826	11642725	239
4827	11647551	307
4828	11652378	1881
4829	11657206	1574
4830	11662035	1363
4831	11666865	1364
4832	11671696	1576
4833	11676528	2680
4834	11681361	371
4835	11686195	1115
4836	11691030	11642
4837	11695866	323
4838	11700703	427
4839	11705541	863
4840	11710380	416
4841	11715220	3965
4842	11720061	11231
4843	11724903	334
4844	11729746	739
4845	11734590	864
4846	11739435	612
4847	11744281	806
4848	11749128	967
4849	11753976	1119
4850	11758825	569
4851	11763675	681
4852	11768526	1093
4853	11773378	365
4854	11778231	281
4855	11783085	1682
4856	11787940	2487
4857	11792796	1370
4858	11797653	1229
4859	11802511	777
4860	11807370	2196
4861	11812230	3252
4862	11817091	1258
4863	11821953	474
4864	11826816	1486
4865	11831680	494
4866	11836545	1835
4867	11841411	1356
4868	11846278	1067
4869	11851146	508
4870	11856015	1196
4871	11860885	1166
4872	11865756	845
4873	11870628	348
4874	11875501	376
4875	11880375	1516
4876	11885250	295
4877	11890126	6730
4878	11895003	2631
4879	11899881	588
4880	11904760	339
4881	11909640	784
4882	11914521	12245
4883	11919403	1482
4884	11924286	3769
4885	11929170	2491
4886	11934055	571
4887	11938941	1868
4888	11943828	13563
4889	11948716	431
4890	11953605	230
4891	11958495	327
4892	11963386	1036
4893	11968278	2711
4894	11973171	291
4895	11978065	396
4896	11982960	600
4897	11987856	223
4898	11992753	1527
4899	11997651	1939
4900	12002550	1078
4901	12007450	520
4902	12012351	588
4903	12017253	2779
4904	12022156	4868
4905	12027060	910
4906	12031965	2226
4907	12036871	2283
4908	12041778	944
4909	12046686	780
4910	12051595	1066
4911	12056505	387
4912	12061416	2920
4913	12066328	1256
4914	12071241	1107
4915	12076155	545
4916	12081070	217
4917	12085986	364
4918	12090903	5759
4919	12095821	10085
4920	12100740	46638
4921	12105660	1801
4922	12110581	2382
4923	12115503	9218
