100	4950	128
101	5050	207
102	5151	23
103	5253	205
104	5356	28
105	5460	177
106	5565	40
107	5671	30
108	5778	26
109	5886	532
110	5995	50
111	6105	199
112	6216	167
113	6328	65
114	6441	346
115	6555	33
116	6670	56
117	6786	53
118	6903	145
119	7021	296
120	7140	147
121	7260	109
122	7381	40
123	7503	66
124	7626	62
125	7750	202
126	7875	62
127	8001	68
128	8128	279
129	8256	70
130	8385	79
131	8515	493
132	8646	70
133	8778	42
134	8911	530
135	9045	800
136	9180	65
137	9316	68
138	9453	68
139	9591	875
140	9730	96
141	9870	83
142	10011	778
143	10153	81
144	10296	82
145	10440	60
146	10585	78
147	10731	583
148	10878	58
149	11026	99
150	11175	101
151	11325	142
152	11476	191
153	11628	91
154	11781	130
155	11935	146
156	12090	91
157	12246	299
158	12403	99
159	12561	102
160	12720	99
161	12880	79
162	13041	664
163	13203	164
164	13366	1303
165	13530	65
166	13695	63
167	13861	129
168	14028	85
169	14196	117
170	14365	522
171	14535	707
172	14706	116
173	14878	111
174	15051	524
175	15225	820
176	15400	118
177	15576	110
178	15753	498
179	15931	157
180	16110	88
181	16290	228
182	16471	77
183	16653	165
184	16836	481
185	17020	524
186	17205	115
187	17391	93
188	17578	92
189	17766	1081
190	17955	131
191	18145	152
192	18336	123
193	18528	638
194	18721	187
195	18915	161
196	19110	144
197	19306	1148
198	19503	818
199	19701	94
200	19900	913
201	20100	2201
202	20301	139
203	20503	190
204	20706	437
205	20910	136
206	21115	172
207	21321	603
208	21528	850
209	21736	1387
210	21945	171
211	22155	180
212	22366	152
213	22578	159
214	22791	179
215	23005	134
216	23220	180
217	23436	140
218	23653	116
219	23871	119
220	24090	198
221	24310	172
222	24531	229
223	24753	165
224	24976	185
225	25200	1528
226	25425	1871
227	25651	192
228	25878	582
229	26106	696
230	26335	227
231	26565	186
232	26796	1098
233	27028	209
234	27261	936
235	27495	212
236	27730	211
237	27966	2010
238	28203	531
239	28441	178
240	28680	888
241	28920	232
242	29161	210
243	29403	233
244	29646	873
245	29890	195
246	30135	237
247	30381	153
248	30628	539
249	30876	159
250	31125	3116
251	31375	257
252	31626	253
253	31878	251
254	32131	249
255	32385	247
256	32640	782
257	32896	281
258	33153	249
259	33411	269
260	33670	262
261	33930	308
262	34191	188
263	34453	163
264	34716	203
265	34980	1363
266	35245	1400
267	35511	2730
268	35778	240
269	36046	838
270	36315	2277
271	36585	312
272	36856	1386
273	37128	311
274	37401	382
275	37675	277
276	37950	2023
277	38226	169
278	38503	172
279	38781	178
280	39060	392
281	39340	275
282	39621	948
283	39903	637
284	40186	363
285	40470	192
286	40755	303
287	41041	183
288	41328	187
289	41616	2176
290	41905	341
291	42195	1149
292	42486	2648
293	42778	1936
294	43071	319
295	43365	2998
296	43660	315
297	43956	786
298	44253	3917
299	44551	2942
300	44850	261
301	45150	951
302	45451	1262
303	45753	1154
304	46056	352
305	46360	2427
306	46665	235
307	46971	376
308	47278	253
309	47586	573
310	47895	1722
311	48205	833
312	48516	486
313	48828	369
314	49141	1303
315	49455	929
316	49770	2530
317	50086	389
318	50403	388
319	50721	833
320	51040	386
321	51360	553
322	51681	2586
323	52003	684
324	52326	254
325	52650	379
326	52975	2319
327	53301	260
328	53628	321
329	53956	4608
330	54285	401
331	54615	405
332	54946	1963
333	55278	615
334	55611	295
335	55945	1450
336	56280	450
337	56616	709
338	56953	860
339	57291	1010
340	57630	1033
341	57970	284
342	58311	266
343	58653	319
344	58996	1513
345	59340	438
346	59685	285
347	60031	439
348	60378	2729
349	60726	274
350	61075	300
351	61425	282
352	61776	444
353	62128	461
354	62481	1041
355	62835	4100
356	63190	1556
357	63546	481
358	63903	3481
359	64261	475
360	64620	435
361	64980	517
362	65341	3345
363	65703	635
364	66066	521
365	66430	1310
366	66795	2030
367	67161	1285
368	67528	331
369	67896	383
370	68265	493
371	68635	481
372	69006	1741
373	69378	621
374	69751	332
375	70125	461
376	70500	3160
377	70876	4890
378	71253	2375
379	71631	7602
380	72010	864
381	72390	553
382	72771	1530
383	73153	904
384	73536	3899
385	73920	539
386	74305	526
387	74691	979
388	75078	2450
389	75466	6040
390	75855	862
391	76245	4743
392	76636	1403
393	77028	1530
394	77421	610
395	77815	572
396	78210	570
397	78606	423
398	79003	591
399	79401	591
400	79800	405
401	80200	515
402	80601	387
403	81003	539
404	81406	1958
405	81810	614
406	82215	593
407	82621	599
408	83028	747
409	83436	526
410	83845	1212
411	84255	4404
412	84666	5873
413	85078	1801
414	85491	446
415	85905	2037
416	86320	398
417	86736	480
418	87153	655
419	87571	443
420	87990	2346
421	88410	368
422	88831	1842
423	89253	440
424	89676	650
425	90100	691
426	90525	426
427	90951	726
428	91378	457
429	91806	836
430	92235	452
431	92665	420
432	93096	802
433	93528	4117
434	93961	2732
435	94395	5721
436	94830	624
437	95266	787
438	95703	510
439	96141	529
440	96580	4301
441	97020	675
442	97461	1212
443	97903	841
444	98346	4188
445	98790	671
446	99235	1356
447	99681	2898
448	100128	8613
449	100576	636
450	101025	7645
451	101475	900
452	101926	590
453	102378	1032
454	102831	572
455	103285	8584
456	103740	1004
457	104196	940
458	104653	610
459	105111	670
460	105570	1112
461	106030	975
462	106491	1192
463	106953	757
464	107416	982
465	107880	611
466	108345	990
467	108811	7257
468	109278	636
469	109746	1695
470	110215	5529
471	110685	662
472	111156	1132
473	111628	895
474	112101	1003
475	112575	4589
476	113050	5663
477	113526	987
478	114003	622
479	114481	1091
480	114960	761
481	115440	4511
482	115921	2031
483	116403	676
484	116886	3101
485	117370	5420
486	117855	1071
487	118341	3629
488	118828	1117
489	119316	1014
490	119805	1015
491	120295	1252
492	120786	1081
493	121278	3887
494	121771	1151
495	122265	2046
496	122760	7932
497	123256	1184
498	123753	1134
499	124251	799
500	124750	2085
501	125250	6983
502	125751	3567
503	126253	4779
504	126756	1918
505	127260	1824
506	127765	1276
507	128271	2556
508	128778	2026
509	129286	1284
510	129795	2380
511	130305	11210
512	130816	1262
513	131328	3924
514	131841	2032
515	132355	4846
516	132870	2218
517	133386	1260
518	133903	1025
519	134421	1253
520	134940	2071
521	135460	3141
522	135981	1174
523	136503	1195
524	137026	813
525	137550	7625
526	138075	6124
527	138601	1525
528	139128	1169
529	139656	790
530	140185	2036
531	140715	14124
532	141246	3081
533	141778	11353
534	142311	1921
535	142845	974
536	143380	1447
537	143916	10964
538	144453	1328
539	144991	3432
540	145530	1276
541	146070	1430
542	146611	1538
543	147153	2002
544	147696	1244
545	148240	1514
546	148785	3730
547	149331	1841
548	149878	998
549	150426	3363
550	150975	8849
551	151525	1316
552	152076	2526
553	152628	10021
554	153181	14306
555	153735	2061
556	154290	1278
557	154846	890
558	155403	16283
559	155961	1200
560	156520	2103
561	157080	1636
562	157641	885
563	158203	5209
564	158766	954
565	159330	2904
566	159895	5135
567	160461	942
568	161028	1945
569	161596	1395
570	162165	7177
571	162735	888
572	163306	898
573	163878	14957
574	164451	1467
575	165025	2194
576	165600	7067
577	166176	1384
578	166753	5101
579	167331	7460
580	167910	963
581	168490	6221
582	169071	6193
583	169653	895
584	170236	1024
585	170820	7721
586	171405	2256
587	171991	985
588	172578	4789
589	173166	10528
590	173755	986
591	174345	1006
592	174936	12838
593	175528	2448
594	176121	14662
595	176715	4446
596	177310	2198
597	177906	6237
598	178503	2599
599	179101	15759
600	179700	3144
601	180300	1056
602	180901	4641
603	181503	1793
604	182106	5447
605	182710	1409
606	183315	1716
607	183921	4901
608	184528	2533
609	185136	2553
610	185745	3724
611	186355	3958
612	186966	3924
613	187578	2006
614	188191	1169
615	188805	1216
616	189420	1051
617	190036	3068
618	190653	1140
619	191271	1312
620	191890	1099
621	192510	5687
622	193131	1240
623	193753	2982
624	194376	14942
625	195000	1182
626	195625	1080
627	196251	5610
628	196878	9614
629	197506	1176
630	198135	6873
631	198765	11598
632	199396	1083
633	200028	1845
634	200661	5196
635	201295	3897
636	201930	1180
637	202566	15600
638	203203	9520
639	203841	2785
640	204480	17139
641	205120	1458
642	205761	2297
643	206403	1982
644	207046	5913
645	207690	14693
646	208335	10492
647	208981	3885
648	209628	9825
649	210276	1286
650	210925	1220
651	211575	1284
652	212226	1666
653	212878	1955
654	213531	1149
655	214185	5903
656	214840	12008
657	215496	1286
658	216153	2412
659	216811	6997
660	217470	7965
661	218130	2193
662	218791	2552
663	219453	1977
664	220116	1762
665	220780	8028
666	221445	1505
667	222111	1596
668	222778	1908
669	223446	2083
670	224115	1842
671	224785	1559
672	225456	14976
673	226128	2939
674	226801	1320
675	227475	2084
676	228150	3733
677	228826	1420
678	229503	1506
679	230181	2069
680	230860	7058
681	231540	1311
682	232221	2394
683	232903	13614
684	233586	4327
685	234270	1385
686	234955	2816
687	235641	1463
688	236328	2226
689	237016	3202
690	237705	10909
691	238395	2434
692	239086	5796
693	239778	6128
694	240471	2521
695	241165	1846
696	241860	1627
697	242556	2435
698	243253	11455
699	243951	1515
700	244650	9376
701	245350	12837
702	246051	2305
703	246753	9532
704	247456	15112
705	248160	1562
706	248865	7280
707	249571	12873
708	250278	1507
709	250986	1505
710	251695	8119
711	252405	1399
712	253116	2048
713	253828	3566
714	254541	3864
715	255255	1534
716	255970	8820
717	256686	1710
718	257403	4668
719	258121	2502
720	258840	3698
721	259560	18741
722	260281	2367
723	261003	1963
724	261726	3234
725	262450	10036
726	263175	8983
727	263901	2513
728	264628	19474
729	265356	1555
730	266085	1631
731	266815	13673
732	267546	6772
733	268278	19685
734	269011	15081
735	269745	2618
736	270480	1663
737	271216	3355
738	271953	2381
739	272691	6133
740	273430	1924
741	274170	4537
742	274911	1706
743	275653	4019
744	276396	2765
745	277140	6576
746	277885	22221
747	278631	6327
748	279378	14739
749	280126	16777
750	280875	2482
751	281625	2561
752	282376	6455
753	283128	2036
754	283881	6293
755	284635	13603
756	285390	2589
757	286146	1680
758	286903	4441
759	287661	5197
760	288420	7318
761	289180	1667
762	289941	8412
763	290703	13118
764	291466	2853
765	292230	2851
766	292995	2706
767	293761	1894
768	294528	26181
769	295296	2251
770	296065	15748
771	296835	1700
772	297606	3056
773	298378	2178
774	299151	2028
775	299925	2008
776	300700	13679
777	301476	2326
778	302253	2784
779	303031	9769
780	303810	23667
781	304590	10241
782	305371	3391
783	306153	2861
784	306936	1802
785	307720	1674
786	308505	2857
787	309291	6219
788	310078	7086
789	310866	19647
790	311655	2806
791	312445	2974
792	313236	17504
793	314028	2903
794	314821	1934
795	315615	7608
796	316410	2820
797	317206	12020
798	318003	15559
799	318801	9001
800	319600	1963
801	320400	4285
802	321201	1984
803	322003	1737
804	322806	2271
805	323610	12824
806	324415	20790
807	325221	1883
808	326028	6812
809	326836	2588
810	327645	9928
811	328455	5453
812	329266	27558
813	330078	2909
814	330891	20718
815	331705	11314
816	332520	2563
817	333336	2974
818	334153	25694
819	334971	8384
820	335790	5526
821	336610	2186
822	337431	2671
823	338253	10712
824	339076	29206
825	339900	2120
826	340725	3040
827	341551	3586
828	342378	3937
829	343206	11668
830	344035	2552
831	344865	2022
832	345696	1794
833	346528	5096
834	347361	2326
835	348195	1983
836	349030	3275
837	349866	2360
838	350703	25595
839	351541	28278
840	352380	6191
841	353220	3208
842	354061	20829
843	354903	18518
844	355746	10259
845	356590	2032
846	357435	11407
847	358281	3538
848	359128	2152
849	359976	24325
850	360825	2200
851	361675	2578
852	362526	21121
853	363378	2822
854	364231	9942
855	365085	2754
856	365940	2017
857	366796	2039
858	367653	6632
859	368511	9446
860	369370	3190
861	370230	3174
862	371091	2054
863	371953	3440
864	372816	9595
865	373680	2444
866	374545	15985
867	375411	3689
868	376278	3990
869	377146	2871
870	378015	2319
871	378885	12663
872	379756	2793
873	380628	13148
874	381501	2542
875	382375	19868
876	383250	8042
877	384126	22580
878	385003	3888
879	385881	3355
880	386760	7027
881	387640	3747
882	388521	4111
883	389403	2780
884	390286	15005
885	391170	10491
886	392055	2517
887	392941	2559
888	393828	3876
889	394716	3842
890	395605	31275
891	396495	16571
892	397386	27413
893	398278	3017
894	399171	11047
895	400065	3364
896	400960	5266
897	401856	7809
898	402753	7891
899	403651	2604
900	404550	2632
901	405450	3218
902	406351	33709
903	407253	3785
904	408156	2840
905	409060	37694
906	409965	4012
907	410871	45409
908	411778	4402
909	412686	4768
910	413595	38372
911	414505	5834
912	415416	3717
913	416328	20723
914	417241	31997
915	418155	9560
916	419070	4160
917	419986	15268
918	420903	3888
919	421821	16766
920	422740	11852
921	423660	5828
922	424581	2952
923	425503	4659
924	426426	24839
925	427350	4039
926	428275	3788
927	429201	26921
928	430128	2916
929	431056	11779
930	431985	11792
931	432915	11355
932	433846	10174
933	434778	28043
934	435711	3595
935	436645	6792
936	437580	38883
937	438516	12399
938	439453	29878
939	440391	2714
940	441330	35512
941	442270	19922
942	443211	4745
943	444153	3237
944	445096	3063
945	446040	15363
946	446985	28014
947	447931	6879
948	448878	3401
949	449826	26148
950	450775	16482
951	451725	3731
952	452676	21934
953	453628	13930
954	454581	4649
955	455535	2790
956	456490	46793
957	457446	20229
958	458403	5689
959	459361	3227
960	460320	4392
961	461280	10763
962	462241	10213
963	463203	24796
964	464166	16948
965	465130	4539
966	466095	33502
967	467061	23315
968	468028	3524
969	468996	2986
970	469965	2754
971	470935	2900
972	471906	12870
973	472878	27549
974	473851	8163
975	474825	4428
976	475800	3142
977	476776	18315
978	477753	47311
979	478731	4727
980	479710	3076
981	480690	4786
982	481671	6702
983	482653	4335
984	483636	3562
985	484620	4351
986	485605	6908
987	486591	4414
988	487578	24376
989	488566	3506
990	489555	4170
991	490545	12901
992	491536	5402
993	492528	3655
994	493521	4824
995	494515	3257
996	495510	8846
997	496506	22589
998	497503	3526
999	498501	7351
1000	499500	3445
1001	500500	21667
1002	501501	5440
1003	502503	37098
1004	503506	4719
1005	504510	12374
1006	505515	4801
1007	506521	3095
1008	507528	3578
1009	508536	3275
1010	509545	3287
1011	510555	4415
1012	511566	5097
1013	512578	3115
1014	513591	3336
1015	514605	6370
1016	515620	3288
1017	516636	22926
1018	517653	4076
1019	518671	4482
1020	519690	3114
1021	520710	6251
1022	521731	5801
1023	522753	4775
1024	523776	4579
1025	524800	41309
1026	525825	3838
1027	526851	6496
1028	527878	4397
1029	528906	73222
1030	529935	3945
1031	530965	47053
1032	531996	3057
1033	533028	17536
1034	534061	3332
1035	535095	5032
1036	536130	3581
1037	537166	3415
1038	538203	4396
1039	539241	4300
1040	540280	5623
1041	541320	3851
1042	542361	21835
1043	543403	4412
1044	544446	26622
1045	545490	21141
1046	546535	37401
1047	547581	41624
1048	548628	3053
1049	549676	3185
1050	550725	4491
1051	551775	3386
1052	552826	17641
1053	553878	27263
1054	554931	11322
1055	555985	5136
1056	557040	18337
1057	558096	7188
1058	559153	4343
1059	560211	5118
1060	561270	3291
1061	562330	8795
1062	563391	10142
1063	564453	29270
1064	565516	53371
1065	566580	12713
1066	567645	7128
1067	568711	5026
1068	569778	5027
1069	570846	6276
1070	571915	4183
1071	572985	3468
1072	574056	5368
1073	575128	5121
1074	576201	4758
1075	577275	3470
1076	578350	4881
1077	579426	6157
1078	580503	16109
1079	581581	3229
1080	582660	8692
1081	583740	4168
1082	584821	23047
1083	585903	46205
1084	586986	5442
1085	588070	3261
1086	589155	4915
1087	590241	15824
1088	591328	44794
1089	592416	4689
1090	593505	10472
1091	594595	44390
1092	595686	16943
1093	596778	4879
1094	597871	3368
1095	598965	37532
1096	600060	31167
1097	601156	15751
1098	602253	4690
1099	603351	4801
1100	604450	4760
1101	605550	3843
1102	606651	3443
1103	607753	12458
1104	608856	40648
1105	609960	5213
1106	611065	5570
1107	612171	22610
1108	613278	5151
1109	614386	15969
1110	615495	4193
1111	616605	4544
1112	617716	4991
1113	618828	30638
1114	619941	8440
1115	621055	26223
1116	622170	4390
1117	623286	3864
1118	624403	5047
1119	625521	4716
1120	626640	3660
1121	627760	24700
1122	628881	26140
1123	630003	49516
1124	631126	3347
1125	632250	6376
1126	633375	5037
1127	634501	5138
1128	635628	48262
1129	636756	14950
1130	637885	8434
1131	639015	5887
1132	640146	27947
1133	641278	5597
1134	642411	16427
1135	643545	4620
1136	644680	4743
1137	645816	10538
1138	646953	5237
1139	648091	5323
1140	649230	23453
1141	650370	5618
1142	651511	4194
1143	652653	4318
1144	653796	5462
1145	654940	4184
1146	656085	5375
1147	657231	50349
1148	658378	5348
1149	659526	41167
1150	660675	10836
1151	661825	5813
1152	662976	4130
1153	664128	3468
1154	665281	10355
1155	666435	39533
1156	667590	4576
1157	668746	7370
1158	669903	16215
1159	671061	6832
1160	672220	6081
1161	673380	19078
1162	674541	6149
1163	675703	9156
1164	676866	5356
1165	678030	3899
1166	679195	43569
1167	680361	6202
1168	681528	37562
1169	682696	10144
1170	683865	5831
1171	685035	25262
1172	686206	3843
1173	687378	26114
1174	688551	64134
1175	689725	37167
1176	690900	4861
1177	692076	4086
1178	693253	54755
1179	694431	6915
1180	695610	24399
1181	696790	3583
1182	697971	46544
1183	699153	7737
1184	700336	12585
1185	701520	33498
1186	702705	49808
1187	703891	41107
1188	705078	5360
1189	706266	41834
1190	707455	5940
1191	708645	11966
1192	709836	18493
1193	711028	5370
1194	712221	21613
1195	713415	8246
1196	714610	5107
1197	715806	4449
1198	717003	37636
1199	718201	5608
1200	719400	11651
1201	720600	26766
1202	721801	19209
1203	723003	8945
1204	724206	3871
1205	725410	5751
1206	726615	28028
1207	727821	40073
1208	729028	5942
1209	730236	4033
1210	731445	6047
1211	732655	6085
1212	733866	4518
1213	735078	4928
1214	736291	5321
1215	737505	4665
1216	738720	5907
1217	739936	5580
1218	741153	6403
1219	742371	4602
1220	743590	4077
1221	744810	6338
1222	746031	5098
1223	747253	6611
1224	748476	6501
1225	749700	5584
1226	750925	6242
1227	752151	6983
1228	753378	4317
1229	754606	6282
1230	755835	21522
1231	757065	59057
1232	758296	7549
1233	759528	6301
1234	760761	33699
1235	761995	4892
1236	763230	6714
1237	764466	47260
1238	765703	5939
1239	766941	29882
1240	768180	31403
1241	769420	6121
1242	770661	5014
1243	771903	25591
1244	773146	6671
1245	774390	24238
1246	775635	4801
1247	776881	6838
1248	778128	8279
1249	779376	35963
1250	780625	8696
1251	781875	27689
1252	783126	6190
1253	784378	6404
1254	785631	18709
1255	786885	5009
1256	788140	16332
1257	789396	66954
1258	790653	14060
1259	791911	14558
1260	793170	5976
1261	794430	6406
1262	795691	5885
1263	796953	5337
1264	798216	7280
1265	799480	19204
1266	800745	43934
1267	802011	30589
1268	803278	6045
1269	804546	27089
1270	805815	6824
1271	807085	6962
1272	808356	55727
1273	809628	7138
1274	810901	6559
1275	812175	5374
1276	813450	45432
1277	814726	22230
1278	816003	51926
1279	817281	63581
1280	818560	21158
1281	819840	7301
1282	821121	26088
1283	822403	30152
1284	823686	46526
1285	824970	5130
1286	826255	9397
1287	827541	51931
1288	828828	27385
1289	830116	29014
1290	831405	16554
1291	832695	5997
1292	833986	17386
1293	835278	50941
1294	836571	18562
1295	837865	20448
1296	839160	23985
1297	840456	6943
1298	841753	72013
1299	843051	23061
1300	844350	6755
1301	845650	21387
1302	846951	6922
1303	848253	70569
1304	849556	22517
1305	850860	29433
1306	852165	7724
1307	853471	5323
1308	854778	37534
1309	856086	66364
1310	857395	57858
1311	858705	17205
1312	860016	9974
1313	861328	20727
1314	862641	7446
1315	863955	16999
1316	865270	5608
1317	866586	6480
1318	867903	5015
1319	869221	38272
1320	870540	26051
1321	871860	7680
1322	873181	5981
1323	874503	7527
1324	875826	8785
1325	877150	9370
1326	878475	23242
1327	879801	31753
1328	881128	6058
1329	882456	17536
1330	883785	28354
1331	885115	6236
1332	886446	12718
1333	887778	4767
1334	889111	5736
1335	890445	4942
1336	891780	59438
1337	893116	45624
1338	894453	21887
1339	895791	22538
1340	897130	30408
1341	898470	8252
1342	899811	22797
1343	901153	64445
1344	902496	9329
1345	903840	21438
1346	905185	10191
1347	906531	19353
1348	907878	5054
1349	909226	6205
1350	910575	7269
1351	911925	7349
1352	913276	5270
1353	914628	8527
1354	915981	8213
1355	917335	6466
1356	918690	8769
1357	920046	8489
1358	921403	6785
1359	922761	8783
1360	924120	7840
1361	925480	9794
1362	926841	8745
1363	928203	8422
1364	929566	8347
1365	930930	8187
1366	932295	8554
1367	933661	8124
1368	935028	11648
1369	936396	10085
1370	937765	10584
1371	939135	8933
1372	940506	16442
1373	941878	72642
1374	943251	22971
1375	944625	21882
1376	946000	10603
1377	947376	30130
1378	948753	9151
1379	950131	61852
1380	951510	8872
1381	952890	28626
1382	954271	10632
1383	955653	7101
1384	957036	6445
1385	958420	8254
1386	959805	46480
1387	961191	8093
1388	962578	17994
1389	963966	9404
1390	965355	12250
1391	966745	49468
1392	968136	36312
1393	969528	6726
1394	970921	9925
1395	972315	9897
1396	973710	8848
1397	975106	28948
1398	976503	9308
1399	977901	11998
1400	979300	95371
1401	980700	6601
1402	982101	11612
1403	983503	9179
1404	984906	5889
1405	986310	8973
1406	987715	7421
1407	989121	15884
1408	990528	16710
1409	991936	11486
1410	993345	8185
1411	994755	75716
1412	996166	15564
1413	997578	34011
1414	998991	8303
1415	1000405	57563
1416	1001820	27147
1417	1003236	6725
1418	1004653	63281
1419	1006071	11713
1420	1007490	6862
1421	1008910	14791
1422	1010331	22470
1423	1011753	61587
1424	1013176	7680
1425	1014600	25751
1426	1016025	9071
1427	1017451	52939
1428	1018878	7470
1429	1020306	10000
1430	1021735	8977
1431	1023165	26972
1432	1024596	48087
1433	1026028	8858
1434	1027461	12271
1435	1028895	62409
1436	1030330	69902
1437	1031766	29713
1438	1033203	39301
1439	1034641	33443
1440	1036080	80099
1441	1037520	8692
1442	1038961	13132
1443	1040403	70089
1444	1041846	11962
1445	1043290	8876
1446	1044735	15840
1447	1046181	8302
1448	1047628	10033
1449	1049076	12620
1450	1050525	8514
1451	1051975	8789
1452	1053426	8211
1453	1054878	10637
1454	1056331	82767
1455	1057785	9373
1456	1059240	12924
1457	1060696	8150
1458	1062153	33672
1459	1063611	8817
1460	1065070	11955
1461	1066530	12693
1462	1067991	7889
1463	1069453	70416
1464	1070916	11787
1465	1072380	10404
1466	1073845	11257
1467	1075311	71363
1468	1076778	11160
1469	1078246	45158
1470	1079715	37387
1471	1081185	11140
1472	1082656	11728
1473	1084128	59742
1474	1085601	7798
1475	1087075	46800
1476	1088550	6314
1477	1090026	8886
1478	1091503	11638
1479	1092981	9256
1480	1094460	76153
1481	1095940	10924
1482	1097421	70765
1483	1098903	72337
1484	1100386	24385
1485	1101870	80820
1486	1103355	9970
1487	1104841	20695
1488	1106328	6769
1489	1107816	83621
1490	1109305	41493
1491	1110795	8693
1492	1112286	7071
1493	1113778	45951
1494	1115271	20563
1495	1116765	84207
1496	1118260	51697
1497	1119756	10903
1498	1121253	10268
1499	1122751	9883
1500	1124250	11491
1501	1125750	13389
1502	1127251	9174
1503	1128753	10011
1504	1130256	44806
1505	1131760	9915
1506	1133265	83550
1507	1134771	36691
1508	1136278	10559
1509	1137786	44936
1510	1139295	42317
1511	1140805	37793
1512	1142316	14845
1513	1143828	12208
1514	1145341	9440
1515	1146855	7923
1516	1148370	6981
1517	1149886	6981
1518	1151403	37975
1519	1152921	10464
1520	1154440	10449
1521	1155960	10313
1522	1157481	46643
1523	1159003	8136
1524	1160526	10496
1525	1162050	33637
1526	1163575	7591
1527	1165101	9397
1528	1166628	9446
1529	1168156	16030
1530	1169685	7484
1531	1171215	13818
1532	1172746	10292
1533	1174278	44240
1534	1175811	85272
1535	1177345	25606
1536	1178880	10889
1537	1180416	10239
1538	1181953	43734
1539	1183491	11288
1540	1185030	9757
1541	1186570	64034
1542	1188111	14561
1543	1189653	37156
1544	1191196	16335
1545	1192740	85493
1546	1194285	89653
1547	1195831	7308
1548	1197378	33097
1549	1198926	85652
1550	1200475	16376
1551	1202025	43393
1552	1203576	9159
1553	1205128	8733
1554	1206681	90355
1555	1208235	9962
1556	1209790	10471
1557	1211346	96201
1558	1212903	36239
1559	1214461	52562
1560	1216020	9046
1561	1217580	12951
1562	1219141	12165
1563	1220703	11921
1564	1222266	10167
1565	1223830	10269
1566	1225395	8675
1567	1226961	71409
1568	1228528	11664
1569	1230096	85290
1570	1231665	27475
1571	1233235	27867
1572	1234806	118644
1573	1236378	9770
1574	1237951	15632
1575	1239525	45440
1576	1241100	10411
1577	1242676	61639
1578	1244253	11015
1579	1245831	11230
1580	1247410	13526
1581	1248990	7799
1582	1250571	12958
1583	1252153	8883
1584	1253736	10536
1585	1255320	54545
1586	1256905	9779
1587	1258491	33512
1588	1260078	77148
1589	1261666	38557
1590	1263255	7485
1591	1264845	10015
1592	1266436	25037
1593	1268028	12803
1594	1269621	24563
1595	1271215	9640
1596	1272810	29669
1597	1274406	11516
1598	1276003	63235
1599	1277601	12576
1600	1279200	8493
1601	1280800	78596
1602	1282401	24316
1603	1284003	10411
1604	1285606	54366
1605	1287210	10064
1606	1288815	9126
1607	1290421	16835
1608	1292028	10437
1609	1293636	39210
1610	1295245	22228
1611	1296855	9771
1612	1298466	79186
1613	1300078	10499
1614	1301691	15452
1615	1303305	91418
1616	1304920	7638
1617	1306536	20249
1618	1308153	10718
1619	1309771	11350
1620	1311390	7941
1621	1313010	12086
1622	1314631	92630
1623	1316253	35917
1624	1317876	50387
1625	1319500	31460
1626	1321125	84651
1627	1322751	119546
1628	1324378	10733
1629	1326006	42780
1630	1327635	12424
1631	1329265	10583
1632	1330896	7402
1633	1332528	60774
1634	1334161	53078
1635	1335795	17778
1636	1337430	12559
1637	1339066	58039
1638	1340703	81131
1639	1342341	10133
1640	1343980	12454
1641	1345620	40870
1642	1347261	11179
1643	1348903	84088
1644	1350546	8609
1645	1352190	13532
1646	1353835	76226
1647	1355481	12852
1648	1357128	72377
1649	1358776	14168
1650	1360425	14772
1651	1362075	43230
1652	1363726	78177
1653	1365378	13420
1654	1367031	84081
1655	1368685	11677
1656	1370340	13656
1657	1371996	78511
1658	1373653	77127
1659	1375311	14415
1660	1376970	41201
1661	1378630	98700
1662	1380291	12989
1663	1381953	33221
1664	1383616	56304
1665	1385280	10975
1666	1386945	108789
1667	1388611	37260
1668	1390278	68684
1669	1391946	11587
1670	1393615	8192
1671	1395285	38573
1672	1396956	11049
1673	1398628	119507
1674	1400301	14634
1675	1401975	7962
1676	1403650	13749
1677	1405326	69067
1678	1407003	12359
1679	1408681	8585
1680	1410360	12268
1681	1412040	10025
1682	1413721	10876
1683	1415403	7985
1684	1417086	48170
1685	1418770	12030
1686	1420455	33686
1687	1422141	12810
1688	1423828	7773
1689	1425516	11871
1690	1427205	11499
1691	1428895	13896
1692	1430586	12969
1693	1432278	28945
1694	1433971	11822
1695	1435665	23356
1696	1437360	17426
1697	1439056	67748
1698	1440753	12666
1699	1442451	21508
1700	1444150	82418
1701	1445850	8861
1702	1447551	14338
1703	1449253	35752
1704	1450956	11896
1705	1452660	83541
1706	1454365	21924
1707	1456071	11795
1708	1457778	31553
1709	1459486	12049
1710	1461195	10444
1711	1462905	13162
1712	1464616	11924
1713	1466328	31058
1714	1468041	51501
1715	1469755	43949
1716	1471470	10002
1717	1473186	11649
1718	1474903	19649
1719	1476621	27227
1720	1478340	11128
1721	1480060	37511
1722	1481781	10670
1723	1483503	12413
1724	1485226	59033
1725	1486950	10520
1726	1488675	62968
1727	1490401	11404
1728	1492128	13067
1729	1493856	10116
1730	1495585	13833
1731	1497315	11778
1732	1499046	11778
1733	1500778	37890
1734	1502511	70114
1735	1504245	55910
1736	1505980	14589
1737	1507716	59553
1738	1509453	13337
1739	1511191	11169
1740	1512930	18545
1741	1514670	12923
1742	1516411	13704
1743	1518153	12033
1744	1519896	12234
1745	1521640	10016
1746	1523385	11529
1747	1525131	12503
1748	1526878	17446
1749	1528626	12646
1750	1530375	12956
1751	1532125	15772
1752	1533876	37789
1753	1535628	28993
1754	1537381	13248
1755	1539135	60607
1756	1540890	13117
1757	1542646	13547
1758	1544403	8886
1759	1546161	19746
1760	1547920	32936
1761	1549680	9168
1762	1551441	28214
1763	1553203	11653
1764	1554966	105952
1765	1556730	10934
1766	1558495	12520
1767	1560261	14775
1768	1562028	36257
1769	1563796	15197
1770	1565565	13263
1771	1567335	71006
1772	1569106	11634
1773	1570878	10033
1774	1572651	10508
1775	1574425	11527
1776	1576200	25080
1777	1577976	13153
1778	1579753	8712
1779	1581531	49924
1780	1583310	12316
1781	1585090	11678
1782	1586871	21575
1783	1588653	12127
1784	1590436	36169
1785	1592220	44257
1786	1594005	10293
1787	1595791	10716
1788	1597578	13157
1789	1599366	16376
1790	1601155	43216
1791	1602945	67750
1792	1604736	123024
1793	1606528	65609
1794	1608321	17580
1795	1610115	55137
1796	1611910	18898
1797	1613706	16873
1798	1615503	104978
1799	1617301	121321
1800	1619100	50751
1801	1620900	20054
1802	1622701	16620
1803	1624503	120671
1804	1626306	41904
1805	1628110	65985
1806	1629915	25134
1807	1631721	106871
1808	1633528	17087
1809	1635336	19314
1810	1637145	103484
1811	1638955	41115
1812	1640766	20535
1813	1642578	17967
1814	1644391	69191
1815	1646205	91336
1816	1648020	19566
1817	1649836	19093
1818	1651653	72613
1819	1653471	11310
1820	1655290	28814
1821	1657110	16819
1822	1658931	117980
1823	1660753	17155
1824	1662576	17002
1825	1664400	29005
1826	1666225	12178
1827	1668051	28202
1828	1669878	29859
1829	1671706	142703
1830	1673535	18060
1831	1675365	109646
1832	1677196	51813
1833	1679028	13207
1834	1680861	84905
1835	1682695	70333
1836	1684530	16371
1837	1686366	15471
1838	1688203	17169
1839	1690041	13175
1840	1691880	16866
1841	1693720	20811
1842	1695561	78258
1843	1697403	40236
1844	1699246	123358
1845	1701090	43792
1846	1702935	136787
1847	1704781	119484
1848	1706628	21056
1849	1708476	162356
1850	1710325	17745
1851	1712175	34980
1852	1714026	16640
1853	1715878	130312
1854	1717731	32968
1855	1719585	108603
1856	1721440	14057
1857	1723296	21468
1858	1725153	75966
1859	1727011	18978
1860	1728870	41038
1861	1730730	15322
1862	1732591	30179
1863	1734453	15269
1864	1736316	16091
1865	1738180	63505
1866	1740045	16403
1867	1741911	10971
1868	1743778	61637
1869	1745646	19594
1870	1747515	21940
1871	1749385	60752
1872	1751256	15618
1873	1753128	25462
1874	1755001	18164
1875	1756875	95901
1876	1758750	45597
1877	1760626	36623
1878	1762503	89917
1879	1764381	18792
1880	1766260	15438
1881	1768140	15288
1882	1770021	15229
1883	1771903	14866
1884	1773786	17961
1885	1775670	14918
1886	1777555	14417
1887	1779441	22580
1888	1781328	14884
1889	1783216	17063
1890	1785105	15110
1891	1786995	69832
1892	1788886	84498
1893	1790778	20191
1894	1792671	42621
1895	1794565	17429
1896	1796460	15230
1897	1798356	81688
1898	1800253	18625
1899	1802151	68446
1900	1804050	14898
1901	1805950	17338
1902	1807851	12882
1903	1809753	32852
1904	1811656	15965
1905	1813560	71892
1906	1815465	19338
1907	1817371	89425
1908	1819278	21458
1909	1821186	19427
1910	1823095	18254
1911	1825005	20854
1912	1826916	20997
1913	1828828	15886
1914	1830741	20859
1915	1832655	15049
1916	1834570	13523
1917	1836486	15822
1918	1838403	77558
1919	1840321	16688
1920	1842240	20528
1921	1844160	21854
1922	1846081	88639
1923	1848003	17295
1924	1849926	19347
1925	1851850	23749
1926	1853775	17101
1927	1855701	24939
1928	1857628	36776
1929	1859556	40647
1930	1861485	18199
1931	1863415	15287
1932	1865346	17413
1933	1867278	12164
1934	1869211	12471
1935	1871145	41955
1936	1873080	21186
1937	1875016	18703
1938	1876953	102605
1939	1878891	139284
1940	1880830	46947
1941	1882770	19205
1942	1884711	17590
1943	1886653	56167
1944	1888596	31467
1945	1890540	15039
1946	1892485	17227
1947	1894431	16581
1948	1896378	21865
1949	1898326	17760
1950	1900275	48518
1951	1902225	17141
1952	1904176	23089
1953	1906128	19074
1954	1908081	20214
1955	1910035	21335
1956	1911990	20443
1957	1913946	36801
1958	1915903	15864
1959	1917861	18584
1960	1919820	179170
1961	1921780	24128
1962	1923741	80656
1963	1925703	33041
1964	1927666	39393
1965	1929630	19519
1966	1931595	16907
1967	1933561	72712
1968	1935528	23265
1969	1937496	93526
1970	1939465	47223
1971	1941435	21735
1972	1943406	16205
1973	1945378	12921
1974	1947351	54149
1975	1949325	115054
1976	1951300	17796
1977	1953276	114489
1978	1955253	19505
1979	1957231	14380
1980	1959210	18470
1981	1961190	15939
1982	1963171	13275
1983	1965153	23830
1984	1967136	134023
1985	1969120	189344
1986	1971105	81904
1987	1973091	62898
1988	1975078	24151
1989	1977066	15339
1990	1979055	20382
1991	1981045	76609
1992	1983036	16983
1993	1985028	21654
1994	1987021	135577
1995	1989015	81338
1996	1991010	20028
1997	1993006	37986
1998	1995003	18217
1999	1997001	18922
2000	1999000	34084
2001	2001000	70366
2002	2003001	17759
2003	2005003	156042
2004	2007006	23085
2005	2009010	31195
2006	2011015	15341
2007	2013021	178831
2008	2015028	56419
2009	2017036	110842
2010	2019045	21856
2011	2021055	93931
2012	2023066	102316
2013	2025078	144495
2014	2027091	21378
2015	2029105	21692
2016	2031120	31103
2017	2033136	89450
2018	2035153	32741
2019	2037171	167404
2020	2039190	20089
2021	2041210	78021
2022	2043231	61883
2023	2045253	61396
2024	2047276	15018
2025	2049300	169496
2026	2051325	41640
2027	2053351	121094
2028	2055378	154315
2029	2057406	22248
2030	2059435	21687
2031	2061465	18201
2032	2063496	139887
2033	2065528	21801
2034	2067561	19840
2035	2069595	149410
2036	2071630	17291
2037	2073666	18473
2038	2075703	162805
2039	2077741	167501
2040	2079780	20807
2041	2081820	177091
2042	2083861	20719
2043	2085903	18807
2044	2087946	18137
2045	2089990	106657
2046	2092035	23829
2047	2094081	21884
2048	2096128	164654
2049	2098176	148209
2050	2100225	152824
2051	2102275	19407
2052	2104326	73288
2053	2106378	17069
2054	2108431	164974
2055	2110485	14001
2056	2112540	155125
2057	2114596	48749
2058	2116653	11469
2059	2118711	14319
2060	2120770	84225
2061	2122830	27269
2062	2124891	126028
2063	2126953	87213
2064	2129016	27852
2065	2131080	92530
2066	2133145	15514
2067	2135211	40242
2068	2137278	86106
2069	2139346	43370
2070	2141415	82874
2071	2143485	177737
2072	2145556	18901
2073	2147628	35105
2074	2149701	17418
2075	2151775	20640
2076	2153850	202000
2077	2155926	64067
2078	2158003	17715
2079	2160081	69034
2080	2162160	19560
2081	2164240	35136
2082	2166321	61798
2083	2168403	19269
2084	2170486	16346
2085	2172570	20633
2086	2174655	16556
2087	2176741	17963
2088	2178828	17018
2089	2180916	15780
2090	2183005	15436
2091	2185095	16150
2092	2187186	13765
2093	2189278	47005
2094	2191371	142559
2095	2193465	23358
2096	2195560	17513
2097	2197656	17796
2098	2199753	17170
2099	2201851	83222
2100	2203950	47558
2101	2206050	24775
2102	2208151	17563
2103	2210253	16804
2104	2212356	20196
2105	2214460	19127
2106	2216565	17430
2107	2218671	18100
2108	2220778	13379
2109	2222886	18181
2110	2224995	20897
2111	2227105	52196
2112	2229216	108100
2113	2231328	97348
2114	2233441	92656
2115	2235555	15628
2116	2237670	14967
2117	2239786	14377
2118	2241903	15855
2119	2244021	21310
2120	2246140	19234
2121	2248260	21285
2122	2250381	20915
2123	2252503	19890
2124	2254626	21066
2125	2256750	119459
2126	2258875	22588
2127	2261001	17338
2128	2263128	70152
2129	2265256	186612
2130	2267385	13904
2131	2269515	18090
2132	2271646	22768
2133	2273778	16923
2134	2275911	18069
2135	2278045	18513
2136	2280180	17622
2137	2282316	19520
2138	2284453	21082
2139	2286591	16603
2140	2288730	80444
2141	2290870	19937
2142	2293011	68875
2143	2295153	19049
2144	2297296	23552
2145	2299440	19765
2146	2301585	21682
2147	2303731	16867
2148	2305878	21895
2149	2308026	16961
2150	2310175	169393
2151	2312325	61276
2152	2314476	172466
2153	2316628	93125
2154	2318781	14106
2155	2320935	16973
2156	2323090	18914
2157	2325246	14657
2158	2327403	21238
2159	2329561	16242
2160	2331720	134782
2161	2333880	21578
2162	2336041	89758
2163	2338203	90692
2164	2340366	77246
2165	2342530	19022
2166	2344695	18468
2167	2346861	21614
2168	2349028	104374
2169	2351196	146777
2170	2353365	66970
2171	2355535	21664
2172	2357706	88879
2173	2359878	26743
2174	2362051	19151
2175	2364225	83314
2176	2366400	19476
2177	2368576	20980
2178	2370753	25409
2179	2372931	23653
2180	2375110	40534
2181	2377290	18728
2182	2379471	172832
2183	2381653	18393
2184	2383836	127661
2185	2386020	14067
2186	2388205	20741
2187	2390391	166653
2188	2392578	22882
2189	2394766	142193
2190	2396955	19812
2191	2399145	20099
2192	2401336	18995
2193	2403528	18205
2194	2405721	17372
2195	2407915	20207
2196	2410110	84318
2197	2412306	109998
2198	2414503	20903
2199	2416701	21089
2200	2418900	23126
2201	2421100	224162
2202	2423301	36416
2203	2425503	24459
2204	2427706	73883
2205	2429910	95345
2206	2432115	22098
2207	2434321	37942
2208	2436528	15303
2209	2438736	15067
2210	2440945	21386
2211	2443155	157858
2212	2445366	16200
2213	2447578	23471
2214	2449791	20984
2215	2452005	20030
2216	2454220	138021
2217	2456436	22613
2218	2458653	95064
2219	2460871	42861
2220	2463090	15294
2221	2465310	60671
2222	2467531	88381
2223	2469753	18820
2224	2471976	58461
2225	2474200	18043
2226	2476425	14301
2227	2478651	17497
2228	2480878	21248
2229	2483106	79674
2230	2485335	14907
2231	2487565	17232
2232	2489796	61047
2233	2492028	21204
2234	2494261	159011
2235	2496495	21626
2236	2498730	190701
2237	2500966	64314
2238	2503203	29591
2239	2505441	18162
2240	2507680	170229
2241	2509920	76465
2242	2512161	20427
2243	2514403	33087
2244	2516646	105598
2245	2518890	160084
2246	2521135	166814
2247	2523381	109671
2248	2525628	45338
2249	2527876	22208
2250	2530125	131276
2251	2532375	148251
2252	2534626	19658
2253	2536878	198704
2254	2539131	23459
2255	2541385	27428
2256	2543640	193446
2257	2545896	83300
2258	2548153	129712
2259	2550411	20035
2260	2552670	20627
2261	2554930	23305
2262	2557191	202818
2263	2559453	127596
2264	2561716	23741
2265	2563980	21386
2266	2566245	16681
2267	2568511	21551
2268	2570778	154676
2269	2573046	20442
2270	2575315	133444
2271	2577585	86221
2272	2579856	151986
2273	2582128	135269
2274	2584401	31262
2275	2586675	21935
2276	2588950	72136
2277	2591226	60157
2278	2593503	22396
2279	2595781	117121
2280	2598060	21243
2281	2600340	19332
2282	2602621	22418
2283	2604903	159194
2284	2607186	46293
2285	2609470	23974
2286	2611755	24281
2287	2614041	18804
2288	2616328	21953
2289	2618616	133552
2290	2620905	63856
2291	2623195	14818
2292	2625486	198684
2293	2627778	23425
2294	2630071	27960
2295	2632365	21858
2296	2634660	163898
2297	2636956	20123
2298	2639253	138436
2299	2641551	18804
2300	2643850	19048
2301	2646150	78816
2302	2648451	110054
2303	2650753	94542
2304	2653056	135908
2305	2655360	214912
2306	2657665	29109
2307	2659971	199968
2308	2662278	24805
2309	2664586	40141
2310	2666895	21879
2311	2669205	59104
2312	2671516	16148
2313	2673828	21796
2314	2676141	58744
2315	2678455	15400
2316	2680770	24652
2317	2683086	56516
2318	2685403	29826
2319	2687721	164595
2320	2690040	26440
2321	2692360	19750
2322	2694681	82599
2323	2697003	180623
2324	2699326	137759
2325	2701650	201059
2326	2703975	102466
2327	2706301	155829
2328	2708628	166561
2329	2710956	139145
2330	2713285	172765
2331	2715615	23525
2332	2717946	19707
2333	2720278	94410
2334	2722611	19485
2335	2724945	36236
2336	2727280	214469
2337	2729616	22691
2338	2731953	26157
2339	2734291	23938
2340	2736630	22227
2341	2738970	19948
2342	2741311	25213
2343	2743653	17798
2344	2745996	20948
2345	2748340	23913
2346	2750685	98932
2347	2753031	19678
2348	2755378	21809
2349	2757726	24414
2350	2760075	29934
2351	2762425	23909
2352	2764776	23595
2353	2767128	102858
2354	2769481	25887
2355	2771835	25210
2356	2774190	19158
2357	2776546	29664
2358	2778903	24365
2359	2781261	84505
2360	2783620	60628
2361	2785980	19250
2362	2788341	19136
2363	2790703	23405
2364	2793066	21192
2365	2795430	95837
2366	2797795	237708
2367	2800161	17192
2368	2802528	95020
2369	2804896	46120
2370	2807265	73942
2371	2809635	161133
2372	2812006	152155
2373	2814378	90565
2374	2816751	24382
2375	2819125	81437
2376	2821500	21596
2377	2823876	55890
2378	2826253	16031
2379	2828631	32836
2380	2831010	19358
2381	2833390	22225
2382	2835771	20600
2383	2838153	23254
2384	2840536	22247
2385	2842920	78995
2386	2845305	25079
2387	2847691	21544
2388	2850078	88481
2389	2852466	276555
2390	2854855	27831
2391	2857245	179438
2392	2859636	236840
2393	2862028	40905
2394	2864421	93684
2395	2866815	19688
2396	2869210	23737
2397	2871606	101696
2398	2874003	25913
2399	2876401	27911
2400	2878800	30720
2401	2881200	27399
2402	2883601	27952
2403	2886003	23964
2404	2888406	29623
2405	2890810	62925
2406	2893215	32112
2407	2895621	84526
2408	2898028	25773
2409	2900436	97971
2410	2902845	24389
2411	2905255	104990
2412	2907666	27464
2413	2910078	44161
2414	2912491	29404
2415	2914905	150096
2416	2917320	29125
2417	2919736	47987
2418	2922153	24170
2419	2924571	103350
2420	2926990	183544
2421	2929410	191350
2422	2931831	19508
2423	2934253	100049
2424	2936676	26064
2425	2939100	27872
2426	2941525	23159
2427	2943951	55193
2428	2946378	73821
2429	2948806	33457
2430	2951235	20275
2431	2953665	21478
2432	2956096	173521
2433	2958528	87450
2434	2960961	62076
2435	2963395	27966
2436	2965830	149823
2437	2968266	25909
2438	2970703	25906
2439	2973141	25922
2440	2975580	22944
2441	2978020	148377
2442	2980461	65090
2443	2982903	25597
2444	2985346	38923
2445	2987790	253700
2446	2990235	23749
2447	2992681	24509
2448	2995128	24676
2449	2997576	98102
2450	3000025	144173
2451	3002475	143539
2452	3004926	21765
2453	3007378	181848
2454	3009831	28648
2455	3012285	26590
2456	3014740	26844
2457	3017196	25251
2458	3019653	100384
2459	3022111	22065
2460	3024570	28769
2461	3027030	25715
2462	3029491	27118
2463	3031953	28598
2464	3034416	19106
2465	3036880	203497
2466	3039345	28497
2467	3041811	247910
2468	3044278	68149
2469	3046746	119550
2470	3049215	24623
2471	3051685	242255
2472	3054156	51587
2473	3056628	30355
2474	3059101	66958
2475	3061575	105211
2476	3064050	144536
2477	3066526	31526
2478	3069003	29924
2479	3071481	25630
2480	3073960	39051
2481	3076440	27548
2482	3078921	21892
2483	3081403	27789
2484	3083886	30555
2485	3086370	206756
2486	3088855	26092
2487	3091341	230729
2488	3093828	80700
2489	3096316	39838
2490	3098805	25782
2491	3101295	27596
2492	3103786	147957
2493	3106278	29791
2494	3108771	77348
2495	3111265	127616
2496	3113760	26217
2497	3116256	31881
2498	3118753	41953
2499	3121251	26862
2500	3123750	24659
2501	3126250	29072
2502	3128751	23092
2503	3131253	27236
2504	3133756	32824
2505	3136260	26496
2506	3138765	208716
2507	3141271	23156
2508	3143778	225793
2509	3146286	27598
2510	3148795	29889
2511	3151305	113291
2512	3153816	24564
2513	3156328	26785
2514	3158841	20618
2515	3161355	32744
2516	3163870	254547
2517	3166386	121695
2518	3168903	29992
2519	3171421	289649
2520	3173940	246138
2521	3176460	28686
2522	3178981	31320
2523	3181503	41895
2524	3184026	32269
2525	3186550	243199
2526	3189075	46342
2527	3191601	191225
2528	3194128	188130
2529	3196656	28891
2530	3199185	28160
2531	3201715	292420
2532	3204246	99811
2533	3206778	47178
2534	3209311	269185
2535	3211845	36329
2536	3214380	109729
2537	3216916	43782
2538	3219453	94384
2539	3221991	25335
2540	3224530	178938
2541	3227070	186175
2542	3229611	25482
2543	3232153	65975
2544	3234696	27600
2545	3237240	28342
2546	3239785	248025
2547	3242331	31055
2548	3244878	30707
2549	3247426	161810
2550	3249975	159109
2551	3252525	232154
2552	3255076	28724
2553	3257628	45854
2554	3260181	25522
2555	3262735	50805
2556	3265290	28949
2557	3267846	24879
2558	3270403	26555
2559	3272961	36634
2560	3275520	227747
2561	3278080	118357
2562	3280641	47153
2563	3283203	64534
2564	3285766	60759
2565	3288330	28835
2566	3290895	91042
2567	3293461	28879
2568	3296028	67004
2569	3298596	34283
2570	3301165	31419
2571	3303735	184890
2572	3306306	37431
2573	3308878	225919
2574	3311451	40024
2575	3314025	69076
2576	3316600	32774
2577	3319176	23030
2578	3321753	32040
2579	3324331	115982
2580	3326910	27037
2581	3329490	231413
2582	3332071	123122
2583	3334653	347347
2584	3337236	33540
2585	3339820	26940
2586	3342405	159749
2587	3344991	23590
2588	3347578	64875
2589	3350166	42097
2590	3352755	30745
2591	3355345	33118
2592	3357936	103008
2593	3360528	199494
2594	3363121	60721
2595	3365715	32310
2596	3368310	175672
2597	3370906	27057
2598	3373503	33674
2599	3376101	112839
2600	3378700	31234
2601	3381300	25655
2602	3383901	108523
2603	3386503	124131
2604	3389106	30092
2605	3391710	31263
2606	3394315	27151
2607	3396921	30799
2608	3399528	24855
2609	3402136	123576
2610	3404745	27289
2611	3407355	25888
2612	3409966	31492
2613	3412578	136135
2614	3415191	34052
2615	3417805	33183
2616	3420420	27157
2617	3423036	31278
2618	3425653	26273
2619	3428271	34616
2620	3430890	27556
2621	3433510	32579
2622	3436131	24698
2623	3438753	29516
2624	3441376	29183
2625	3444000	32849
2626	3446625	25636
2627	3449251	28716
2628	3451878	31192
2629	3454506	30307
2630	3457135	30407
2631	3459765	36857
2632	3462396	31095
2633	3465028	30675
2634	3467661	23614
2635	3470295	197495
2636	3472930	31450
2637	3475566	33568
2638	3478203	29407
2639	3480841	102861
2640	3483480	33131
2641	3486120	29418
2642	3488761	29191
2643	3491403	30364
2644	3494046	25348
2645	3496690	28818
2646	3499335	24487
2647	3501981	34507
2648	3504628	113080
2649	3507276	28929
2650	3509925	30064
2651	3512575	33179
2652	3515226	26604
2653	3517878	29872
2654	3520531	34266
2655	3523185	21138
2656	3525840	28518
2657	3528496	98754
2658	3531153	35724
2659	3533811	33772
2660	3536470	136320
2661	3539130	29649
2662	3541791	23620
2663	3544453	144975
2664	3547116	29126
2665	3549780	48921
2666	3552445	35738
2667	3555111	147227
2668	3557778	30732
2669	3560446	29125
2670	3563115	33141
2671	3565785	119674
2672	3568456	32746
2673	3571128	35351
2674	3573801	29311
2675	3576475	113838
2676	3579150	28533
2677	3581826	29849
2678	3584503	160133
2679	3587181	29634
2680	3589860	33528
2681	3592540	25711
2682	3595221	22751
2683	3597903	22604
2684	3600586	28635
2685	3603270	26809
2686	3605955	32294
2687	3608641	32888
2688	3611328	171397
2689	3614016	27856
2690	3616705	79071
2691	3619395	30196
2692	3622086	28560
2693	3624778	87794
2694	3627471	27748
2695	3630165	30461
2696	3632860	86664
2697	3635556	24991
2698	3638253	33502
2699	3640951	44799
2700	3643650	117360
2701	3646350	25802
2702	3649051	120324
2703	3651753	30425
2704	3654456	87612
2705	3657160	27759
2706	3659865	33214
2707	3662571	27406
2708	3665278	27977
2709	3667986	126324
2710	3670695	37470
2711	3673405	41853
2712	3676116	117089
2713	3678828	32814
2714	3681541	28828
2715	3684255	86138
2716	3686970	34811
2717	3689686	35598
2718	3692403	52371
2719	3695121	25829
2720	3697840	208094
2721	3700560	57430
2722	3703281	211276
2723	3706003	32942
2724	3708726	45756
2725	3711450	113793
2726	3714175	38834
2727	3716901	110952
2728	3719628	39659
2729	3722356	44796
2730	3725085	46393
2731	3727815	40391
2732	3730546	220346
2733	3733278	44512
2734	3736011	181159
2735	3738745	38888
2736	3741480	40056
2737	3744216	203646
2738	3746953	64454
2739	3749691	304031
2740	3752430	199633
2741	3755170	37394
2742	3757911	199385
2743	3760653	93795
2744	3763396	442423
2745	3766140	33849
2746	3768885	151369
2747	3771631	70271
2748	3774378	157807
2749	3777126	179448
2750	3779875	39910
2751	3782625	27609
2752	3785376	40472
2753	3788128	43316
2754	3790881	66650
2755	3793635	459605
2756	3796390	259839
2757	3799146	147404
2758	3801903	194217
2759	3804661	350087
2760	3807420	36846
2761	3810180	35629
2762	3812941	47305
2763	3815703	130632
2764	3818466	429396
2765	3821230	155972
2766	3823995	350427
2767	3826761	184875
2768	3829528	357359
2769	3832296	136447
2770	3835065	227743
2771	3837835	306972
2772	3840606	323780
2773	3843378	98425
2774	3846151	587235
2775	3848925	314982
2776	3851700	40224
2777	3854476	190048
2778	3857253	277834
2779	3860031	433215
2780	3862810	41799
2781	3865590	103759
2782	3868371	90641
2783	3871153	226006
2784	3873936	165289
2785	3876720	383098
2786	3879505	175378
2787	3882291	62751
2788	3885078	103672
2789	3887866	45777
2790	3890655	412680
2791	3893445	188215
2792	3896236	758014
2793	3899028	395198
2794	3901821	505972
2795	3904615	307416
2796	3907410	87826
2797	3910206	490004
2798	3913003	109822
2799	3915801	299836
2800	3918600	604502
2801	3921400	241422
2802	3924201	391593
2803	3927003	40654
2804	3929806	38694
2805	3932610	38378
2806	3935415	43381
2807	3938221	274117
2808	3941028	187001
2809	3943836	47400
2810	3946645	46394
2811	3949455	254588
2812	3952266	39481
2813	3955078	106415
2814	3957891	44436
2815	3960705	494333
2816	3963520	443523
2817	3966336	620503
2818	3969153	347339
2819	3971971	288696
2820	3974790	261545
2821	3977610	681706
2822	3980431	189178
2823	3983253	34222
2824	3986076	285999
2825	3988900	290237
2826	3991725	51850
2827	3994551	344562
2828	3997378	157083
2829	4000206	59980
2830	4003035	182413
2831	4005865	48977
2832	4008696	54364
2833	4011528	274438
2834	4014361	411095
2835	4017195	251438
2836	4020030	483640
2837	4022866	56320
2838	4025703	268492
2839	4028541	256683
2840	4031380	163737
2841	4034220	104677
2842	4037061	514380
2843	4039903	64447
2844	4042746	449226
2845	4045590	593651
2846	4048435	179332
2847	4051281	208534
2848	4054128	514341
2849	4056976	220295
2850	4059825	617590
2851	4062675	248915
2852	4065526	194814
2853	4068378	44079
2854	4071231	510950
2855	4074085	135963
2856	4076940	371629
2857	4079796	41139
2858	4082653	58213
2859	4085511	47706
2860	4088370	190095
2861	4091230	123683
2862	4094091	660527
2863	4096953	398294
2864	4099816	314111
2865	4102680	652703
2866	4105545	507173
2867	4108411	114496
2868	4111278	61526
2869	4114146	251945
2870	4117015	49055
2871	4119885	389349
2872	4122756	223505
2873	4125628	73307
2874	4128501	558746
2875	4131375	143463
2876	4134250	516457
2877	4137126	234511
2878	4140003	196222
2879	4142881	220325
2880	4145760	203631
2881	4148640	560998
2882	4151521	491973
2883	4154403	41389
2884	4157286	224811
2885	4160170	438383
2886	4163055	184731
2887	4165941	165248
2888	4168828	384251
2889	4171716	33235
2890	4174605	290359
2891	4177495	64013
2892	4180386	170195
2893	4183278	369998
2894	4186171	321711
2895	4189065	434673
2896	4191960	44966
2897	4194856	38579
2898	4197753	82345
2899	4200651	339540
2900	4203550	370603
2901	4206450	349197
2902	4209351	325265
2903	4212253	412472
2904	4215156	277836
2905	4218060	374244
2906	4220965	54944
2907	4223871	97262
2908	4226778	621131
2909	4229686	217038
2910	4232595	348401
2911	4235505	129548
2912	4238416	303852
2913	4241328	84626
2914	4244241	93725
2915	4247155	214896
2916	4250070	545921
2917	4252986	72534
2918	4255903	48408
2919	4258821	183952
2920	4261740	523787
2921	4264660	387657
2922	4267581	324134
2923	4270503	138070
2924	4273426	52033
2925	4276350	50568
2926	4279275	50693
2927	4282201	129939
2928	4285128	515894
2929	4288056	112140
2930	4290985	639059
2931	4293915	393230
2932	4296846	455008
2933	4299778	58099
2934	4302711	154948
2935	4305645	255599
2936	4308580	657087
2937	4311516	499619
2938	4314453	393502
2939	4317391	149645
2940	4320330	189261
2941	4323270	200255
2942	4326211	68117
2943	4329153	46337
2944	4332096	233928
2945	4335040	183544
2946	4337985	128814
2947	4340931	36316
2948	4343878	126646
2949	4346826	222122
2950	4349775	174956
2951	4352725	46436
2952	4355676	49553
2953	4358628	84860
2954	4361581	124536
2955	4364535	433129
2956	4367490	168808
2957	4370446	455169
2958	4373403	59809
2959	4376361	299804
2960	4379320	546884
2961	4382280	364220
2962	4385241	101264
2963	4388203	306149
2964	4391166	684729
2965	4394130	302904
2966	4397095	157463
2967	4400061	53114
2968	4403028	37709
2969	4405996	45830
2970	4408965	41226
2971	4411935	42257
2972	4414906	42233
2973	4417878	41960
2974	4420851	48422
2975	4423825	45119
2976	4426800	42382
2977	4429776	49940
2978	4432753	38811
2979	4435731	50607
2980	4438710	53095
2981	4441690	43224
2982	4444671	43471
2983	4447653	62413
2984	4450636	486570
2985	4453620	447300
2986	4456605	170307
2987	4459591	550707
2988	4462578	110699
2989	4465566	396499
2990	4468555	465965
2991	4471545	508906
2992	4474536	109637
2993	4477528	83065
2994	4480521	549654
2995	4483515	743705
2996	4486510	470776
2997	4489506	742037
2998	4492503	346826
2999	4495501	675542
3000	4498500	465206
3001	4501500	53792
3002	4504501	189754
3003	4507503	350385
3004	4510506	269998
3005	4513510	65520
3006	4516515	837109
3007	4519521	98347
3008	4522528	242913
3009	4525536	554524
3010	4528545	217218
3011	4531555	184211
3012	4534566	623856
3013	4537578	384328
3014	4540591	404802
3015	4543605	406731
3016	4546620	63953
3017	4549636	469139
3018	4552653	50746
3019	4555671	50669
3020	4558690	58633
3021	4561710	49020
3022	4564731	130065
3023	4567753	404037
3024	4570776	139770
3025	4573800	57593
3026	4576825	72449
3027	4579851	112601
3028	4582878	628859
3029	4585906	207112
3030	4588935	186922
3031	4591965	170601
3032	4594996	544398
3033	4598028	165221
3034	4601061	441437
3035	4604095	130172
3036	4607130	370117
3037	4610166	477473
3038	4613203	40873
3039	4616241	311593
3040	4619280	150492
3041	4622320	403253
3042	4625361	330431
3043	4628403	553148
3044	4631446	265024
3045	4634490	447238
3046	4637535	293651
3047	4640581	148153
3048	4643628	522467
3049	4646676	130139
3050	4649725	634304
3051	4652775	538002
3052	4655826	49575
3053	4658878	50620
3054	4661931	52957
3055	4664985	173302
3056	4668040	126188
3057	4671096	738149
3058	4674153	461081
3059	4677211	622123
3060	4680270	403213
3061	4683330	507418
3062	4686391	47644
3063	4689453	210986
3064	4692516	395079
3065	4695580	64586
3066	4698645	51641
3067	4701711	45103
3068	4704778	37821
3069	4707846	184807
3070	4710915	576114
3071	4713985	467933
3072	4717056	199767
3073	4720128	424776
3074	4723201	122570
3075	4726275	272668
3076	4729350	53502
3077	4732426	178317
3078	4735503	41628
3079	4738581	262890
3080	4741660	429128
3081	4744740	67530
3082	4747821	718082
3083	4750903	516207
3084	4753986	454144
3085	4757070	585945
3086	4760155	278825
3087	4763241	78589
3088	4766328	53685
3089	4769416	37766
3090	4772505	156456
3091	4775595	613355
3092	4778686	175415
3093	4781778	877416
3094	4784871	821109
3095	4787965	205221
3096	4791060	31809
3097	4794156	301041
3098	4797253	323288
3099	4800351	471056
3100	4803450	407100
3101	4806550	35513
3102	4809651	250220
3103	4812753	634004
3104	4815856	227683
3105	4818960	657029
3106	4822065	513140
3107	4825171	709863
3108	4828278	519206
3109	4831386	157775
3110	4834495	468408
3111	4837605	863397
3112	4840716	992886
3113	4843828	273624
3114	4846941	426368
3115	4850055	231684
3116	4853170	527446
3117	4856286	189988
3118	4859403	258501
3119	4862521	465763
3120	4865640	410959
3121	4868760	522652
3122	4871881	123543
3123	4875003	926592
3124	4878126	369337
3125	4881250	415642
3126	4884375	267232
3127	4887501	376212
3128	4890628	51015
3129	4893756	49199
3130	4896885	38065
3131	4900015	111735
3132	4903146	644775
3133	4906278	553332
3134	4909411	456816
3135	4912545	774480
3136	4915680	682202
3137	4918816	309849
3138	4921953	757556
3139	4925091	302037
3140	4928230	64543
3141	4931370	500654
3142	4934511	639422
3143	4937653	339424
3144	4940796	368225
3145	4943940	714773
3146	4947085	765703
3147	4950231	791069
3148	4953378	661340
3149	4956526	755445
3150	4959675	747051
3151	4962825	1096113
3152	4965976	713686
3153	4969128	372857
3154	4972281	794938
3155	4975435	697349
3156	4978590	606389
3157	4981746	639892
3158	4984903	79388
3159	4988061	586206
3160	4991220	594489
3161	4994380	99515
3162	4997541	631803
3163	5000703	661594
3164	5003866	832163
3165	5007030	539677
3166	5010195	243468
3167	5013361	54177
3168	5016528	87548
3169	5019696	909986
3170	5022865	480621
3171	5026035	490467
3172	5029206	562102
3173	5032378	155227
3174	5035551	603415
3175	5038725	772093
3176	5041900	562517
3177	5045076	795381
3178	5048253	768462
3179	5051431	700567
3180	5054610	269476
3181	5057790	784763
3182	5060971	845789
3183	5064153	556451
3184	5067336	898394
3185	5070520	726567
3186	5073705	150094
3187	5076891	867111
3188	5080078	846099
3189	5083266	923155
3190	5086455	685059
3191	5089645	353620
3192	5092836	354114
3193	5096028	584887
3194	5099221	541407
3195	5102415	377323
3196	5105610	705278
3197	5108806	778439
3198	5112003	789593
3199	5115201	724778
3200	5118400	638229
3201	5121600	570112
3202	5124801	358463
3203	5128003	680259
3204	5131206	687241
3205	5134410	698014
3206	5137615	238015
3207	5140821	588919
3208	5144028	567479
3209	5147236	345473
3210	5150445	939862
3211	5153655	654579
3212	5156866	673450
3213	5160078	377933
3214	5163291	848522
3215	5166505	837009
3216	5169720	929507
3217	5172936	566311
3218	5176153	557264
3219	5179371	1185137
3220	5182590	1223237
3221	5185810	1153206
3222	5189031	859972
3223	5192253	839248
3224	5195476	674236
3225	5198700	642204
3226	5201925	557343
3227	5205151	798353
3228	5208378	786365
3229	5211606	183322
3230	5214835	532160
3231	5218065	664670
3232	5221296	731306
3233	5224528	292488
3234	5227761	846513
3235	5230995	655280
3236	5234230	283093
3237	5237466	761115
3238	5240703	582845
3239	5243941	661640
3240	5247180	987191
3241	5250420	740796
3242	5253661	392207
3243	5256903	808550
3244	5260146	624423
3245	5263390	48076
3246	5266635	76736
3247	5269881	260765
3248	5273128	483546
3249	5276376	969893
3250	5279625	471540
3251	5282875	684229
3252	5286126	566480
3253	5289378	861577
3254	5292631	402998
3255	5295885	310254
3256	5299140	914809
3257	5302396	517662
3258	5305653	216452
3259	5308911	1086460
3260	5312170	595249
3261	5315430	266409
3262	5318691	750227
3263	5321953	583619
3264	5325216	659523
3265	5328480	139522
3266	5331745	1012016
3267	5335011	723983
3268	5338278	1057135
3269	5341546	915096
3270	5344815	891656
3271	5348085	628139
3272	5351356	920727
3273	5354628	277959
3274	5357901	700320
3275	5361175	321814
3276	5364450	894067
3277	5367726	252138
3278	5371003	466959
3279	5374281	453944
3280	5377560	184914
3281	5380840	608815
3282	5384121	349096
3283	5387403	226892
3284	5390686	602484
3285	5393970	48231
3286	5397255	400178
3287	5400541	702109
3288	5403828	233991
3289	5407116	1121752
3290	5410405	565930
3291	5413695	520477
3292	5416986	178526
3293	5420278	996234
3294	5423571	954277
3295	5426865	632249
3296	5430160	909419
3297	5433456	915983
3298	5436753	423349
3299	5440051	793035
3300	5443350	629538
3301	5446650	219720
3302	5449951	201037
3303	5453253	221542
3304	5456556	833328
3305	5459860	985987
3306	5463165	752119
3307	5466471	774909
3308	5469778	495821
3309	5473086	621992
3310	5476395	57845
3311	5479705	358133
3312	5483016	863252
3313	5486328	791793
3314	5489641	713541
3315	5492955	198503
3316	5496270	678511
3317	5499586	683961
3318	5502903	871034
3319	5506221	843756
3320	5509540	1066613
3321	5512860	973414
3322	5516181	837191
3323	5519503	580130
3324	5522826	911824
3325	5526150	758999
3326	5529475	156983
3327	5532801	384745
3328	5536128	812332
3329	5539456	308467
3330	5542785	816131
3331	5546115	601932
3332	5549446	866086
3333	5552778	542912
3334	5556111	965341
3335	5559445	563193
3336	5562780	849835
3337	5566116	695514
3338	5569453	824208
3339	5572791	455093
3340	5576130	114025
3341	5579470	379740
3342	5582811	78862
3343	5586153	310139
3344	5589496	101570
3345	5592840	960798
3346	5596185	873644
3347	5599531	971033
3348	5602878	750898
3349	5606226	654689
3350	5609575	741321
3351	5612925	665981
3352	5616276	793888
3353	5619628	532338
3354	5622981	874973
3355	5626335	581421
3356	5629690	856255
3357	5633046	689802
3358	5636403	516983
3359	5639761	872852
3360	5643120	749570
3361	5646480	1075637
3362	5649841	890877
3363	5653203	959391
3364	5656566	736200
3365	5659930	833932
3366	5663295	616441
3367	5666661	396178
3368	5670028	870268
3369	5673396	540220
3370	5676765	69947
3371	5680135	217875
3372	5683506	446415
3373	5686878	838656
3374	5690251	905115
3375	5693625	930699
3376	5697000	681336
3377	5700376	725959
3378	5703753	963118
3379	5707131	717380
3380	5710510	830855
3381	5713890	413830
3382	5717271	934013
3383	5720653	725633
3384	5724036	866762
3385	5727420	753266
3386	5730805	921033
3387	5734191	325128
3388	5737578	344100
3389	5740966	1110626
3390	5744355	171995
3391	5747745	945609
3392	5751136	796421
3393	5754528	724855
3394	5757921	935733
3395	5761315	680969
3396	5764710	805906
3397	5768106	146467
3398	5771503	1014923
3399	5774901	890378
3400	5778300	1077064
3401	5781700	1009366
3402	5785101	1465562
3403	5788503	820810
3404	5791906	1104135
3405	5795310	862666
3406	5798715	893157
3407	5802121	892188
3408	5805528	1049603
3409	5808936	468086
3410	5812345	919463
3411	5815755	666817
3412	5819166	411049
3413	5822578	904143
3414	5825991	783710
3415	5829405	623007
3416	5832820	499749
3417	5836236	413002
3418	5839653	963237
3419	5843071	633928
3420	5846490	635147
3421	5849910	715612
3422	5853331	845193
3423	5856753	532277
3424	5860176	659618
3425	5863600	758953
3426	5867025	870005
3427	5870451	858713
3428	5873878	903299
3429	5877306	988166
3430	5880735	869649
3431	5884165	861685
3432	5887596	979193
3433	5891028	834374
3434	5894461	985115
3435	5897895	441539
3436	5901330	996903
3437	5904766	852173
3438	5908203	561368
3439	5911641	559917
3440	5915080	897325
3441	5918520	971700
3442	5921961	1009434
3443	5925403	976982
3444	5928846	1061406
3445	5932290	747876
3446	5935735	1013885
3447	5939181	769010
3448	5942628	1222425
3449	5946076	1947822
3450	5949525	1214745
3451	5952975	996916
3452	5956426	962172
3453	5959878	1000543
3454	5963331	938894
3455	5966785	969083
3456	5970240	580094
3457	5973696	992830
3458	5977153	931748
3459	5980611	1216472
3460	5984070	1376449
3461	5987530	1568901
3462	5990991	727067
3463	5994453	778833
3464	5997916	922935
3465	6001380	1212727
3466	6004845	958429
3467	6008311	1197478
3468	6011778	788693
3469	6015246	681248
3470	6018715	608314
3471	6022185	577957
3472	6025656	694018
3473	6029128	1273734
3474	6032601	351941
3475	6036075	1303360
3476	6039550	973534
3477	6043026	1007700
3478	6046503	1147705
3479	6049981	711016
3480	6053460	1126239
3481	6056940	988215
3482	6060421	1070319
3483	6063903	864294
3484	6067386	1767655
3485	6070870	946441
3486	6074355	987164
3487	6077841	1131348
3488	6081328	433721
3489	6084816	1306351
3490	6088305	675141
3491	6091795	798178
3492	6095286	856243
3493	6098778	746770
3494	6102271	1257883
3495	6105765	987654
3496	6109260	841088
3497	6112756	969353
3498	6116253	1714392
3499	6119751	1089358
3500	6123250	755988
3501	6126750	967880
3502	6130251	666894
3503	6133753	543913
3504	6137256	893093
3505	6140760	901700
3506	6144265	653692
3507	6147771	1036781
3508	6151278	950798
3509	6154786	1037755
3510	6158295	929584
3511	6161805	1003822
3512	6165316	1118046
3513	6168828	972772
3514	6172341	644377
3515	6175855	684693
3516	6179370	872754
3517	6182886	950988
3518	6186403	361161
3519	6189921	1078688
3520	6193440	975100
3521	6196960	788092
3522	6200481	626458
3523	6204003	967813
3524	6207526	955701
3525	6211050	1087896
3526	6214575	1092294
3527	6218101	821661
3528	6221628	1903323
3529	6225156	1056720
3530	6228685	476184
3531	6232215	999606
3532	6235746	1067829
3533	6239278	880986
3534	6242811	1011644
3535	6246345	1202082
3536	6249880	874497
3537	6253416	854821
3538	6256953	1043101
3539	6260491	1019328
3540	6264030	1462955
3541	6267570	1119725
3542	6271111	1553519
3543	6274653	1092906
3544	6278196	897241
3545	6281740	1438330
3546	6285285	1143640
3547	6288831	969010
3548	6292378	882758
3549	6295926	1275375
3550	6299475	880544
3551	6303025	828866
3552	6306576	1919384
3553	6310128	1041310
3554	6313681	830618
3555	6317235	1282573
3556	6320790	954830
3557	6324346	833103
3558	6327903	1240064
3559	6331461	1012841
3560	6335020	1027238
3561	6338580	886033
3562	6342141	1157835
3563	6345703	949722
3564	6349266	1709898
3565	6352830	754689
3566	6356395	1580617
3567	6359961	1335717
3568	6363528	938918
3569	6367096	1398884
3570	6370665	1166273
3571	6374235	1036695
3572	6377806	938587
3573	6381378	1139150
3574	6384951	1097081
3575	6388525	1009002
3576	6392100	1064284
3577	6395676	737907
3578	6399253	658666
3579	6402831	1045132
3580	6406410	1087601
3581	6409990	993076
3582	6413571	2154219
3583	6417153	1012771
3584	6420736	1024599
3585	6424320	1079435
3586	6427905	1124667
3587	6431491	1007359
3588	6435078	1162596
3589	6438666	805896
3590	6442255	1044835
3591	6445845	1021170
3592	6449436	985317
3593	6453028	792984
3594	6456621	1062835
3595	6460215	975168
3596	6463810	1793531
3597	6467406	1326841
3598	6471003	1391983
3599	6474601	1134450
3600	6478200	1104694
3601	6481800	1203874
3602	6485401	963595
3603	6489003	1185998
3604	6492606	1019399
3605	6496210	1366663
3606	6499815	1865797
3607	6503421	1364473
3608	6507028	1149592
3609	6510636	1075999
3610	6514245	1215087
3611	6517855	1604389
3612	6521466	1446920
3613	6525078	1098731
3614	6528691	1025246
3615	6532305	1537301
3616	6535920	1235536
3617	6539536	1074849
3618	6543153	2317753
3619	6546771	995643
3620	6550390	1137201
3621	6554010	690515
3622	6557631	1111416
3623	6561253	1005448
3624	6564876	1398936
3625	6568500	1033079
3626	6572125	1259651
3627	6575751	1242236
3628	6579378	1063661
3629	6583006	1322954
3630	6586635	1442523
3631	6590265	1271235
3632	6593896	1185999
3633	6597528	1102290
3634	6601161	1142070
3635	6604795	1006771
3636	6608430	1925101
3637	6612066	1216815
3638	6615703	1163243
3639	6619341	1706770
3640	6622980	1048545
3641	6626620	1351802
3642	6630261	1081129
3643	6633903	1073896
3644	6637546	845486
3645	6641190	1376917
3646	6644835	1161052
3647	6648481	1608980
3648	6652128	2327857
3649	6655776	1194362
3650	6659425	1962064
3651	6663075	1117886
3652	6666726	1024685
3653	6670378	1089327
3654	6674031	1833501
3655	6677685	1012252
3656	6681340	1037158
3657	6684996	1077360
3658	6688653	1200102
3659	6692311	1706954
3660	6695970	1073848
3661	6699630	947619
3662	6703291	930659
3663	6706953	1405963
3664	6710616	975261
3665	6714280	1103617
3666	6717945	1139689
3667	6721611	2365960
3668	6725278	799389
3669	6728946	1584865
3670	6732615	1219077
3671	6736285	1484310
3672	6739956	1010011
3673	6743628	1999110
3674	6747301	1259383
3675	6750975	704220
3676	6754650	1769801
3677	6758326	1079578
3678	6762003	1325907
3679	6765681	1077985
3680	6769360	1208075
3681	6773040	847199
3682	6776721	749608
3683	6780403	2297603
3684	6784086	979427
3685	6787770	1149137
3686	6791455	1052104
3687	6795141	1239098
3688	6798828	1179718
3689	6802516	1199155
3690	6806205	1139357
3691	6809895	1547055
3692	6813586	1656031
3693	6817278	1401428
3694	6820971	1104991
3695	6824665	1023193
3696	6828360	745448
3697	6832056	177228
3698	6835753	1366254
3699	6839451	1408513
3700	6843150	1842081
3701	6846850	1134565
3702	6850551	988286
3703	6854253	866991
3704	6857956	814541
3705	6861660	1274690
3706	6865365	981520
3707	6869071	1219896
3708	6872778	896576
3709	6876486	1599271
3710	6880195	2129220
3711	6883905	957522
3712	6887616	1739057
3713	6891328	1411576
3714	6895041	2231468
3715	6898755	1060905
3716	6902470	1435697
3717	6906186	2291942
3718	6909903	1430147
3719	6913621	1007207
3720	6917340	1174984
3721	6921060	1284362
3722	6924781	1586224
3723	6928503	2532907
3724	6932226	1292355
3725	6935950	1373376
3726	6939675	1211743
3727	6943401	1265248
3728	6947128	1296077
3729	6950856	954904
3730	6954585	891869
3731	6958315	1076293
3732	6962046	1379667
3733	6965778	975136
3734	6969511	1027965
3735	6973245	1440396
3736	6976980	1387003
3737	6980716	834524
3738	6984453	1178763
3739	6988191	1300776
3740	6991930	1111379
3741	6995670	1424837
3742	6999411	1301857
3743	7003153	809524
3744	7006896	1274578
3745	7010640	887422
3746	7014385	937172
3747	7018131	815076
3748	7021878	1205632
3749	7025626	1035166
3750	7029375	861196
3751	7033125	1276449
3752	7036876	1155493
3753	7040628	930112
3754	7044381	752150
3755	7048135	1058096
3756	7051890	1319515
3757	7055646	1123092
3758	7059403	1570096
3759	7063161	1336553
3760	7066920	2978226
3761	7070680	1073621
3762	7074441	1529417
3763	7078203	1264653
3764	7081966	2157824
3765	7085730	1421060
3766	7089495	2374243
3767	7093261	1227999
3768	7097028	792993
3769	7100796	1375203
3770	7104565	2553488
3771	7108335	1089538
3772	7112106	1219682
3773	7115878	1260160
3774	7119651	1057079
3775	7123425	1397951
3776	7127200	1639553
3777	7130976	1262851
3778	7134753	1945912
3779	7138531	1157212
3780	7142310	950091
3781	7146090	1565417
3782	7149871	1372001
3783	7153653	1144754
3784	7157436	1274525
3785	7161220	1574608
3786	7165005	1196470
3787	7168791	1479668
3788	7172578	1665490
3789	7176366	1093530
3790	7180155	1383632
3791	7183945	754150
3792	7187736	980726
3793	7191528	1083301
3794	7195321	1885917
3795	7199115	2185694
3796	7202910	2653868
3797	7206706	1122953
3798	7210503	1335676
3799	7214301	1764398
3800	7218100	2207577
3801	7221900	1688024
3802	7225701	1133907
3803	7229503	2320584
3804	7233306	1331203
3805	7237110	1277001
3806	7240915	2784611
3807	7244721	1331264
3808	7248528	1275665
3809	7252336	1792123
3810	7256145	1430693
3811	7259955	1042100
3812	7263766	1237526
3813	7267578	1834311
3814	7271391	1992779
3815	7275205	1134246
3816	7279020	956640
3817	7282836	1295284
3818	7286653	1337117
3819	7290471	1424709
3820	7294290	2076304
3821	7298110	1192195
3822	7301931	1686636
3823	7305753	2502776
3824	7309576	1287534
3825	7313400	2438563
3826	7317225	1357966
3827	7321051	1701276
3828	7324878	3189678
3829	7328706	1141443
3830	7332535	2639747
3831	7336365	1201434
3832	7340196	999306
3833	7344028	824263
3834	7347861	1362074
3835	7351695	2487366
3836	7355530	2478333
3837	7359366	1537551
3838	7363203	2648717
3839	7367041	1193777
3840	7370880	2152140
3841	7374720	3024693
3842	7378561	2650808
3843	7382403	909458
3844	7386246	1102559
3845	7390090	1263239
3846	7393935	1187843
3847	7397781	1197673
3848	7401628	1538010
3849	7405476	1208809
3850	7409325	1804398
3851	7413175	1229557
3852	7417026	929256
3853	7420878	1607821
3854	7424731	1361157
3855	7428585	1132443
3856	7432440	1241365
3857	7436296	1556522
3858	7440153	1177386
3859	7444011	1200804
3860	7447870	1143915
3861	7451730	1777122
3862	7455591	1889044
3863	7459453	1098769
3864	7463316	2534288
3865	7467180	1540337
3866	7471045	2460516
3867	7474911	1529367
3868	7478778	1603395
3869	7482646	1061157
3870	7486515	1091115
3871	7490385	861361
3872	7494256	1135916
3873	7498128	1051855
3874	7502001	1303074
3875	7505875	1338443
3876	7509750	1897273
3877	7513626	1577156
3878	7517503	1315970
3879	7521381	2720764
3880	7525260	1391446
3881	7529140	1200581
3882	7533021	1354153
3883	7536903	1158424
3884	7540786	1306623
3885	7544670	2029316
3886	7548555	1373444
3887	7552441	1232729
3888	7556328	1243807
3889	7560216	1171232
3890	7564105	1279279
3891	7567995	2255088
3892	7571886	2993803
3893	7575778	1283575
3894	7579671	2346416
3895	7583565	3056759
3896	7587460	1416877
3897	7591356	1779908
3898	7595253	1178645
3899	7599151	1885940
3900	7603050	1503623
3901	7606950	2147835
3902	7610851	1248680
3903	7614753	1236681
3904	7618656	1433368
3905	7622560	1147585
3906	7626465	1276627
3907	7630371	1252750
3908	7634278	1361042
3909	7638186	1343880
3910	7642095	1781915
3911	7646005	2339985
3912	7649916	1276471
3913	7653828	1288999
3914	7657741	2756359
3915	7661655	1461900
3916	7665570	1246794
3917	7669486	1139018
3918	7673403	1347268
3919	7677321	1141454
3920	7681240	1462286
3921	7685160	1570865
3922	7689081	1842254
3923	7693003	1660824
3924	7696926	2075342
3925	7700850	1303588
3926	7704775	2717400
3927	7708701	1627577
3928	7712628	1919230
3929	7716556	1157074
3930	7720485	1115488
3931	7724415	1129542
3932	7728346	879364
3933	7732278	1596150
3934	7736211	1198828
3935	7740145	1257790
3936	7744080	1691404
3937	7748016	1124775
3938	7751953	1109223
3939	7755891	1711999
3940	7759830	1078846
3941	7763770	2308704
3942	7767711	1483295
3943	7771653	1133267
3944	7775596	1275642
3945	7779540	1285698
3946	7783485	2335872
3947	7787431	1434835
3948	7791378	1083466
3949	7795326	2300594
3950	7799275	3166699
3951	7803225	1283538
3952	7807176	1221275
3953	7811128	2733886
3954	7815081	2274417
3955	7819035	871339
3956	7822990	1829011
3957	7826946	1357834
3958	7830903	1247472
3959	7834861	1771127
3960	7838820	1289491
3961	7842780	1693852
3962	7846741	1197645
3963	7850703	1083993
3964	7854666	1309126
3965	7858630	2060205
3966	7862595	1319720
3967	7866561	2141068
3968	7870528	1422291
3969	7874496	1301102
3970	7878465	2160751
3971	7882435	1179871
3972	7886406	1109000
3973	7890378	1034163
3974	7894351	1133438
3975	7898325	1803743
3976	7902300	1431856
3977	7906276	1113727
3978	7910253	3273284
3979	7914231	1465297
3980	7918210	2495284
3981	7922190	1733800
3982	7926171	1190201
3983	7930153	1319301
3984	7934136	1419664
3985	7938120	1186920
3986	7942105	1390622
3987	7946091	2366743
3988	7950078	1330615
3989	7954066	1285028
3990	7958055	1544561
3991	7962045	1169988
3992	7966036	2351313
3993	7970028	1120572
3994	7974021	1115849
3995	7978015	1453635
3996	7982010	2761466
3997	7986006	2455185
3998	7990003	1394032
3999	7994001	1164017
4000	7998000	1264094
4001	8002000	1137284
4002	8006001	2829547
4003	8010003	2922958
4004	8014006	2011125
4005	8018010	1411721
4006	8022015	1586422
4007	8026021	1241760
4008	8030028	1270088
4009	8034036	2124193
4010	8038045	1194950
4011	8042055	1830799
4012	8046066	1620462
4013	8050078	2663101
4014	8054091	1288419
4015	8058105	1477807
4016	8062120	3055037
4017	8066136	1444607
4018	8070153	1215042
4019	8074171	1237451
4020	8078190	1411430
4021	8082210	1731063
4022	8086231	1236981
4023	8090253	2265421
4024	8094276	1120668
4025	8098300	2021126
4026	8102325	1929887
4027	8106351	1011838
4028	8110378	1241816
4029	8114406	1474488
4030	8118435	1609757
4031	8122465	1434057
4032	8126496	2192890
4033	8130528	1108681
4034	8134561	988544
4035	8138595	1703087
4036	8142630	3288792
4037	8146666	1417003
4038	8150703	1378625
4039	8154741	1809484
4040	8158780	1139435
4041	8162820	1570439
4042	8166861	1422100
4043	8170903	1174429
4044	8174946	2622237
4045	8178990	2242715
4046	8183035	1449024
4047	8187081	1240794
4048	8191128	1523441
4049	8195176	1104457
4050	8199225	1786906
4051	8203275	1599632
4052	8207326	1726612
4053	8211378	1554955
4054	8215431	2186178
4055	8219485	3474151
4056	8223540	1362954
4057	8227596	1414086
4058	8231653	1132267
4059	8235711	1421065
4060	8239770	1969250
4061	8243830	3032603
4062	8247891	1298793
4063	8251953	1419021
4064	8256016	1469544
4065	8260080	1846552
4066	8264145	1476114
4067	8268211	1656838
4068	8272278	1493210
4069	8276346	1778113
4070	8280415	1248758
4071	8284485	2191620
4072	8288556	1246739
4073	8292628	1181219
4074	8296701	1851174
4075	8300775	1376603
4076	8304850	1139522
4077	8308926	2406416
4078	8313003	3106709
4079	8317081	2752719
4080	8321160	1522597
4081	8325240	1298916
4082	8329321	2321496
4083	8333403	1610817
4084	8337486	1627256
4085	8341570	2657953
4086	8345655	2110091
4087	8349741	1925845
4088	8353828	2152384
4089	8357916	1182350
4090	8362005	1182282
4091	8366095	2405670
4092	8370186	1476141
4093	8374278	1217135
4094	8378371	1411154
4095	8382465	1494925
4096	8386560	2956100
4097	8390656	3886393
4098	8394753	1388585
4099	8398851	3876469
4100	8402950	1637965
4101	8407050	1844343
4102	8411151	2737176
4103	8415253	2918725
4104	8419356	2199523
4105	8423460	1978470
4106	8427565	3476459
4107	8431671	1771767
4108	8435778	3339254
4109	8439886	1566950
4110	8443995	1808053
4111	8448105	1776758
4112	8452216	1828095
4113	8456328	1653693
4114	8460441	3686063
4115	8464555	3579418
4116	8468670	1388716
4117	8472786	3421526
4118	8476903	1526667
4119	8481021	3343433
4120	8485140	1671180
4121	8489260	2027976
4122	8493381	1453452
4123	8497503	2087893
4124	8501626	2582024
4125	8505750	1573985
4126	8509875	3904828
4127	8514001	1553093
4128	8518128	3400195
4129	8522256	1559815
4130	8526385	1367702
4131	8530515	3903337
4132	8534646	1299440
4133	8538778	1366216
4134	8542911	2568822
4135	8547045	1532525
4136	8551180	1388169
4137	8555316	3167844
4138	8559453	3710915
4139	8563591	1603854
4140	8567730	1905919
4141	8571870	2025611
4142	8576011	1763639
4143	8580153	2844481
4144	8584296	1551005
4145	8588440	2181179
4146	8592585	1765833
4147	8596731	1607804
4148	8600878	1813928
4149	8605026	2101384
4150	8609175	2135497
4151	8613325	2076921
4152	8617476	1843235
4153	8621628	3508255
4154	8625781	1633168
4155	8629935	1110453
4156	8634090	2041416
4157	8638246	1749364
4158	8642403	3118924
4159	8646561	1564010
4160	8650720	1954068
4161	8654880	1532006
4162	8659041	3090510
4163	8663203	1534041
4164	8667366	1592201
4165	8671530	1918680
4166	8675695	1632385
4167	8679861	3833661
4168	8684028	1755950
4169	8688196	2762583
4170	8692365	1820749
4171	8696535	2102813
4172	8700706	4231733
4173	8704878	1671893
4174	8709051	1932386
4175	8713225	2070648
4176	8717400	1726050
4177	8721576	1360079
4178	8725753	1329255
4179	8729931	2248027
4180	8734110	1796391
4181	8738290	3404420
4182	8742471	3593974
4183	8746653	1543394
4184	8750836	4204464
4185	8755020	2111776
4186	8759205	1984740
4187	8763391	2596068
4188	8767578	3913227
4189	8771766	3824201
4190	8775955	2445720
4191	8780145	3102628
4192	8784336	1615204
4193	8788528	3215144
4194	8792721	3266567
4195	8796915	2275053
4196	8801110	3359539
4197	8805306	3171241
4198	8809503	1435132
4199	8813701	1695367
4200	8817900	3794470
4201	8822100	3509112
4202	8826301	1690374
4203	8830503	3814194
4204	8834706	1618408
4205	8838910	1797761
4206	8843115	2177534
4207	8847321	1074862
4208	8851528	1760780
4209	8855736	3209920
4210	8859945	1527066
4211	8864155	1999482
4212	8868366	1776001
4213	8872578	1831036
4214	8876791	2022768
4215	8881005	4259192
4216	8885220	1721340
4217	8889436	1559522
4218	8893653	2252472
4219	8897871	1902418
4220	8902090	1582341
4221	8906310	1799285
4222	8910531	1778093
4223	8914753	4404113
4224	8918976	2085095
4225	8923200	3723074
4226	8927425	1546115
4227	8931651	3601100
4228	8935878	2477781
4229	8940106	1981731
4230	8944335	3745615
4231	8948565	1448809
4232	8952796	2474796
4233	8957028	1984147
4234	8961261	3305748
4235	8965495	3738559
4236	8969730	1714119
4237	8973966	1922535
4238	8978203	1958131
4239	8982441	1974645
4240	8986680	3806941
4241	8990920	2526375
4242	8995161	3625868
4243	8999403	4262833
4244	9003646	1590454
4245	9007890	1825122
4246	9012135	1767990
4247	9016381	3169174
4248	9020628	2134047
4249	9024876	1984630
4250	9029125	1739602
4251	9033375	1968245
4252	9037626	2442680
4253	9041878	1898883
4254	9046131	1224376
4255	9050385	1452890
4256	9054640	3203106
4257	9058896	3350406
4258	9063153	1559859
4259	9067411	3398345
4260	9071670	1623790
4261	9075930	1426348
4262	9080191	3343859
4263	9084453	1723105
4264	9088716	1490573
4265	9092980	1336438
4266	9097245	1075483
4267	9101511	3510312
4268	9105778	3677283
4269	9110046	2191385
4270	9114315	1698142
4271	9118585	3511218
4272	9122856	1824810
4273	9127128	2040351
4274	9131401	1513883
4275	9135675	2196345
4276	9139950	2308789
4277	9144226	2514526
4278	9148503	3013625
4279	9152781	2427839
4280	9157060	3162030
4281	9161340	3130771
4282	9165621	1366677
4283	9169903	1549810
4284	9174186	2490413
4285	9178470	2622871
4286	9182755	2339455
4287	9187041	1861265
4288	9191328	3624096
4289	9195616	3507034
4290	9199905	2204447
4291	9204195	3601081
4292	9208486	3771768
4293	9212778	1815126
4294	9217071	3244697
4295	9221365	3959367
4296	9225660	2923782
4297	9229956	1780640
4298	9234253	2536187
4299	9238551	2497008
4300	9242850	1838654
4301	9247150	4129657
4302	9251451	1881725
4303	9255753	2069516
4304	9260056	2762019
4305	9264360	1558069
4306	9268665	2028111
4307	9272971	2309594
4308	9277278	2140023
4309	9281586	3777961
4310	9285895	2068507
4311	9290205	1881056
4312	9294516	3940196
4313	9298828	2076885
4314	9303141	4123526
4315	9307455	1788486
4316	9311770	2727266
4317	9316086	1450822
4318	9320403	1737241
4319	9324721	1858078
4320	9329040	3239513
4321	9333360	3632728
4322	9337681	2314403
4323	9342003	3419395
4324	9346326	1722770
4325	9350650	1510202
4326	9354975	4147728
4327	9359301	1851143
4328	9363628	2275303
4329	9367956	2961551
4330	9372285	1423988
4331	9376615	2636800
4332	9380946	1460776
4333	9385278	2201974
4334	9389611	3099991
4335	9393945	2115188
4336	9398280	2306988
4337	9402616	3742789
4338	9406953	1690898
4339	9411291	3608386
4340	9415630	3566699
4341	9419970	1552274
4342	9424311	1483394
4343	9428653	1146056
4344	9432996	1188012
4345	9437340	2186158
4346	9441685	3061794
4347	9446031	1613062
4348	9450378	1811823
4349	9454726	4425289
4350	9459075	1721061
4351	9463425	3833824
4352	9467776	4068494
4353	9472128	1653992
4354	9476481	1905192
4355	9480835	2313066
4356	9485190	2002317
4357	9489546	1996228
4358	9493903	3514423
4359	9498261	1815613
4360	9502620	1737339
4361	9506980	1757389
4362	9511341	3254368
4363	9515703	1958920
4364	9520066	3867904
4365	9524430	2657512
4366	9528795	2154259
4367	9533161	1890992
4368	9537528	2526307
4369	9541896	3072970
4370	9546265	1655232
4371	9550635	1918102
4372	9555006	2743455
4373	9559378	5249251
4374	9563751	1916897
4375	9568125	1868550
4376	9572500	2325534
4377	9576876	1525496
4378	9581253	2253989
4379	9585631	2003586
4380	9590010	3186901
4381	9594390	3198061
4382	9598771	1862539
4383	9603153	1851120
4384	9607536	1843818
4385	9611920	2128326
4386	9616305	1993617
4387	9620691	2445195
4388	9625078	3346308
4389	9629466	1808516
4390	9633855	2726440
4391	9638245	3948097
4392	9642636	1917217
4393	9647028	4233322
4394	9651421	3149132
4395	9655815	2003072
4396	9660210	2142320
4397	9664606	1737796
4398	9669003	2110616
4399	9673401	3106043
4400	9677800	1385590
4401	9682200	3777822
4402	9686601	2034570
4403	9691003	2378130
4404	9695406	4292974
4405	9699810	1952523
4406	9704215	1945527
4407	9708621	3518885
4408	9713028	1818577
4409	9717436	1736483
4410	9721845	2590590
4411	9726255	2016286
4412	9730666	2644120
4413	9735078	1897890
4414	9739491	3278084
4415	9743905	2262363
4416	9748320	1893549
4417	9752736	3349948
4418	9757153	1953997
4419	9761571	1564402
4420	9765990	2021634
4421	9770410	1972228
4422	9774831	1784177
4423	9779253	2076498
4424	9783676	2712706
4425	9788100	1369874
4426	9792525	3827959
4427	9796951	1872693
4428	9801378	2173274
4429	9805806	2187019
4430	9810235	1941633
4431	9814665	2717542
4432	9819096	1469172
4433	9823528	2970432
4434	9827961	1817431
4435	9832395	1566367
4436	9836830	1467336
4437	9841266	2263742
4438	9845703	1441074
4439	9850141	2146078
4440	9854580	2285807
4441	9859020	1923524
4442	9863461	2838842
4443	9867903	3619205
4444	9872346	4598682
4445	9876790	3000634
4446	9881235	3098256
4447	9885681	2011286
4448	9890128	2023346
4449	9894576	3971047
4450	9899025	1926894
4451	9903475	1817140
4452	9907926	2671635
4453	9912378	1630451
4454	9916831	2175306
4455	9921285	1616936
4456	9925740	1484522
4457	9930196	2001335
4458	9934653	4315321
4459	9939111	4152633
4460	9943570	2879670
4461	9948030	2647373
4462	9952491	2183685
4463	9956953	2446464
4464	9961416	1968140
4465	9965880	3640964
4466	9970345	2134249
4467	9974811	1711033
4468	9979278	2066082
4469	9983746	2970655
4470	9988215	1820695
4471	9992685	2065084
4472	9997156	2334925
4473	10001628	2787895
4474	10006101	1541064
4475	10010575	2169624
4476	10015050	2030725
4477	10019526	3839700
4478	10024003	1974014
4479	10028481	1845312
4480	10032960	2035858
4481	10037440	2162197
4482	10041921	1402318
4483	10046403	1251231
4484	10050886	1966823
4485	10055370	1855988
4486	10059855	1201085
4487	10064341	1735484
4488	10068828	1413217
4489	10073316	2158657
4490	10077805	2324566
4491	10082295	1894728
4492	10086786	1835212
4493	10091278	2204959
4494	10095771	1649244
4495	10100265	4327427
4496	10104760	2293611
4497	10109256	2903864
4498	10113753	2200470
4499	10118251	2772269
4500	10122750	1923306
4501	10127250	3421352
4502	10131751	1770214
4503	10136253	2034526
4504	10140756	2597159
4505	10145260	4337163
4506	10149765	4802001
4507	10154271	1472307
4508	10158778	2816157
4509	10163286	2553680
4510	10167795	2080504
4511	10172305	3848649
4512	10176816	1910268
4513	10181328	2740276
4514	10185841	4111566
4515	10190355	4370163
4516	10194870	2113519
4517	10199386	2222093
4518	10203903	2067654
4519	10208421	1371824
4520	10212940	1959510
4521	10217460	2198949
4522	10221981	1308335
4523	10226503	2099244
4524	10231026	1896216
4525	10235550	2113673
4526	10240075	2289442
4527	10244601	2501597
4528	10249128	2170074
4529	10253656	4825758
4530	10258185	2694278
4531	10262715	3978263
4532	10267246	4257356
4533	10271778	3695003
4534	10276311	1803047
4535	10280845	2681847
4536	10285380	5125369
4537	10289916	2123581
4538	10294453	2580603
4539	10298991	1888568
4540	10303530	2215196
4541	10308070	3736126
4542	10312611	2686862
4543	10317153	2619412
4544	10321696	2850271
4545	10326240	2026938
4546	10330785	1864230
4547	10335331	1992194
4548	10339878	2337882
4549	10344426	2271397
4550	10348975	2054526
4551	10353525	2750209
4552	10358076	1339863
4553	10362628	1249596
4554	10367181	4275026
4555	10371735	1906003
4556	10376290	1526080
4557	10380846	2623218
4558	10385403	4019540
4559	10389961	2156300
4560	10394520	3134007
4561	10399080	2052770
4562	10403641	2401427
4563	10408203	1885517
4564	10412766	1824696
4565	10417330	1465335
4566	10421895	3247734
4567	10426461	3971349
4568	10431028	2125787
4569	10435596	2104180
4570	10440165	3661418
4571	10444735	3125603
4572	10449306	2212295
4573	10453878	1483856
4574	10458451	1303104
4575	10463025	1322545
4576	10467600	1919115
4577	10472176	3782292
4578	10476753	2058130
4579	10481331	2444912
4580	10485910	2011575
4581	10490490	2127726
4582	10495071	2135787
4583	10499653	4710199
4584	10504236	2007495
4585	10508820	1347971
4586	10513405	2430180
4587	10517991	1844406
4588	10522578	1452232
4589	10527166	1274257
4590	10531755	3840029
4591	10536345	2125492
4592	10540936	2093802
4593	10545528	3236909
4594	10550121	3302712
4595	10554715	2631569
4596	10559310	2005827
4597	10563906	2459271
4598	10568503	2390849
4599	10573101	2580399
4600	10577700	2706466
4601	10582300	4608695
4602	10586901	2855091
4603	10591503	2066953
4604	10596106	1973183
4605	10600710	3046767
4606	10605315	3285815
4607	10609921	4608212
4608	10614528	2141341
4609	10619136	3175885
4610	10623745	1773304
4611	10628355	2666794
4612	10632966	2260192
4613	10637578	4041029
4614	10642191	2035833
4615	10646805	1855091
4616	10651420	2258755
4617	10656036	4327964
4618	10660653	1967361
4619	10665271	1939045
4620	10669890	2009887
4621	10674510	2143410
4622	10679131	3029680
4623	10683753	1552078
4624	10688376	3546952
4625	10693000	2374237
4626	10697625	3537786
4627	10702251	1885290
4628	10706878	2868412
4629	10711506	3931490
4630	10716135	5096164
4631	10720765	1624481
4632	10725396	3969510
4633	10730028	4069756
4634	10734661	3639989
4635	10739295	1752626
4636	10743930	1604705
4637	10748566	2670845
4638	10753203	1954509
4639	10757841	3492318
4640	10762480	1838924
4641	10767120	1675259
4642	10771761	2798140
4643	10776403	2136938
4644	10781046	1554754
4645	10785690	1275783
4646	10790335	1317469
4647	10794981	2470714
4648	10799628	3303088
4649	10804276	5066855
4650	10808925	2122510
4651	10813575	4457092
4652	10818226	2415359
4653	10822878	2234801
4654	10827531	1889944
4655	10832185	2333881
4656	10836840	2331669
4657	10841496	2240551
4658	10846153	2289378
4659	10850811	1838838
4660	10855470	3730427
4661	10860130	2398663
4662	10864791	4567963
4663	10869453	4669063
4664	10874116	3063922
4665	10878780	2042431
4666	10883445	4154401
4667	10888111	1879098
4668	10892778	3454921
4669	10897446	2320238
4670	10902115	2109346
4671	10906785	2814836
4672	10911456	3391866
4673	10916128	2560144
4674	10920801	2384620
4675	10925475	5024745
4676	10930150	2246280
4677	10934826	2664253
4678	10939503	6978402
4679	10944181	2935273
4680	10948860	4754397
4681	10953540	1806189
4682	10958221	1840978
4683	10962903	4513823
4684	10967586	2593972
4685	10972270	5170703
4686	10976955	2032009
4687	10981641	3029139
4688	10986328	4529207
4689	10991016	4346191
4690	10995705	4130304
4691	11000395	3966884
4692	11005086	2197024
4693	11009778	3220034
4694	11014471	3243596
4695	11019165	2579519
4696	11023860	2146631
4697	11028556	2161634
4698	11033253	4223165
4699	11037951	1872067
4700	11042650	1650839
4701	11047350	4464193
4702	11052051	1742782
4703	11056753	1340080
4704	11061456	4247880
4705	11066160	1995020
4706	11070865	2864887
4707	11075571	2308910
4708	11080278	2279164
4709	11084986	4157994
4710	11089695	2273484
4711	11094405	2236265
4712	11099116	5808169
4713	11103828	1980106
4714	11108541	4418641
4715	11113255	2206384
4716	11117970	5103507
4717	11122686	1651575
4718	11127403	2310710
4719	11132121	2603767
4720	11136840	2311809
4721	11141560	2461986
4722	11146281	2393841
4723	11151003	2404723
4724	11155726	3846673
4725	11160450	2342535
4726	11165175	2259094
4727	11169901	3848497
4728	11174628	3709592
4729	11179356	2140000
4730	11184085	3793891
4731	11188815	2215911
4732	11193546	4548405
4733	11198278	2126958
4734	11203011	1844972
4735	11207745	2567619
4736	11212480	2180659
4737	11217216	4573471
4738	11221953	2435593
4739	11226691	2953777
4740	11231430	1941007
4741	11236170	2371505
4742	11240911	1323592
4743	11245653	1218929
4744	11250396	1775269
4745	11255140	3953943
4746	11259885	2187606
4747	11264631	2550980
4748	11269378	2350285
4749	11274126	4746104
4750	11278875	2506627
4751	11283625	2351046
4752	11288376	2091923
4753	11293128	2281472
4754	11297881	3449579
4755	11302635	3668778
4756	11307390	4889310
4757	11312146	2036129
4758	11316903	5354756
4759	11321661	2528263
4760	11326420	4534839
4761	11331180	4704718
4762	11335941	3543037
4763	11340703	1595497
4764	11345466	3978422
4765	11350230	2197782
4766	11354995	4777624
4767	11359761	2150940
4768	11364528	4801487
4769	11369296	2613998
4770	11374065	3414699
4771	11378835	4757754
4772	11383606	2446729
4773	11388378	2517421
4774	11393151	2117383
4775	11397925	3082294
4776	11402700	2381371
4777	11407476	2451419
4778	11412253	2561154
4779	11417031	2445868
4780	11421810	4768582
4781	11426590	2613928
4782	11431371	4411805
4783	11436153	2195349
4784	11440936	4555230
4785	11445720	2041359
4786	11450505	2262116
4787	11455291	2471517
4788	11460078	2775861
4789	11464866	2172670
4790	11469655	4028956
4791	11474445	2628755
4792	11479236	4384916
4793	11484028	2775890
4794	11488821	2221330
4795	11493615	4967755
4796	11498410	2450138
4797	11503206	2406961
4798	11508003	2058924
4799	11512801	2436889
4800	11517600	2250028
4801	11522400	2080377
4802	11527201	1632754
4803	11532003	2434009
4804	11536806	2095655
4805	11541610	3626065
4806	11546415	4509620
4807	11551221	3955403
4808	11556028	2011924
4809	11560836	2681671
4810	11565645	2550353
4811	11570455	2089128
4812	11575266	1358804
4813	11580078	2654013
4814	11584891	2842762
4815	11589705	2488102
4816	11594520	2463009
4817	11599336	3696819
4818	11604153	2204528
4819	11608971	4280430
4820	11613790	2277599
4821	11618610	2715197
4822	11623431	2535120
4823	11628253	2687400
4824	11633076	2115853
4825	11637900	4172603
4826	11642725	2305489
4827	11647551	1966106
4828	11652378	2414602
4829	11657206	3070199
4830	11662035	3200423
4831	11666865	2373312
4832	11671696	4880149
4833	11676528	3071926
4834	11681361	2831150
4835	11686195	2081803
4836	11691030	3427993
4837	11695866	1953897
4838	11700703	3510502
4839	11705541	2399736
4840	11710380	2795468
4841	11715220	3912379
4842	11720061	4084645
4843	11724903	2164891
4844	11729746	2933219
4845	11734590	5423692
4846	11739435	2308690
4847	11744281	2411259
4848	11749128	2026747
4849	11753976	2427926
4850	11758825	4826403
4851	11763675	2135476
4852	11768526	2178176
4853	11773378	2469062
4854	11778231	3134808
4855	11783085	2319976
4856	11787940	2672987
4857	11792796	1986803
4858	11797653	2178649
4859	11802511	4950704
4860	11807370	3214586
4861	11812230	2368614
4862	11817091	5788278
4863	11821953	2874844
4864	11826816	6321071
4865	11831680	2137697
4866	11836545	2876593
4867	11841411	2766624
4868	11846278	2216870
4869	11851146	3390009
4870	11856015	2043091
4871	11860885	2141404
4872	11865756	1799974
4873	11870628	4529978
4874	11875501	3336675
4875	11880375	5511994
4876	11885250	2847578
4877	11890126	4989244
4878	11895003	4337077
4879	11899881	3328904
4880	11904760	2742651
4881	11909640	6200404
4882	11914521	6543196
4883	11919403	3998672
4884	11924286	4586842
4885	11929170	4413838
4886	11934055	3442439
4887	11938941	6938093
4888	11943828	3531478
4889	11948716	4562713
4890	11953605	2270752
4891	11958495	2636631
4892	11963386	2337161
4893	11968278	3723504
4894	11973171	2081641
4895	11978065	1538658
4896	11982960	1511017
4897	11987856	3062924
4898	11992753	3167337
4899	11997651	2417674
4900	12002550	4134372
4901	12007450	2424883
4902	12012351	2256005
4903	12017253	2345925
4904	12022156	5319318
4905	12027060	2296302
4906	12031965	3314500
4907	12036871	3669354
4908	12041778	2261476
4909	12046686	2436173
4910	12051595	2575141
4911	12056505	4857135
4912	12061416	2725354
4913	12066328	2159388
4914	12071241	2547588
4915	12076155	2543163
4916	12081070	6515653
4917	12085986	3149870
4918	12090903	22678189
4919	12095821	15577533
4920	12100740	16160409
4921	12105660	4989064
4922	12110581	8058726
4923	12115503	5085828
