100	4950	0
101	5050	1
102	5151	0
103	5253	0
104	5356	0
105	5460	0
106	5565	0
107	5671	1
108	5778	1
109	5886	0
110	5995	0
111	6105	0
112	6216	0
113	6328	0
114	6441	0
115	6555	1
116	6670	1
117	6786	1
118	6903	0
119	7021	0
120	7140	0
121	7260	9
122	7381	0
123	7503	113
124	7626	0
125	7750	1
126	7875	0
127	8001	0
128	8128	0
129	8256	0
130	8385	1
131	8515	1
132	8646	0
133	8778	0
134	8911	0
135	9045	0
136	9180	1
137	9316	81
138	9453	0
139	9591	0
140	9730	1
141	9870	0
142	10011	3
143	10153	0
144	10296	1
145	10440	0
146	10585	1
147	10731	1
148	10878	1
149	11026	0
150	11175	0
151	11325	1
152	11476	0
153	11628	1
154	11781	0
155	11935	1
156	12090	0
157	12246	0
158	12403	4
159	12561	1
160	12720	0
161	12880	0
162	13041	0
163	13203	0
164	13366	1
165	13530	1
166	13695	1
167	13861	1
168	14028	0
169	14196	0
170	14365	0
171	14535	0
172	14706	3
173	14878	1
174	15051	2
175	15225	1
176	15400	0
177	15576	1
178	15753	1
179	15931	1
180	16110	1
181	16290	0
182	16471	11
183	16653	0
184	16836	1
185	17020	0
186	17205	1
187	17391	4
188	17578	2
189	17766	1
190	17955	1
191	18145	1
192	18336	0
193	18528	0
194	18721	1
195	18915	0
196	19110	1
197	19306	1
198	19503	0
199	19701	2
200	19900	1
201	20100	0
202	20301	0
203	20503	1
204	20706	0
205	20910	0
206	21115	0
207	21321	2
208	21528	1
209	21736	0
210	21945	1
211	22155	2
212	22366	1
213	22578	16
214	22791	2
215	23005	0
216	23220	1
217	23436	1
218	23653	2
219	23871	0
220	24090	1
221	24310	1
222	24531	0
223	24753	1
224	24976	1
225	25200	71
226	25425	1
227	25651	0
228	25878	1
229	26106	0
230	26335	1
231	26565	1
232	26796	1
233	27028	1
234	27261	1
235	27495	1
236	27730	1
237	27966	1
238	28203	1
239	28441	1
240	28680	1
241	28920	0
242	29161	1
243	29403	1
244	29646	1
245	29890	1
246	30135	7
247	30381	1
248	30628	1
249	30876	1
250	31125	1
251	31375	1
252	31626	0
253	31878	0
254	32131	1
255	32385	0
256	32640	1
257	32896	36
258	33153	0
259	33411	0
260	33670	1
261	33930	2
262	34191	2
263	34453	1
264	34716	1
265	34980	2
266	35245	0
267	35511	1
268	35778	1
269	36046	1
270	36315	2
271	36585	1
272	36856	2
273	37128	1
274	37401	1
275	37675	2
276	37950	1
277	38226	0
278	38503	1
279	38781	3
280	39060	1
281	39340	1
282	39621	1
283	39903	1
284	40186	2
285	40470	1
286	40755	0
287	41041	0
288	41328	0
289	41616	0
290	41905	1
291	42195	1
292	42486	1
293	42778	1
294	43071	1
295	43365	0
296	43660	1
297	43956	1
298	44253	1
299	44551	1
300	44850	1
301	45150	5
302	45451	1
303	45753	4
304	46056	0
305	46360	1
306	46665	1
307	46971	1
308	47278	0
309	47586	1
310	47895	0
311	48205	1
312	48516	1
313	48828	1
314	49141	1
315	49455	1
316	49770	1
317	50086	2
318	50403	1
319	50721	1
320	51040	1
321	51360	0
322	51681	1
323	52003	1
324	52326	1
325	52650	1
326	52975	1
327	53301	1
328	53628	1
329	53956	1
330	54285	1
331	54615	1
332	54946	0
333	55278	1
334	55611	1
335	55945	24
336	56280	1
337	56616	0
338	56953	0
339	57291	1
340	57630	4
341	57970	2
342	58311	0
343	58653	0
344	58996	0
345	59340	3
346	59685	0
347	60031	0
348	60378	2
349	60726	2
350	61075	2
351	61425	2
352	61776	3
353	62128	0
354	62481	3
355	62835	0
356	63190	2
357	63546	2
358	63903	2
359	64261	0
360	64620	2
361	64980	7
362	65341	0
363	65703	0
364	66066	0
365	66430	2
366	66795	0
367	67161	2
368	67528	0
369	67896	2
370	68265	2
371	68635	0
372	69006	2
373	69378	0
374	69751	2
375	70125	2
376	70500	1
377	70876	2
378	71253	3
379	71631	3
380	72010	1
381	72390	1
382	72771	2
383	73153	1
384	73536	2
385	73920	2
386	74305	1
387	74691	2
388	75078	1
389	75466	2
390	75855	0
391	76245	2
392	76636	1
393	77028	2
394	77421	1
395	77815	5
396	78210	2
397	78606	1
398	79003	0
399	79401	2
400	79800	2
401	80200	1
402	80601	2
403	81003	3
404	81406	2
405	81810	2
406	82215	2
407	82621	2
408	83028	2
409	83436	3
410	83845	3
411	84255	1
412	84666	0
413	85078	1
414	85491	1
415	85905	0
416	86320	117
417	86736	2
418	87153	2
419	87571	3
420	87990	0
421	88410	3
422	88831	13
423	89253	0
424	89676	3
425	90100	1
426	90525	3
427	90951	1
428	91378	3
429	91806	2
430	92235	3
431	92665	6
432	93096	1
433	93528	1
434	93961	0
435	94395	1
436	94830	1
437	95266	0
438	95703	1
439	96141	1
440	96580	1
441	97020	1
442	97461	2
443	97903	1
444	98346	1
445	98790	1
446	99235	1
447	99681	1
448	100128	1
449	100576	0
450	101025	1
451	101475	1
452	101926	0
453	102378	1
454	102831	1
455	103285	1
456	103740	2
457	104196	2
458	104653	2
459	105111	1
460	105570	2
461	106030	1
462	106491	1
463	106953	1
464	107416	1
465	107880	2
466	108345	1
467	108811	1
468	109278	1
469	109746	2
470	110215	2
471	110685	1
472	111156	1
473	111628	1
474	112101	1
475	112575	1
476	113050	2
477	113526	0
478	114003	1
479	114481	1
480	114960	1
481	115440	3
482	115921	2
483	116403	1
484	116886	2
485	117370	1
486	117855	1
487	118341	1
488	118828	1
489	119316	0
490	119805	1
491	120295	2
492	120786	2
493	121278	2
494	121771	1
495	122265	3
496	122760	1
497	123256	42
498	123753	2
499	124251	1
500	124750	2
501	125250	1
502	125751	1
503	126253	2
504	126756	4
505	127260	1
506	127765	2
507	128271	2
508	128778	8
509	129286	1
510	129795	2
511	130305	1
512	130816	2
513	131328	4
514	131841	2
515	132355	1
516	132870	5
517	133386	6
518	133903	1
519	134421	1
520	134940	1
521	135460	3
522	135981	1
523	136503	2
524	137026	4
525	137550	5
526	138075	4
527	138601	4
528	139128	2
529	139656	1
530	140185	1
531	140715	4
532	141246	4
533	141778	4
534	142311	4
535	142845	3
536	143380	1
537	143916	4
538	144453	4
539	144991	67
540	145530	3
541	146070	3
542	146611	1
543	147153	1
544	147696	5
545	148240	1
546	148785	254
547	149331	3
548	149878	1
549	150426	3
550	150975	81
551	151525	1
552	152076	1
553	152628	3
554	153181	3
555	153735	3
556	154290	5
557	154846	4
558	155403	64
559	155961	4
560	156520	1
561	157080	4
562	157641	1
563	158203	3
564	158766	3
565	159330	3
566	159895	3
567	160461	3
568	161028	3
569	161596	4
570	162165	1
571	162735	1
572	163306	130
573	163878	3
574	164451	4
575	165025	4
576	165600	4
577	166176	3
578	166753	5
579	167331	1
580	167910	3
581	168490	1
582	169071	5
583	169653	2
584	170236	1
585	170820	146
586	171405	3
587	171991	1
588	172578	1
589	173166	4
590	173755	4
591	174345	3
592	174936	2
593	175528	2
594	176121	1
595	176715	16
596	177310	4
597	177906	3
598	178503	6
599	179101	1
600	179700	1
601	180300	4
602	180901	1
603	181503	5
604	182106	5
605	182710	4
606	183315	4
607	183921	4
608	184528	3
609	185136	6
610	185745	2
611	186355	3
612	186966	3
613	187578	1
614	188191	1
615	188805	2
616	189420	1
617	190036	2
618	190653	2
619	191271	1
620	191890	2
621	192510	3
622	193131	139
623	193753	1
624	194376	121
625	195000	2
626	195625	1
627	196251	2
628	196878	1
629	197506	1
630	198135	1
631	198765	3
632	199396	2
633	200028	1
634	200661	2
635	201295	4
636	201930	3
637	202566	2
638	203203	3
639	203841	3
640	204480	3
641	205120	2
642	205761	2
643	206403	2
644	207046	2
645	207690	3
646	208335	2
647	208981	3
648	209628	1
649	210276	8
650	210925	2
651	211575	2
652	212226	2
653	212878	4
654	213531	1
655	214185	14
656	214840	3
657	215496	1
658	216153	2
659	216811	2
660	217470	2
661	218130	3
662	218791	2
663	219453	2
664	220116	3
665	220780	1
666	221445	2
667	222111	1
668	222778	2
669	223446	3
670	224115	2
671	224785	2
672	225456	3
673	226128	4
674	226801	1
675	227475	4
676	228150	1
677	228826	4
678	229503	4
679	230181	3
680	230860	136
681	231540	1
682	232221	1
683	232903	3
684	233586	4
685	234270	4
686	234955	2
687	235641	5
688	236328	1
689	237016	2
690	237705	3
691	238395	4
692	239086	4
693	239778	4
694	240471	3
695	241165	5
696	241860	3
697	242556	5
698	243253	4
699	243951	6
700	244650	4
701	245350	3
702	246051	3
703	246753	5
704	247456	5
705	248160	2
706	248865	3
707	249571	4
708	250278	4
709	250986	3
710	251695	3
711	252405	1
712	253116	3
713	253828	1
714	254541	4
715	255255	5
716	255970	2
717	256686	2
718	257403	1
719	258121	1
720	258840	2
721	259560	4
722	260281	1
723	261003	4
724	261726	1
725	262450	150
726	263175	5
727	263901	2
728	264628	2
729	265356	2
730	266085	2
731	266815	3
732	267546	4
733	268278	2
734	269011	4
735	269745	4
736	270480	2
737	271216	1
738	271953	5
739	272691	17
740	273430	4
741	274170	4
742	274911	6
743	275653	5
744	276396	2
745	277140	7
746	277885	59
747	278631	2
748	279378	4
749	280126	1
750	280875	4
751	281625	1
752	282376	4
753	283128	1
754	283881	3
755	284635	2
756	285390	4
757	286146	3
758	286903	4
759	287661	4
760	288420	4
761	289180	4
762	289941	2
763	290703	1
764	291466	5
765	292230	2
766	292995	4
767	293761	1
768	294528	2
769	295296	3
770	296065	4
771	296835	6
772	297606	1
773	298378	4
774	299151	1
775	299925	8
776	300700	5
777	301476	1
778	302253	5
779	303031	5
780	303810	6
781	304590	10
782	305371	6
783	306153	5
784	306936	1
785	307720	2
786	308505	4
787	309291	1
788	310078	127
789	310866	2
790	311655	7
791	312445	5
792	313236	5
793	314028	4
794	314821	1
795	315615	5
796	316410	5
797	317206	5
798	318003	4
799	318801	2
800	319600	5
801	320400	7
802	321201	7
803	322003	5
804	322806	2
805	323610	6
806	324415	5
807	325221	66
808	326028	1
809	326836	7
810	327645	2
811	328455	2
812	329266	5
813	330078	1
814	330891	3
815	331705	6
816	332520	5
817	333336	2
818	334153	1
819	334971	7
820	335790	2
821	336610	6
822	337431	2
823	338253	6
824	339076	80
825	339900	2
826	340725	5
827	341551	13
828	342378	8
829	343206	2
830	344035	7
831	344865	6
832	345696	2
833	346528	6
834	347361	5
835	348195	5
836	349030	9
837	349866	6
838	350703	4
839	351541	430
840	352380	6
841	353220	10
842	354061	2
843	354903	10
844	355746	2
845	356590	4
846	357435	6
847	358281	11
848	359128	4
849	359976	2
850	360825	2
851	361675	6
852	362526	6
853	363378	9
854	364231	8
855	365085	1
856	365940	6
857	366796	6
858	367653	7
859	368511	6
860	369370	15
861	370230	6
862	371091	6
863	371953	7
864	372816	2
865	373680	3
866	374545	3
867	375411	2
868	376278	1
869	377146	2
870	378015	2
871	378885	3
872	379756	2
873	380628	3
874	381501	30
875	382375	16
876	383250	37
877	384126	2
878	385003	5
879	385881	2
880	386760	3
881	387640	2
882	388521	2
883	389403	3
884	390286	3
885	391170	2
886	392055	116
887	392941	2
888	393828	2
889	394716	3
890	395605	36
891	396495	8
892	397386	3
893	398278	2
894	399171	2
895	400065	3
896	400960	2
897	401856	2
898	402753	81
899	403651	3
900	404550	2
901	405450	3
902	406351	3
903	407253	3
904	408156	2
905	409060	3
906	409965	2
907	410871	30
908	411778	2
909	412686	4
910	413595	148
911	414505	3
912	415416	2
913	416328	3
914	417241	55
915	418155	3
916	419070	4
917	419986	2
918	420903	2
919	421821	3
920	422740	2
921	423660	4
922	424581	2
923	425503	2
924	426426	2
925	427350	2
926	428275	2
927	429201	4
928	430128	2
929	431056	2
930	431985	2
931	432915	3
932	433846	3
933	434778	142
934	435711	2
935	436645	3
936	437580	3
937	438516	32
938	439453	159
939	440391	2
940	441330	162
941	442270	3
942	443211	2
943	444153	3
944	445096	2
945	446040	2
946	446985	3
947	447931	2
948	448878	2
949	449826	3
950	450775	2
951	451725	2
952	452676	3
953	453628	3
954	454581	3
955	455535	3
956	456490	30
957	457446	110
958	458403	4
959	459361	3
960	460320	2
961	461280	110
962	462241	2
963	463203	2
964	464166	2
965	465130	2
966	466095	8
967	467061	3
968	468028	2
969	468996	2
970	469965	3
971	470935	2
972	471906	3
973	472878	3
974	473851	2
975	474825	2
976	475800	2
977	476776	170
978	477753	141
979	478731	2
980	479710	3
981	480690	3
982	481671	2
983	482653	3
984	483636	2
985	484620	2
986	485605	2
987	486591	2
988	487578	3
989	488566	3
990	489555	3
991	490545	4
992	491536	3
993	492528	2
994	493521	2
995	494515	2
996	495510	2
997	496506	2
998	497503	2
999	498501	2
1000	499500	3
1001	500500	3
1002	501501	3
1003	502503	2
1004	503506	8
1005	504510	3
1006	505515	2
1007	506521	3
1008	507528	3
1009	508536	3
1010	509545	2
1011	510555	5
1012	511566	2
1013	512578	3
1014	513591	2
1015	514605	3
1016	515620	2
1017	516636	38
1018	517653	3
1019	518671	3
1020	519690	2
1021	520710	3
1022	521731	2
1023	522753	4
1024	523776	2
1025	524800	2
1026	525825	2
1027	526851	9
1028	527878	14
1029	528906	193
1030	529935	2
1031	530965	140
1032	531996	8
1033	533028	2
1034	534061	3
1035	535095	8
1036	536130	2
1037	537166	3
1038	538203	8
1039	539241	8
1040	540280	8
1041	541320	10
1042	542361	2
1043	543403	3
1044	544446	6
1045	545490	2
1046	546535	2
1047	547581	105
1048	548628	88
1049	549676	137
1050	550725	7
1051	551775	2
1052	552826	7
1053	553878	8
1054	554931	9
1055	555985	2
1056	557040	8
1057	558096	2
1058	559153	10
1059	560211	8
1060	561270	3
1061	562330	3
1062	563391	7
1063	564453	2
1064	565516	157
1065	566580	8
1066	567645	8
1067	568711	7
1068	569778	7
1069	570846	2
1070	571915	2
1071	572985	3
1072	574056	8
1073	575128	8
1074	576201	8
1075	577275	11
1076	578350	7
1077	579426	9
1078	580503	7
1079	581581	9
1080	582660	2
1081	583740	8
1082	584821	2
1083	585903	9
1084	586986	9
1085	588070	10
1086	589155	7
1087	590241	11
1088	591328	3
1089	592416	2
1090	593505	3
1091	594595	9
1092	595686	10
1093	596778	11
1094	597871	10
1095	598965	7
1096	600060	8
1097	601156	7
1098	602253	8
1099	603351	20
1100	604450	11
1101	605550	2
1102	606651	10
1103	607753	2
1104	608856	8
1105	609960	2
1106	611065	2
1107	612171	7
1108	613278	1
1109	614386	8
1110	615495	7
1111	616605	2
1112	617716	7
1113	618828	6
1114	619941	10
1115	621055	2
1116	622170	11
1117	623286	9
1118	624403	10
1119	625521	3
1120	626640	5
1121	627760	8
1122	628881	8
1123	630003	3
1124	631126	9
1125	632250	9
1126	633375	2
1127	634501	8
1128	635628	2
1129	636756	8
1130	637885	7
1131	639015	14
1132	640146	1
1133	641278	16
1134	642411	7
1135	643545	10
1136	644680	3
1137	645816	7
1138	646953	8
1139	648091	2
1140	649230	3
1141	650370	11
1142	651511	3
1143	652653	9
1144	653796	8
1145	654940	8
1146	656085	13
1147	657231	2
1148	658378	10
1149	659526	113
1150	660675	8
1151	661825	8
1152	662976	8
1153	664128	157
1154	665281	7
1155	666435	2
1156	667590	9
1157	668746	2
1158	669903	10
1159	671061	10
1160	672220	11
1161	673380	57
1162	674541	4
1163	675703	12
1164	676866	8
1165	678030	10
1166	679195	148
1167	680361	4
1168	681528	6
1169	682696	8
1170	683865	2
1171	685035	8
1172	686206	8
1173	687378	3
1174	688551	9
1175	689725	156
1176	690900	12
1177	692076	6
1178	693253	3
1179	694431	3
1180	695610	8
1181	696790	2
1182	697971	10
1183	699153	3
1184	700336	7
1185	701520	7
1186	702705	8
1187	703891	2
1188	705078	7
1189	706266	3
1190	707455	9
1191	708645	184
1192	709836	10
1193	711028	16
1194	712221	4
1195	713415	8
1196	714610	18
1197	715806	5
1198	717003	2
1199	718201	7
1200	719400	7
1201	720600	2
1202	721801	2
1203	723003	151
1204	724206	3
1205	725410	2
1206	726615	2
1207	727821	8
1208	729028	7
1209	730236	120
1210	731445	9
1211	732655	10
1212	733866	10
1213	735078	3
1214	736291	2
1215	737505	7
1216	738720	10
1217	739936	2
1218	741153	2
1219	742371	2
1220	743590	2
1221	744810	7
1222	746031	8
1223	747253	5
1224	748476	7
1225	749700	2
1226	750925	7
1227	752151	6
1228	753378	6
1229	754606	5
1230	755835	7
1231	757065	6
1232	758296	2
1233	759528	2
1234	760761	4
1235	761995	6
1236	763230	7
1237	764466	7
1238	765703	6
1239	766941	3
1240	768180	7
1241	769420	2
1242	770661	7
1243	771903	2
1244	773146	6
1245	774390	3
1246	775635	1
1247	776881	6
1248	778128	8
1249	779376	146
1250	780625	6
1251	781875	5
1252	783126	7
1253	784378	6
1254	785631	7
1255	786885	2
1256	788140	4
1257	789396	136
1258	790653	3
1259	791911	6
1260	793170	7
1261	794430	8
1262	795691	6
1263	796953	8
1264	798216	6
1265	799480	13
1266	800745	114
1267	802011	138
1268	803278	6
1269	804546	6
1270	805815	10
1271	807085	8
1272	808356	123
1273	809628	5
1274	810901	5
1275	812175	7
1276	813450	128
1277	814726	7
1278	816003	13
1279	817281	86
1280	818560	2
1281	819840	7
1282	821121	7
1283	822403	6
1284	823686	5
1285	824970	3
1286	826255	3
1287	827541	159
1288	828828	3
1289	830116	10
1290	831405	8
1291	832695	3
1292	833986	5
1293	835278	9
1294	836571	7
1295	837865	5
1296	839160	3
1297	840456	13
1298	841753	4
1299	843051	2
1300	844350	5
1301	845650	6
1302	846951	7
1303	848253	153
1304	849556	144
1305	850860	140
1306	852165	12
1307	853471	2
1308	854778	33
1309	856086	6
1310	857395	5
1311	858705	35
1312	860016	3
1313	861328	6
1314	862641	6
1315	863955	12
1316	865270	5
1317	866586	3
1318	867903	103
1319	869221	10
1320	870540	10
1321	871860	6
1322	873181	5
1323	874503	3
1324	875826	2
1325	877150	8
1326	878475	7
1327	879801	2
1328	881128	6
1329	882456	5
1330	883785	6
1331	885115	3
1332	886446	9
1333	887778	5
1334	889111	3
1335	890445	5
1336	891780	4
1337	893116	5
1338	894453	7
1339	895791	7
1340	897130	2
1341	898470	6
1342	899811	3
1343	901153	60
1344	902496	5
1345	903840	2
1346	905185	6
1347	906531	3
1348	907878	6
1349	909226	7
1350	910575	7
1351	911925	6
1352	913276	2
1353	914628	2
1354	915981	6
1355	917335	10
1356	918690	5
1357	920046	4
1358	921403	6
1359	922761	61
1360	924120	5
1361	925480	4
1362	926841	20
1363	928203	6
1364	929566	4
1365	930930	5
1366	932295	2
1367	933661	7
1368	935028	115
1369	936396	7
1370	937765	6
1371	939135	8
1372	940506	8
1373	941878	3
1374	943251	5
1375	944625	2
1376	946000	10
1377	947376	3
1378	948753	3
1379	950131	5
1380	951510	5
1381	952890	5
1382	954271	4
1383	955653	6
1384	957036	3
1385	958420	4
1386	959805	4
1387	961191	5
1388	962578	6
1389	963966	60
1390	965355	8
1391	966745	5
1392	968136	7
1393	969528	5
1394	970921	3
1395	972315	3
1396	973710	6
1397	975106	4
1398	976503	6
1399	977901	8
1400	979300	4
1401	980700	5
1402	982101	4
1403	983503	9
1404	984906	6
1405	986310	5
1406	987715	5
1407	989121	5
1408	990528	6
1409	991936	2
1410	993345	4
1411	994755	188
1412	996166	4
1413	997578	5
1414	998991	8
1415	1000405	144
1416	1001820	6
1417	1003236	3
1418	1004653	6
1419	1006071	5
1420	1007490	2
1421	1008910	7
1422	1010331	4
1423	1011753	155
1424	1013176	7
1425	1014600	69
1426	1016025	3
1427	1017451	3
1428	1018878	116
1429	1020306	5
1430	1021735	3
1431	1023165	6
1432	1024596	136
1433	1026028	5
1434	1027461	7
1435	1028895	2
1436	1030330	5
1437	1031766	4
1438	1033203	6
1439	1034641	39
1440	1036080	8
1441	1037520	5
1442	1038961	4
1443	1040403	144
1444	1041846	9
1445	1043290	4
1446	1044735	7
1447	1046181	7
1448	1047628	3
1449	1049076	4
1450	1050525	4
1451	1051975	4
1452	1053426	7
1453	1054878	31
1454	1056331	122
1455	1057785	3
1456	1059240	3
1457	1060696	5
1458	1062153	6
1459	1063611	5
1460	1065070	5
1461	1066530	5
1462	1067991	5
1463	1069453	5
1464	1070916	3
1465	1072380	6
1466	1073845	4
1467	1075311	6
1468	1076778	7
1469	1078246	3
1470	1079715	4
1471	1081185	4
1472	1082656	5
1473	1084128	125
1474	1085601	5
1475	1087075	5
1476	1088550	45
1477	1090026	6
1478	1091503	7
1479	1092981	5
1480	1094460	6
1481	1095940	4
1482	1097421	4
1483	1098903	6
1484	1100386	5
1485	1101870	8
1486	1103355	5
1487	1104841	5
1488	1106328	3
1489	1107816	60
1490	1109305	4
1491	1110795	5
1492	1112286	2
1493	1113778	81
1494	1115271	5
1495	1116765	3
1496	1118260	4
1497	1119756	2
1498	1121253	4
1499	1122751	8
1500	1124250	9
1501	1125750	2
1502	1127251	2
1503	1128753	6
1504	1130256	11
1505	1131760	3
1506	1133265	139
1507	1134771	3
1508	1136278	9
1509	1137786	3
1510	1139295	4
1511	1140805	12
1512	1142316	139
1513	1143828	7
1514	1145341	4
1515	1146855	9
1516	1148370	5
1517	1149886	128
1518	1151403	6
1519	1152921	4
1520	1154440	5
1521	1155960	6
1522	1157481	55
1523	1159003	4
1524	1160526	4
1525	1162050	6
1526	1163575	11
1527	1165101	7
1528	1166628	5
1529	1168156	7
1530	1169685	3
1531	1171215	5
1532	1172746	3
1533	1174278	5
1534	1175811	3
1535	1177345	5
1536	1178880	5
1537	1180416	8
1538	1181953	4
1539	1183491	7
1540	1185030	10
1541	1186570	25
1542	1188111	22
1543	1189653	6
1544	1191196	8
1545	1192740	9
1546	1194285	114
1547	1195831	8
1548	1197378	5
1549	1198926	142
1550	1200475	9
1551	1202025	8
1552	1203576	3
1553	1205128	7
1554	1206681	3
1555	1208235	6
1556	1209790	11
1557	1211346	194
1558	1212903	9
1559	1214461	3
1560	1216020	7
1561	1217580	6
1562	1219141	5
1563	1220703	9
1564	1222266	10
1565	1223830	9
1566	1225395	8
1567	1226961	7
1568	1228528	7
1569	1230096	7
1570	1231665	8
1571	1233235	6
1572	1234806	105
1573	1236378	9
1574	1237951	2
1575	1239525	29
1576	1241100	8
1577	1242676	4
1578	1244253	8
1579	1245831	8
1580	1247410	6
1581	1248990	4
1582	1250571	7
1583	1252153	12
1584	1253736	13
1585	1255320	152
1586	1256905	7
1587	1258491	57
1588	1260078	6
1589	1261666	69
1590	1263255	5
1591	1264845	7
1592	1266436	9
1593	1268028	9
1594	1269621	4
1595	1271215	37
1596	1272810	6
1597	1274406	3
1598	1276003	3
1599	1277601	9
1600	1279200	3
1601	1280800	4
1602	1282401	13
1603	1284003	9
1604	1285606	3
1605	1287210	11
1606	1288815	3
1607	1290421	10
1608	1292028	8
1609	1293636	7
1610	1295245	4
1611	1296855	6
1612	1298466	4
1613	1300078	26
1614	1301691	10
1615	1303305	98
1616	1304920	4
1617	1306536	6
1618	1308153	3
1619	1309771	9
1620	1311390	7
1621	1313010	31
1622	1314631	117
1623	1316253	5
1624	1317876	4
1625	1319500	92
1626	1321125	9
1627	1322751	4
1628	1324378	8
1629	1326006	132
1630	1327635	2
1631	1329265	8
1632	1330896	33
1633	1332528	8
1634	1334161	9
1635	1335795	6
1636	1337430	4
1637	1339066	7
1638	1340703	141
1639	1342341	6
1640	1343980	7
1641	1345620	165
1642	1347261	174
1643	1348903	3
1644	1350546	7
1645	1352190	9
1646	1353835	6
1647	1355481	5
1648	1357128	114
1649	1358776	7
1650	1360425	11
1651	1362075	8
1652	1363726	6
1653	1365378	3
1654	1367031	8
1655	1368685	12
1656	1370340	3
1657	1371996	7
1658	1373653	9
1659	1375311	9
1660	1376970	118
1661	1378630	7
1662	1380291	8
1663	1381953	6
1664	1383616	17
1665	1385280	4
1666	1386945	3
1667	1388611	3
1668	1390278	4
1669	1391946	18
1670	1393615	7
1671	1395285	17
1672	1396956	8
1673	1398628	29
1674	1400301	9
1675	1401975	8
1676	1403650	11
1677	1405326	7
1678	1407003	9
1679	1408681	4
1680	1410360	3
1681	1412040	7
1682	1413721	4
1683	1415403	6
1684	1417086	6
1685	1418770	11
1686	1420455	7
1687	1422141	4
1688	1423828	11
1689	1425516	7
1690	1427205	7
1691	1428895	11
1692	1430586	10
1693	1432278	10
1694	1433971	10
1695	1435665	90
1696	1437360	11
1697	1439056	173
1698	1440753	14
1699	1442451	7
1700	1444150	179
1701	1445850	145
1702	1447551	8
1703	1449253	5
1704	1450956	3
1705	1452660	152
1706	1454365	8
1707	1456071	3
1708	1457778	4
1709	1459486	13
1710	1461195	9
1711	1462905	9
1712	1464616	4
1713	1466328	44
1714	1468041	88
1715	1469755	11
1716	1471470	3
1717	1473186	3
1718	1474903	14
1719	1476621	7
1720	1478340	3
1721	1480060	9
1722	1481781	10
1723	1483503	14
1724	1485226	3
1725	1486950	3
1726	1488675	4
1727	1490401	15
1728	1492128	13
1729	1493856	11
1730	1495585	9
1731	1497315	14
1732	1499046	8
1733	1500778	12
1734	1502511	71
1735	1504245	520
1736	1505980	14
1737	1507716	9
1738	1509453	7
1739	1511191	3
1740	1512930	36
1741	1514670	10
1742	1516411	9
1743	1518153	3
1744	1519896	14
1745	1521640	8
1746	1523385	15
1747	1525131	12
1748	1526878	16
1749	1528626	13
1750	1530375	14
1751	1532125	14
1752	1533876	7
1753	1535628	13
1754	1537381	3
1755	1539135	9
1756	1540890	3
1757	1542646	11
1758	1544403	3
1759	1546161	9
1760	1547920	85
1761	1549680	12
1762	1551441	17
1763	1553203	18
1764	1554966	9
1765	1556730	11
1766	1558495	7
1767	1560261	32
1768	1562028	11
1769	1563796	42
1770	1565565	11
1771	1567335	9
1772	1569106	4
1773	1570878	8
1774	1572651	10
1775	1574425	11
1776	1576200	4
1777	1577976	13
1778	1579753	9
1779	1581531	90
1780	1583310	4
1781	1585090	11
1782	1586871	13
1783	1588653	10
1784	1590436	10
1785	1592220	11
1786	1594005	4
1787	1595791	3
1788	1597578	8
1789	1599366	10
1790	1601155	9
1791	1602945	93
1792	1604736	13
1793	1606528	7
1794	1608321	8
1795	1610115	6
1796	1611910	7
1797	1613706	8
1798	1615503	5
1799	1617301	6
1800	1619100	26
1801	1620900	5
1802	1622701	5
1803	1624503	6
1804	1626306	4
1805	1628110	4
1806	1629915	6
1807	1631721	5
1808	1633528	68
1809	1635336	5
1810	1637145	5
1811	1638955	8
1812	1640766	4
1813	1642578	9
1814	1644391	5
1815	1646205	5
1816	1648020	5
1817	1649836	7
1818	1651653	10
1819	1653471	6
1820	1655290	12
1821	1657110	5
1822	1658931	5
1823	1660753	7
1824	1662576	4
1825	1664400	13
1826	1666225	3
1827	1668051	6
1828	1669878	4
1829	1671706	6
1830	1673535	15
1831	1675365	5
1832	1677196	5
1833	1679028	4
1834	1680861	6
1835	1682695	47
1836	1684530	6
1837	1686366	7
1838	1688203	5
1839	1690041	8
1840	1691880	93
1841	1693720	4
1842	1695561	127
1843	1697403	3
1844	1699246	8
1845	1701090	5
1846	1702935	6
1847	1704781	5
1848	1706628	5
1849	1708476	114
1850	1710325	4
1851	1712175	5
1852	1714026	4
1853	1715878	37
1854	1717731	5
1855	1719585	4
1856	1721440	4
1857	1723296	4
1858	1725153	4
1859	1727011	8
1860	1728870	5
1861	1730730	5
1862	1732591	5
1863	1734453	4
1864	1736316	7
1865	1738180	8
1866	1740045	4
1867	1741911	5
1868	1743778	131
1869	1745646	5
1870	1747515	5
1871	1749385	5
1872	1751256	6
1873	1753128	6
1874	1755001	4
1875	1756875	18
1876	1758750	5
1877	1760626	5
1878	1762503	66
1879	1764381	6
1880	1766260	1054
1881	1768140	8
1882	1770021	11
1883	1771903	4
1884	1773786	5
1885	1775670	8
1886	1777555	5
1887	1779441	5
1888	1781328	6
1889	1783216	4
1890	1785105	4
1891	1786995	8
1892	1788886	136
1893	1790778	8
1894	1792671	6
1895	1794565	5
1896	1796460	6
1897	1798356	5
1898	1800253	11
1899	1802151	6
1900	1804050	5
1901	1805950	6
1902	1807851	5
1903	1809753	4
1904	1811656	7
1905	1813560	124
1906	1815465	6
1907	1817371	26
1908	1819278	8
1909	1821186	4
1910	1823095	4
1911	1825005	11
1912	1826916	5
1913	1828828	5
1914	1830741	8
1915	1832655	4
1916	1834570	8
1917	1836486	5
1918	1838403	5
1919	1840321	15
1920	1842240	7
1921	1844160	11
1922	1846081	115
1923	1848003	4
1924	1849926	5
1925	1851850	4
1926	1853775	8
1927	1855701	11
1928	1857628	5
1929	1859556	6
1930	1861485	4
1931	1863415	8
1932	1865346	4
1933	1867278	242
1934	1869211	227
1935	1871145	4
1936	1873080	5
1937	1875016	8
1938	1876953	6
1939	1878891	6
1940	1880830	7
1941	1882770	6
1942	1884711	10
1943	1886653	5
1944	1888596	158
1945	1890540	4
1946	1892485	14
1947	1894431	8
1948	1896378	6
1949	1898326	5
1950	1900275	6
1951	1902225	4
1952	1904176	6
1953	1906128	5
1954	1908081	5
1955	1910035	7
1956	1911990	6
1957	1913946	6
1958	1915903	7
1959	1917861	4
1960	1919820	5
1961	1921780	9
1962	1923741	6
1963	1925703	4
1964	1927666	6
1965	1929630	4
1966	1931595	4
1967	1933561	6
1968	1935528	5
1969	1937496	9
1970	1939465	183
1971	1941435	4
1972	1943406	5
1973	1945378	7
1974	1947351	104
1975	1949325	7
1976	1951300	8
1977	1953276	184
1978	1955253	4
1979	1957231	5
1980	1959210	5
1981	1961190	4
1982	1963171	4
1983	1965153	10
1984	1967136	155
1985	1969120	5
1986	1971105	46
1987	1973091	126
1988	1975078	6
1989	1977066	8
1990	1979055	8
1991	1981045	9
1992	1983036	4
1993	1985028	9
1994	1987021	75
1995	1989015	7
1996	1991010	6
1997	1993006	117
1998	1995003	4
1999	1997001	4
2000	1999000	6
2001	2001000	15
2002	2003001	7
2003	2005003	6
2004	2007006	8
2005	2009010	6
2006	2011015	6
2007	2013021	6
2008	2015028	6
2009	2017036	7
2010	2019045	7
2011	2021055	111
2012	2023066	6
2013	2025078	6
2014	2027091	10
2015	2029105	8
2016	2031120	6
2017	2033136	8
2018	2035153	5
2019	2037171	5
2020	2039190	5
2021	2041210	267
2022	2043231	152
2023	2045253	11
2024	2047276	5
2025	2049300	94
2026	2051325	6
2027	2053351	156
2028	2055378	5
2029	2057406	8
2030	2059435	4
2031	2061465	4
2032	2063496	6
2033	2065528	8
2034	2067561	5
2035	2069595	132
2036	2071630	5
2037	2073666	4
2038	2075703	7
2039	2077741	11
2040	2079780	9
2041	2081820	6
2042	2083861	8
2043	2085903	9
2044	2087946	6
2045	2089990	6
2046	2092035	4
2047	2094081	8
2048	2096128	5
2049	2098176	5
2050	2100225	12
2051	2102275	43
2052	2104326	18
2053	2106378	10
2054	2108431	261
2055	2110485	20
2056	2112540	11
2057	2114596	5
2058	2116653	14
2059	2118711	123
2060	2120770	5
2061	2122830	4
2062	2124891	5
2063	2126953	5
2064	2129016	5
2065	2131080	16
2066	2133145	16
2067	2135211	96
2068	2137278	64
2069	2139346	13
2070	2141415	17
2071	2143485	12
2072	2145556	20
2073	2147628	11
2074	2149701	16
2075	2151775	17
2076	2153850	121
2077	2155926	14
2078	2158003	5
2079	2160081	12
2080	2162160	16
2081	2164240	6
2082	2166321	15
2083	2168403	4
2084	2170486	13
2085	2172570	3
2086	2174655	15
2087	2176741	13
2088	2178828	4
2089	2180916	3
2090	2183005	13
2091	2185095	4
2092	2187186	10
2093	2189278	19
2094	2191371	14
2095	2193465	3
2096	2195560	4
2097	2197656	11
2098	2199753	3
2099	2201851	12
2100	2203950	19
2101	2206050	14
2102	2208151	16
2103	2210253	18
2104	2212356	16
2105	2214460	18
2106	2216565	4
2107	2218671	5
2108	2220778	12
2109	2222886	14
2110	2224995	20
2111	2227105	15
2112	2229216	23
2113	2231328	13
2114	2233441	19
2115	2235555	15
2116	2237670	152
2117	2239786	14
2118	2241903	15
2119	2244021	16
2120	2246140	14
2121	2248260	18
2122	2250381	14
2123	2252503	15
2124	2254626	4
2125	2256750	89
2126	2258875	17
2127	2261001	14
2128	2263128	11
2129	2265256	12
2130	2267385	12
2131	2269515	16
2132	2271646	5
2133	2273778	5
2134	2275911	18
2135	2278045	14
2136	2280180	10
2137	2282316	19
2138	2284453	13
2139	2286591	14
2140	2288730	15
2141	2290870	5
2142	2293011	4
2143	2295153	59
2144	2297296	24
2145	2299440	11
2146	2301585	14
2147	2303731	13
2148	2305878	6
2149	2308026	12
2150	2310175	6
2151	2312325	12
2152	2314476	12
2153	2316628	7
2154	2318781	15
2155	2320935	15
2156	2323090	17
2157	2325246	4
2158	2327403	20
2159	2329561	10
2160	2331720	6
2161	2333880	4
2162	2336041	175
2163	2338203	13
2164	2340366	5
2165	2342530	14
2166	2344695	4
2167	2346861	17
2168	2349028	12
2169	2351196	5
2170	2353365	4
2171	2355535	22
2172	2357706	13
2173	2359878	17
2174	2362051	7
2175	2364225	6
2176	2366400	15
2177	2368576	15
2178	2370753	16
2179	2372931	25
2180	2375110	42
2181	2377290	4
2182	2379471	6
2183	2381653	15
2184	2383836	14
2185	2386020	15
2186	2388205	5
2187	2390391	18
2188	2392578	15
2189	2394766	14
2190	2396955	14
2191	2399145	12
2192	2401336	10
2193	2403528	13
2194	2405721	11
2195	2407915	5
2196	2410110	16
2197	2412306	13
2198	2414503	16
2199	2416701	12
2200	2418900	3
2201	2421100	117
2202	2423301	15
2203	2425503	4
2204	2427706	15
2205	2429910	5
2206	2432115	14
2207	2434321	141
2208	2436528	13
2209	2438736	6
2210	2440945	12
2211	2443155	5
2212	2445366	15
2213	2447578	14
2214	2449791	18
2215	2452005	5
2216	2454220	14
2217	2456436	25
2218	2458653	11
2219	2460871	7
2220	2463090	18
2221	2465310	15
2222	2467531	27
2223	2469753	19
2224	2471976	14
2225	2474200	5
2226	2476425	17
2227	2478651	15
2228	2480878	17
2229	2483106	110
2230	2485335	8
2231	2487565	9
2232	2489796	126
2233	2492028	7
2234	2494261	89
2235	2496495	21
2236	2498730	150
2237	2500966	16
2238	2503203	77
2239	2505441	39
2240	2507680	128
2241	2509920	13
2242	2512161	15
2243	2514403	12
2244	2516646	88
2245	2518890	115
2246	2521135	121
2247	2523381	17
2248	2525628	5
2249	2527876	9
2250	2530125	93
2251	2532375	307
2252	2534626	15
2253	2536878	22
2254	2539131	20
2255	2541385	4
2256	2543640	13
2257	2545896	171
2258	2548153	6
2259	2550411	5
2260	2552670	15
2261	2554930	17
2262	2557191	26
2263	2559453	5
2264	2561716	17
2265	2563980	6
2266	2566245	5
2267	2568511	33
2268	2570778	5
2269	2573046	5
2270	2575315	13
2271	2577585	125
2272	2579856	102
2273	2582128	90
2274	2584401	7
2275	2586675	17
2276	2588950	12
2277	2591226	6
2278	2593503	14
2279	2595781	6
2280	2598060	32
2281	2600340	15
2282	2602621	13
2283	2604903	5
2284	2607186	6
2285	2609470	21
2286	2611755	24
2287	2614041	13
2288	2616328	18
2289	2618616	170
2290	2620905	14
2291	2623195	24
2292	2625486	9
2293	2627778	13
2294	2630071	5
2295	2632365	16
2296	2634660	111
2297	2636956	6
2298	2639253	103
2299	2641551	13
2300	2643850	15
2301	2646150	16
2302	2648451	122
2303	2650753	6
2304	2653056	162
2305	2655360	13
2306	2657665	4
2307	2659971	241
2308	2662278	13
2309	2664586	20
2310	2666895	8
2311	2669205	5
2312	2671516	4
2313	2673828	32
2314	2676141	7
2315	2678455	6
2316	2680770	19
2317	2683086	132
2318	2685403	8
2319	2687721	6
2320	2690040	22
2321	2692360	13
2322	2694681	4
2323	2697003	134
2324	2699326	4
2325	2701650	144
2326	2703975	28
2327	2706301	5
2328	2708628	13
2329	2710956	43
2330	2713285	5
2331	2715615	14
2332	2717946	5
2333	2720278	13
2334	2722611	4
2335	2724945	12
2336	2727280	27
2337	2729616	17
2338	2731953	10
2339	2734291	13
2340	2736630	14
2341	2738970	4
2342	2741311	19
2343	2743653	4
2344	2745996	10
2345	2748340	25
2346	2750685	7
2347	2753031	15
2348	2755378	12
2349	2757726	23
2350	2760075	7
2351	2762425	18
2352	2764776	11
2353	2767128	10
2354	2769481	12
2355	2771835	17
2356	2774190	16
2357	2776546	11
2358	2778903	12
2359	2781261	15
2360	2783620	15
2361	2785980	17
2362	2788341	12
2363	2790703	15
2364	2793066	4
2365	2795430	7
2366	2797795	6
2367	2800161	17
2368	2802528	16
2369	2804896	104
2370	2807265	46
2371	2809635	10
2372	2812006	131
2373	2814378	10
2374	2816751	12
2375	2819125	49
2376	2821500	5
2377	2823876	6
2378	2826253	78
2379	2828631	11
2380	2831010	15
2381	2833390	11
2382	2835771	14
2383	2838153	5
2384	2840536	13
2385	2842920	7
2386	2845305	20
2387	2847691	16
2388	2850078	10
2389	2852466	140
2390	2854855	19
2391	2857245	206
2392	2859636	290
2393	2862028	10
2394	2864421	6
2395	2866815	4
2396	2869210	10
2397	2871606	11
2398	2874003	4
2399	2876401	14
2400	2878800	10
2401	2881200	4
2402	2883601	9
2403	2886003	6
2404	2888406	10
2405	2890810	9
2406	2893215	9
2407	2895621	84
2408	2898028	12
2409	2900436	93
2410	2902845	16
2411	2905255	9
2412	2907666	14
2413	2910078	14
2414	2912491	9
2415	2914905	11
2416	2917320	14
2417	2919736	14
2418	2922153	4
2419	2924571	4
2420	2926990	14
2421	2929410	115
2422	2931831	16
2423	2934253	9
2424	2936676	15
2425	2939100	8
2426	2941525	9
2427	2943951	16
2428	2946378	11
2429	2948806	6
2430	2951235	12
2431	2953665	5
2432	2956096	10
2433	2958528	29
2434	2960961	12
2435	2963395	19
2436	2965830	6
2437	2968266	10
2438	2970703	9
2439	2973141	23
2440	2975580	15
2441	2978020	7
2442	2980461	9
2443	2982903	10
2444	2985346	14
2445	2987790	11
2446	2990235	16
2447	2992681	14
2448	2995128	10
2449	2997576	11
2450	3000025	85
2451	3002475	123
2452	3004926	9
2453	3007378	11
2454	3009831	4
2455	3012285	9
2456	3014740	10
2457	3017196	16
2458	3019653	9
2459	3022111	21
2460	3024570	12
2461	3027030	14
2462	3029491	9
2463	3031953	17
2464	3034416	5
2465	3036880	111
2466	3039345	18
2467	3041811	156
2468	3044278	8
2469	3046746	12
2470	3049215	10
2471	3051685	12
2472	3054156	15
2473	3056628	14
2474	3059101	9
2475	3061575	65
2476	3064050	74
2477	3066526	8
2478	3069003	13
2479	3071481	10
2480	3073960	18
2481	3076440	11
2482	3078921	4
2483	3081403	8
2484	3083886	6
2485	3086370	115
2486	3088855	9
2487	3091341	80
2488	3093828	4
2489	3096316	9
2490	3098805	9
2491	3101295	19
2492	3103786	148
2493	3106278	11
2494	3108771	9
2495	3111265	12
2496	3113760	12
2497	3116256	9
2498	3118753	20
2499	3121251	15
2500	3123750	14
2501	3126250	5
2502	3128751	6
2503	3131253	11
2504	3133756	9
2505	3136260	9
2506	3138765	37
2507	3141271	32
2508	3143778	11
2509	3146286	12
2510	3148795	11
2511	3151305	86
2512	3153816	5
2513	3156328	11
2514	3158841	6
2515	3161355	22
2516	3163870	263
2517	3166386	13
2518	3168903	19
2519	3171421	10
2520	3173940	17
2521	3176460	11
2522	3178981	10
2523	3181503	14
2524	3184026	18
2525	3186550	151
2526	3189075	12
2527	3191601	11
2528	3194128	187
2529	3196656	13
2530	3199185	14
2531	3201715	123
2532	3204246	93
2533	3206778	144
2534	3209311	284
2535	3211845	11
2536	3214380	14
2537	3216916	9
2538	3219453	17
2539	3221991	8
2540	3224530	107
2541	3227070	111
2542	3229611	9
2543	3232153	158
2544	3234696	15
2545	3237240	12
2546	3239785	96
2547	3242331	9
2548	3244878	8
2549	3247426	147
2550	3249975	512
2551	3252525	9
2552	3255076	16
2553	3257628	13
2554	3260181	8
2555	3262735	12
2556	3265290	18
2557	3267846	8
2558	3270403	11
2559	3272961	14
2560	3275520	12
2561	3278080	12
2562	3280641	18
2563	3283203	103
2564	3285766	7
2565	3288330	20
2566	3290895	230
2567	3293461	14
2568	3296028	115
2569	3298596	16
2570	3301165	19
2571	3303735	13
2572	3306306	7
2573	3308878	13
2574	3311451	287
2575	3314025	8
2576	3316600	44
2577	3319176	5
2578	3321753	16
2579	3324331	78
2580	3326910	12
2581	3329490	143
2582	3332071	6
2583	3334653	144
2584	3337236	16
2585	3339820	10
2586	3342405	97
2587	3344991	7
2588	3347578	164
2589	3350166	6
2590	3352755	11
2591	3355345	18
2592	3357936	12
2593	3360528	7
2594	3363121	4
2595	3365715	19
2596	3368310	12
2597	3370906	5
2598	3373503	6
2599	3376101	153
2600	3378700	13
2601	3381300	13
2602	3383901	14
2603	3386503	15
2604	3389106	13
2605	3391710	15
2606	3394315	10
2607	3396921	7
2608	3399528	6
2609	3402136	7
2610	3404745	13
2611	3407355	11
2612	3409966	5
2613	3412578	133
2614	3415191	11
2615	3417805	5
2616	3420420	68
2617	3423036	20
2618	3425653	5
2619	3428271	17
2620	3430890	20
2621	3433510	13
2622	3436131	12
2623	3438753	6
2624	3441376	31
2625	3444000	14
2626	3446625	15
2627	3449251	12
2628	3451878	17
2629	3454506	7
2630	3457135	6
2631	3459765	19
2632	3462396	16
2633	3465028	7
2634	3467661	18
2635	3470295	9
2636	3472930	19
2637	3475566	36
2638	3478203	15
2639	3480841	8
2640	3483480	18
2641	3486120	13
2642	3488761	5
2643	3491403	15
2644	3494046	13
2645	3496690	24
2646	3499335	5
2647	3501981	5
2648	3504628	12
2649	3507276	20
2650	3509925	19
2651	3512575	19
2652	3515226	13
2653	3517878	20
2654	3520531	23
2655	3523185	5
2656	3525840	6
2657	3528496	9
2658	3531153	19
2659	3533811	14
2660	3536470	186
2661	3539130	6
2662	3541791	14
2663	3544453	134
2664	3547116	6
2665	3549780	98
2666	3552445	14
2667	3555111	231
2668	3557778	5
2669	3560446	19
2670	3563115	18
2671	3565785	15
2672	3568456	28
2673	3571128	25
2674	3573801	14
2675	3576475	27
2676	3579150	16
2677	3581826	44
2678	3584503	20
2679	3587181	25
2680	3589860	18
2681	3592540	16
2682	3595221	21
2683	3597903	15
2684	3600586	33
2685	3603270	13
2686	3605955	17
2687	3608641	8
2688	3611328	6
2689	3614016	23
2690	3616705	158
2691	3619395	33
2692	3622086	6
2693	3624778	26
2694	3627471	19
2695	3630165	15
2696	3632860	13
2697	3635556	14
2698	3638253	7
2699	3640951	7
2700	3643650	12
2701	3646350	12
2702	3649051	14
2703	3651753	8
2704	3654456	14
2705	3657160	17
2706	3659865	14
2707	3662571	14
2708	3665278	8
2709	3667986	14
2710	3670695	22
2711	3673405	9
2712	3676116	7
2713	3678828	12
2714	3681541	6
2715	3684255	14
2716	3686970	17
2717	3689686	10
2718	3692403	18
2719	3695121	17
2720	3697840	14
2721	3700560	15
2722	3703281	140
2723	3706003	7
2724	3708726	15
2725	3711450	148
2726	3714175	11
2727	3716901	310
2728	3719628	10
2729	3722356	11
2730	3725085	14
2731	3727815	10
2732	3730546	154
2733	3733278	48
2734	3736011	14
2735	3738745	28
2736	3741480	15
2737	3744216	132
2738	3746953	19
2739	3749691	137
2740	3752430	22
2741	3755170	11
2742	3757911	61
2743	3760653	9
2744	3763396	526
2745	3766140	8
2746	3768885	10
2747	3771631	7
2748	3774378	7
2749	3777126	675
2750	3779875	6
2751	3782625	10
2752	3785376	8
2753	3788128	7
2754	3790881	7
2755	3793635	12
2756	3796390	10
2757	3799146	17
2758	3801903	19
2759	3804661	144
2760	3807420	12
2761	3810180	8
2762	3812941	14
2763	3815703	270
2764	3818466	163
2765	3821230	10
2766	3823995	94
2767	3826761	12
2768	3829528	10
2769	3832296	112
2770	3835065	79
2771	3837835	63
2772	3840606	28
2773	3843378	16
2774	3846151	104
2775	3848925	95
2776	3851700	11
2777	3854476	9
2778	3857253	26
2779	3860031	34
2780	3862810	11
2781	3865590	13
2782	3868371	8
2783	3871153	26
2784	3873936	106
2785	3876720	124
2786	3879505	139
2787	3882291	9
2788	3885078	97
2789	3887866	8
2790	3890655	171
2791	3893445	187
2792	3896236	2157
2793	3899028	17
2794	3901821	334
2795	3904615	10
2796	3907410	7
2797	3910206	123
2798	3913003	9
2799	3915801	131
2800	3918600	407
2801	3921400	113
2802	3924201	200
2803	3927003	14
2804	3929806	12
2805	3932610	13
2806	3935415	16
2807	3938221	13
2808	3941028	9
2809	3943836	10
2810	3946645	10
2811	3949455	136
2812	3952266	10
2813	3955078	22
2814	3957891	9
2815	3960705	242
2816	3963520	428
2817	3966336	114
2818	3969153	146
2819	3971971	12
2820	3974790	11
2821	3977610	67
2822	3980431	176
2823	3983253	8
2824	3986076	71
2825	3988900	8
2826	3991725	21
2827	3994551	10
2828	3997378	9
2829	4000206	165
2830	4003035	8
2831	4005865	18
2832	4008696	10
2833	4011528	9
2834	4014361	13
2835	4017195	51
2836	4020030	145
2837	4022866	8
2838	4025703	163
2839	4028541	11
2840	4031380	7
2841	4034220	7
2842	4037061	99
2843	4039903	7
2844	4042746	101
2845	4045590	110
2846	4048435	169
2847	4051281	99
2848	4054128	114
2849	4056976	187
2850	4059825	408
2851	4062675	191
2852	4065526	13
2853	4068378	7
2854	4071231	164
2855	4074085	39
2856	4076940	95
2857	4079796	16
2858	4082653	13
2859	4085511	107
2860	4088370	307
2861	4091230	118
2862	4094091	309
2863	4096953	30
2864	4099816	45
2865	4102680	147
2866	4105545	131
2867	4108411	10
2868	4111278	10
2869	4114146	34
2870	4117015	15
2871	4119885	10
2872	4122756	28
2873	4125628	108
2874	4128501	157
2875	4131375	213
2876	4134250	1726
2877	4137126	247
2878	4140003	10
2879	4142881	14
2880	4145760	9
2881	4148640	40
2882	4151521	132
2883	4154403	11
2884	4157286	10
2885	4160170	106
2886	4163055	519
2887	4165941	30
2888	4168828	127
2889	4171716	9
2890	4174605	77
2891	4177495	148
2892	4180386	9
2893	4183278	602
2894	4186171	99
2895	4189065	229
2896	4191960	15
2897	4194856	10
2898	4197753	9
2899	4200651	19
2900	4203550	72
2901	4206450	116
2902	4209351	122
2903	4212253	11
2904	4215156	4930
2905	4218060	115
2906	4220965	73
2907	4223871	10
2908	4226778	10
2909	4229686	15
2910	4232595	46
2911	4235505	13
2912	4238416	251
2913	4241328	10
2914	4244241	9
2915	4247155	24
2916	4250070	17
2917	4252986	23
2918	4255903	39
2919	4258821	10
2920	4261740	158
2921	4264660	185
2922	4267581	204
2923	4270503	136
2924	4273426	13
2925	4276350	14
2926	4279275	15
2927	4282201	11
2928	4285128	154
2929	4288056	8
2930	4290985	152
2931	4293915	9
2932	4296846	37
2933	4299778	25
2934	4302711	9
2935	4305645	25
2936	4308580	67
2937	4311516	53
2938	4314453	13
2939	4317391	10
2940	4320330	119
2941	4323270	75
2942	4326211	12
2943	4329153	7
2944	4332096	13
2945	4335040	174
2946	4337985	9
2947	4340931	8
2948	4343878	10
2949	4346826	9
2950	4349775	34
2951	4352725	13
2952	4355676	16
2953	4358628	7
2954	4361581	8
2955	4364535	93
2956	4367490	17
2957	4370446	135
2958	4373403	9
2959	4376361	11
2960	4379320	326
2961	4382280	159
2962	4385241	12
2963	4388203	7
2964	4391166	149
2965	4394130	841
2966	4397095	16
2967	4400061	35
2968	4403028	15
2969	4405996	14
2970	4408965	7
2971	4411935	8
2972	4414906	23
2973	4417878	18
2974	4420851	41
2975	4423825	9
2976	4426800	14
2977	4429776	9
2978	4432753	9
2979	4435731	7
2980	4438710	40
2981	4441690	12
2982	4444671	7
2983	4447653	12
2984	4450636	107
2985	4453620	97
2986	4456605	192
2987	4459591	253
2988	4462578	18
2989	4465566	194
2990	4468555	86
2991	4471545	230
2992	4474536	21
2993	4477528	9
2994	4480521	33
2995	4483515	113
2996	4486510	10
2997	4489506	26
2998	4492503	42
2999	4495501	65
3000	4498500	53
3001	4501500	17
3002	4504501	82
3003	4507503	8
3004	4510506	383
3005	4513510	10
3006	4516515	36
3007	4519521	59
3008	4522528	14
3009	4525536	37
3010	4528545	190
3011	4531555	11
3012	4534566	2285
3013	4537578	13
3014	4540591	276
3015	4543605	15
3016	4546620	12
3017	4549636	119
3018	4552653	14
3019	4555671	17
3020	4558690	19
3021	4561710	7
3022	4564731	187
3023	4567753	308
3024	4570776	8
3025	4573800	10
3026	4576825	15
3027	4579851	16
3028	4582878	53
3029	4585906	8
3030	4588935	11
3031	4591965	492
3032	4594996	43
3033	4598028	16
3034	4601061	1282
3035	4604095	10
3036	4607130	28
3037	4610166	124
3038	4613203	9
3039	4616241	1529
3040	4619280	157
3041	4622320	85
3042	4625361	214
3043	4628403	184
3044	4631446	128
3045	4634490	172
3046	4637535	14
3047	4640581	15
3048	4643628	256
3049	4646676	11
3050	4649725	147
3051	4652775	589
3052	4655826	14
3053	4658878	8
3054	4661931	16
3055	4664985	67
3056	4668040	15
3057	4671096	129
3058	4674153	32
3059	4677211	72
3060	4680270	97
3061	4683330	44
3062	4686391	26
3063	4689453	185
3064	4692516	157
3065	4695580	14
3066	4698645	28
3067	4701711	9
3068	4704778	12
3069	4707846	15
3070	4710915	37
3071	4713985	19
3072	4717056	31
3073	4720128	27
3074	4723201	10
3075	4726275	362
3076	4729350	9
3077	4732426	214
3078	4735503	19
3079	4738581	14
3080	4741660	543
3081	4744740	879
3082	4747821	6
3083	4750903	404
3084	4753986	234
3085	4757070	160
3086	4760155	60
3087	4763241	1040
3088	4766328	29
3089	4769416	8
3090	4772505	37
3091	4775595	425
3092	4778686	751
3093	4781778	291
3094	4784871	9
3095	4787965	88
3096	4791060	6
3097	4794156	8
3098	4797253	191
3099	4800351	417
3100	4803450	18
3101	4806550	8
3102	4809651	63
3103	4812753	137
3104	4815856	665
3105	4818960	535
3106	4822065	10
3107	4825171	9
3108	4828278	355
3109	4831386	85
3110	4834495	413
3111	4837605	558
3112	4840716	104
3113	4843828	288
3114	4846941	447
3115	4850055	18
3116	4853170	1422
3117	4856286	30
3118	4859403	68
3119	4862521	204
3120	4865640	9
3121	4868760	6
3122	4871881	44
3123	4875003	25
3124	4878126	245
3125	4881250	7
3126	4884375	7
3127	4887501	26
3128	4890628	32
3129	4893756	25
3130	4896885	22
3131	4900015	33
3132	4903146	8
3133	4906278	19
3134	4909411	334
3135	4912545	10
3136	4915680	702
3137	4918816	132
3138	4921953	36
3139	4925091	210
3140	4928230	32
3141	4931370	334
3142	4934511	45
3143	4937653	9
3144	4940796	253
3145	4943940	17
3146	4947085	457
3147	4950231	62
3148	4953378	141
3149	4956526	11
3150	4959675	399
3151	4962825	256
3152	4965976	529
3153	4969128	7
3154	4972281	497
3155	4975435	538
3156	4978590	582
3157	4981746	443
3158	4984903	27
3159	4988061	9
3160	4991220	20
3161	4994380	38
3162	4997541	68
3163	5000703	66
3164	5003866	113
3165	5007030	7
3166	5010195	307
3167	5013361	7
3168	5016528	27
3169	5019696	557
3170	5022865	448
3171	5026035	236
3172	5029206	747
3173	5032378	1108
3174	5035551	995
3175	5038725	175
3176	5041900	8
3177	5045076	44
3178	5048253	581
3179	5051431	1661
3180	5054610	527
3181	5057790	439
3182	5060971	1596
3183	5064153	350
3184	5067336	145
3185	5070520	451
3186	5073705	9
3187	5076891	542
3188	5080078	366
3189	5083266	40
3190	5086455	440
3191	5089645	355
3192	5092836	21
3193	5096028	87
3194	5099221	416
3195	5102415	544
3196	5105610	185
3197	5108806	8
3198	5112003	1356
3199	5115201	100
3200	5118400	233
3201	5121600	638
3202	5124801	474
3203	5128003	384
3204	5131206	146
3205	5134410	423
3206	5137615	3067
3207	5140821	466
3208	5144028	970
3209	5147236	33
3210	5150445	454
3211	5153655	7
3212	5156866	558
3213	5160078	108
3214	5163291	336
3215	5166505	36
3216	5169720	402
3217	5172936	276
3218	5176153	11
3219	5179371	112
3220	5182590	364
3221	5185810	461
3222	5189031	366
3223	5192253	9
3224	5195476	97
3225	5198700	457
3226	5201925	141
3227	5205151	414
3228	5208378	13
3229	5211606	375
3230	5214835	529
3231	5218065	281
3232	5221296	7
3233	5224528	19
3234	5227761	135
3235	5230995	1959
3236	5234230	93
3237	5237466	8
3238	5240703	2254
3239	5243941	29
3240	5247180	2427
3241	5250420	9
3242	5253661	568
3243	5256903	810
3244	5260146	51
3245	5263390	37
3246	5266635	10
3247	5269881	19
3248	5273128	538
3249	5276376	66
3250	5279625	77
3251	5282875	288
3252	5286126	149
3253	5289378	762
3254	5292631	151
3255	5295885	108
3256	5299140	354
3257	5302396	117
3258	5305653	32
3259	5308911	238
3260	5312170	166
3261	5315430	404
3262	5318691	9
3263	5321953	386
3264	5325216	521
3265	5328480	29
3266	5331745	469
3267	5335011	74
3268	5338278	95
3269	5341546	193
3270	5344815	642
3271	5348085	1527
3272	5351356	193
3273	5354628	38
3274	5357901	546
3275	5361175	144
3276	5364450	159
3277	5367726	17
3278	5371003	146
3279	5374281	505
3280	5377560	410
3281	5380840	57
3282	5384121	20
3283	5387403	9
3284	5390686	10
3285	5393970	8
3286	5397255	173
3287	5400541	12
3288	5403828	9
3289	5407116	412
3290	5410405	462
3291	5413695	10
3292	5416986	13
3293	5420278	583
3294	5423571	595
3295	5426865	311
3296	5430160	373
3297	5433456	24
3298	5436753	796
3299	5440051	463
3300	5443350	478
3301	5446650	356
3302	5449951	629
3303	5453253	1015
3304	5456556	214
3305	5459860	308
3306	5463165	9
3307	5466471	703
3308	5469778	242
3309	5473086	1004
3310	5476395	25
3311	5479705	20
3312	5483016	478
3313	5486328	20
3314	5489641	10
3315	5492955	218
3316	5496270	250
3317	5499586	346
3318	5502903	502
3319	5506221	997
3320	5509540	39
3321	5512860	247
3322	5516181	11
3323	5519503	7
3324	5522826	841
3325	5526150	463
3326	5529475	57
3327	5532801	17
3328	5536128	371
3329	5539456	16
3330	5542785	505
3331	5546115	422
3332	5549446	415
3333	5552778	219
3334	5556111	660
3335	5559445	159
3336	5562780	407
3337	5566116	129
3338	5569453	9
3339	5572791	26
3340	5576130	24
3341	5579470	20
3342	5582811	326
3343	5586153	126
3344	5589496	12
3345	5592840	7
3346	5596185	397
3347	5599531	50
3348	5602878	307
3349	5606226	11
3350	5609575	513
3351	5612925	19
3352	5616276	1535
3353	5619628	327
3354	5622981	280
3355	5626335	7
3356	5629690	13
3357	5633046	470
3358	5636403	228
3359	5639761	10
3360	5643120	1805
3361	5646480	13
3362	5649841	1301
3363	5653203	734
3364	5656566	340
3365	5659930	1664
3366	5663295	584
3367	5666661	25
3368	5670028	1491
3369	5673396	91
3370	5676765	1024
3371	5680135	348
3372	5683506	706
3373	5686878	11
3374	5690251	11
3375	5693625	48
3376	5697000	9
3377	5700376	1054
3378	5703753	9
3379	5707131	420
3380	5710510	491
3381	5713890	21
3382	5717271	551
3383	5720653	14
3384	5724036	251
3385	5727420	10
3386	5730805	855
3387	5734191	156
3388	5737578	210
3389	5740966	441
3390	5744355	23
3391	5747745	428
3392	5751136	11
3393	5754528	7
3394	5757921	635
3395	5761315	9
3396	5764710	2183
3397	5768106	236
3398	5771503	97
3399	5774901	571
3400	5778300	10
3401	5781700	28
3402	5785101	306
3403	5788503	413
3404	5791906	431
3405	5795310	86
3406	5798715	36
3407	5802121	251
3408	5805528	10108
3409	5808936	137
3410	5812345	198
3411	5815755	148
3412	5819166	9
3413	5822578	33
3414	5825991	457
3415	5829405	34
3416	5832820	31
3417	5836236	7
3418	5839653	420
3419	5843071	11
3420	5846490	487
3421	5849910	1059
3422	5853331	875
3423	5856753	351
3424	5860176	167
3425	5863600	1562
3426	5867025	303
3427	5870451	481
3428	5873878	23
3429	5877306	11
3430	5880735	50
3431	5884165	14
3432	5887596	372
3433	5891028	195
3434	5894461	697
3435	5897895	171
3436	5901330	179
3437	5904766	333
3438	5908203	797
3439	5911641	276
3440	5915080	1440
3441	5918520	405
3442	5921961	407
3443	5925403	92
3444	5928846	123
3445	5932290	147
3446	5935735	21
3447	5939181	767
3448	5942628	11
3449	5946076	38
3450	5949525	123
3451	5952975	15
3452	5956426	41
3453	5959878	20
3454	5963331	12
3455	5966785	331
3456	5970240	265
3457	5973696	14
3458	5977153	407
3459	5980611	465
3460	5984070	917
3461	5987530	13
3462	5990991	449
3463	5994453	360
3464	5997916	12
3465	6001380	50
3466	6004845	570
3467	6008311	671
3468	6011778	32
3469	6015246	198
3470	6018715	246
3471	6022185	312
3472	6025656	117
3473	6029128	355
3474	6032601	295
3475	6036075	131
3476	6039550	14
3477	6043026	19
3478	6046503	544
3479	6049981	111
3480	6053460	418
3481	6056940	49
3482	6060421	19
3483	6063903	325
3484	6067386	247
3485	6070870	12
3486	6074355	56
3487	6077841	215
3488	6081328	104
3489	6084816	1004
3490	6088305	115
3491	6091795	373
3492	6095286	355
3493	6098778	361
3494	6102271	25
3495	6105765	302
3496	6109260	13
3497	6112756	522
3498	6116253	62
3499	6119751	49
3500	6123250	299
3501	6126750	312
3502	6130251	688
3503	6133753	36
3504	6137256	35
3505	6140760	278
3506	6144265	215
3507	6147771	26
3508	6151278	382
3509	6154786	2534
3510	6158295	14
3511	6161805	16
3512	6165316	313
3513	6168828	10
3514	6172341	54
3515	6175855	398
3516	6179370	11
3517	6182886	29
3518	6186403	455
3519	6189921	24
3520	6193440	9
3521	6196960	36
3522	6200481	764
3523	6204003	357
3524	6207526	1631
3525	6211050	30
3526	6214575	385
3527	6218101	280
3528	6221628	31
3529	6225156	218
3530	6228685	141
3531	6232215	22
3532	6235746	914
3533	6239278	747
3534	6242811	28
3535	6246345	38
3536	6249880	434
3537	6253416	216
3538	6256953	202
3539	6260491	353
3540	6264030	11
3541	6267570	404
3542	6271111	102
3543	6274653	13
3544	6278196	1616
3545	6281740	11
3546	6285285	336
3547	6288831	424
3548	6292378	15
3549	6295926	98
3550	6299475	1305
3551	6303025	184
3552	6306576	125
3553	6310128	86
3554	6313681	490
3555	6317235	68
3556	6320790	3223
3557	6324346	129
3558	6327903	49
3559	6331461	410
3560	6335020	180
3561	6338580	306
3562	6342141	103
3563	6345703	587
3564	6349266	125
3565	6352830	206
3566	6356395	1583
3567	6359961	240
3568	6363528	14
3569	6367096	139
3570	6370665	415
3571	6374235	329
3572	6377806	20
3573	6381378	119
3574	6384951	776
3575	6388525	109
3576	6392100	1068
3577	6395676	1848
3578	6399253	98
3579	6402831	720
3580	6406410	239
3581	6409990	811
3582	6413571	97
3583	6417153	505
3584	6420736	210
3585	6424320	713
3586	6427905	732
3587	6431491	126
3588	6435078	343
3589	6438666	300
3590	6442255	185
3591	6445845	96
3592	6449436	90
3593	6453028	75
3594	6456621	1140
3595	6460215	216
3596	6463810	81
3597	6467406	132
3598	6471003	163
3599	6474601	129
3600	6478200	159
3601	6481800	94
3602	6485401	563
3603	6489003	122
3604	6492606	216
3605	6496210	442
3606	6499815	1465
3607	6503421	90
3608	6507028	170
3609	6510636	262
3610	6514245	185
3611	6517855	99
3612	6521466	155
3613	6525078	93
3614	6528691	96
3615	6532305	682
3616	6535920	205
3617	6539536	77
3618	6543153	746
3619	6546771	107
3620	6550390	199
3621	6554010	139
3622	6557631	101
3623	6561253	217
3624	6564876	55
3625	6568500	181
3626	6572125	98
3627	6575751	176
3628	6579378	345
3629	6583006	2444
3630	6586635	116
3631	6590265	46
3632	6593896	128
3633	6597528	260
3634	6601161	155
3635	6604795	195
3636	6608430	1105
3637	6612066	132
3638	6615703	195
3639	6619341	219
3640	6622980	68
3641	6626620	111
3642	6630261	53
3643	6633903	174
3644	6637546	15
3645	6641190	236
3646	6644835	162
3647	6648481	205
3648	6652128	187
3649	6655776	655
3650	6659425	176
3651	6663075	183
3652	6666726	161
3653	6670378	115
3654	6674031	3145
3655	6677685	117
3656	6681340	219
3657	6684996	1773
3658	6688653	233
3659	6692311	186
3660	6695970	260
3661	6699630	75
3662	6703291	56
3663	6706953	268
3664	6710616	169
3665	6714280	184
3666	6717945	111
3667	6721611	169
3668	6725278	400
3669	6728946	84
3670	6732615	138
3671	6736285	231
3672	6739956	181
3673	6743628	172
3674	6747301	5560
3675	6750975	110
3676	6754650	112
3677	6758326	77
3678	6762003	145
3679	6765681	188
3680	6769360	145
3681	6773040	56
3682	6776721	78
3683	6780403	140
3684	6784086	93
3685	6787770	179
3686	6791455	183
3687	6795141	187
3688	6798828	193
3689	6802516	648
3690	6806205	74
3691	6809895	669
3692	6813586	5801
3693	6817278	119
3694	6820971	1037
3695	6824665	875
3696	6828360	176
3697	6832056	22
3698	6835753	305
3699	6839451	51
3700	6843150	144
3701	6846850	261
3702	6850551	109
3703	6854253	125
3704	6857956	146
3705	6861660	99
3706	6865365	169
3707	6869071	228
3708	6872778	93
3709	6876486	124
3710	6880195	88
3711	6883905	83
3712	6887616	675
3713	6891328	193
3714	6895041	111
3715	6898755	61
3716	6902470	59
3717	6906186	552
3718	6909903	69
3719	6913621	274
3720	6917340	317
3721	6921060	566
3722	6924781	97
3723	6928503	2996
3724	6932226	42
3725	6935950	112
3726	6939675	218
3727	6943401	796
3728	6947128	1001
3729	6950856	168
3730	6954585	157
3731	6958315	105
3732	6962046	115
3733	6965778	49
3734	6969511	208
3735	6973245	60
3736	6976980	124
3737	6980716	218
3738	6984453	140
3739	6988191	141
3740	6991930	224
3741	6995670	81
3742	6999411	238
3743	7003153	744
3744	7006896	5595
3745	7010640	161
3746	7014385	566
3747	7018131	251
3748	7021878	982
3749	7025626	176
3750	7029375	323
3751	7033125	208
3752	7036876	317
3753	7040628	53
3754	7044381	326
3755	7048135	52
3756	7051890	47
3757	7055646	43
3758	7059403	168
3759	7063161	79
3760	7066920	411
3761	7070680	72
3762	7074441	148
3763	7078203	188
3764	7081966	214
3765	7085730	93
3766	7089495	157
3767	7093261	669
3768	7097028	314
3769	7100796	46
3770	7104565	1412
3771	7108335	81
3772	7112106	558
3773	7115878	200
3774	7119651	93
3775	7123425	201
3776	7127200	66
3777	7130976	136
3778	7134753	1531
3779	7138531	221
3780	7142310	293
3781	7146090	401
3782	7149871	1070
3783	7153653	128
3784	7157436	56
3785	7161220	489
3786	7165005	1291
3787	7168791	216
3788	7172578	154
3789	7176366	587
3790	7180155	150
3791	7183945	49
3792	7187736	118
3793	7191528	275
3794	7195321	226
3795	7199115	86
3796	7202910	1726
3797	7206706	55
3798	7210503	100
3799	7214301	80
3800	7218100	470
3801	7221900	558
3802	7225701	138
3803	7229503	151
3804	7233306	421
3805	7237110	310
3806	7240915	109
3807	7244721	139
3808	7248528	219
3809	7252336	275
3810	7256145	396
3811	7259955	159
3812	7263766	513
3813	7267578	347
3814	7271391	334
3815	7275205	384
3816	7279020	963
3817	7282836	200
3818	7286653	48
3819	7290471	3167
3820	7294290	169
3821	7298110	464
3822	7301931	474
3823	7305753	666
3824	7309576	402
3825	7313400	69
3826	7317225	136
3827	7321051	671
3828	7324878	566
3829	7328706	69
3830	7332535	41
3831	7336365	97
3832	7340196	656
3833	7344028	133
3834	7347861	208
3835	7351695	137
3836	7355530	766
3837	7359366	110
3838	7363203	372
3839	7367041	74
3840	7370880	245
3841	7374720	121
3842	7378561	52
3843	7382403	194
3844	7386246	625
3845	7390090	71
3846	7393935	246
3847	7397781	265
3848	7401628	66
3849	7405476	197
3850	7409325	99
3851	7413175	306
3852	7417026	151
3853	7420878	163
3854	7424731	244
3855	7428585	244
3856	7432440	122
3857	7436296	101
3858	7440153	170
3859	7444011	93
3860	7447870	70
3861	7451730	560
3862	7455591	567
3863	7459453	141
3864	7463316	3775
3865	7467180	354
3866	7471045	100
3867	7474911	75
3868	7478778	213
3869	7482646	280
3870	7486515	488
3871	7490385	49
3872	7494256	268
3873	7498128	133
3874	7502001	242
3875	7505875	317
3876	7509750	875
3877	7513626	609
3878	7517503	275
3879	7521381	1795
3880	7525260	58
3881	7529140	187
3882	7533021	61
3883	7536903	55
3884	7540786	214
3885	7544670	114
3886	7548555	731
3887	7552441	166
3888	7556328	342
3889	7560216	124
3890	7564105	105
3891	7567995	226
3892	7571886	98
3893	7575778	72
3894	7579671	900
3895	7583565	9528
3896	7587460	57
3897	7591356	107
3898	7595253	65
3899	7599151	92
3900	7603050	119
3901	7606950	431
3902	7610851	1606
3903	7614753	485
3904	7618656	119
3905	7622560	162
3906	7626465	141
3907	7630371	757
3908	7634278	1272
3909	7638186	139
3910	7642095	610
3911	7646005	93
3912	7649916	262
3913	7653828	335
3914	7657741	108
3915	7661655	163
3916	7665570	145
3917	7669486	124
3918	7673403	726
3919	7677321	171
3920	7681240	855
3921	7685160	228
3922	7689081	65
3923	7693003	281
3924	7696926	395
3925	7700850	272
3926	7704775	77
3927	7708701	108
3928	7712628	176
3929	7716556	117
3930	7720485	213
3931	7724415	71
3932	7728346	553
3933	7732278	194
3934	7736211	229
3935	7740145	172
3936	7744080	495
3937	7748016	455
3938	7751953	3052
3939	7755891	114
3940	7759830	198
3941	7763770	101
3942	7767711	154
3943	7771653	102
3944	7775596	184
3945	7779540	144
3946	7783485	116
3947	7787431	159
3948	7791378	295
3949	7795326	124
3950	7799275	57
3951	7803225	109
3952	7807176	488
3953	7811128	1552
3954	7815081	560
3955	7819035	51
3956	7822990	264
3957	7826946	377
3958	7830903	39
3959	7834861	152
3960	7838820	2544
3961	7842780	331
3962	7846741	175
3963	7850703	255
3964	7854666	174
3965	7858630	1639
3966	7862595	190
3967	7866561	91
3968	7870528	76
3969	7874496	1744
3970	7878465	351
3971	7882435	176
3972	7886406	68
3973	7890378	221
3974	7894351	224
3975	7898325	1013
3976	7902300	120
3977	7906276	49
3978	7910253	296
3979	7914231	50
3980	7918210	647
3981	7922190	1600
3982	7926171	79
3983	7930153	90
3984	7934136	91
3985	7938120	184
3986	7942105	103
3987	7946091	643
3988	7950078	94
3989	7954066	227
3990	7958055	204
3991	7962045	885
3992	7966036	1126
3993	7970028	74
3994	7974021	222
3995	7978015	55
3996	7982010	245
3997	7986006	508
3998	7990003	73
3999	7994001	500
4000	7998000	282
4001	8002000	50
4002	8006001	414
4003	8010003	169
4004	8014006	448
4005	8018010	147
4006	8022015	51
4007	8026021	87
4008	8030028	1243
4009	8034036	466
4010	8038045	834
4011	8042055	53
4012	8046066	155
4013	8050078	44
4014	8054091	752
4015	8058105	118
4016	8062120	92
4017	8066136	686
4018	8070153	318
4019	8074171	89
4020	8078190	171
4021	8082210	153
4022	8086231	94
4023	8090253	3117
4024	8094276	229
4025	8098300	1934
4026	8102325	1449
4027	8106351	104
4028	8110378	1425
4029	8114406	118
4030	8118435	309
4031	8122465	161
4032	8126496	684
4033	8130528	151
4034	8134561	143
4035	8138595	687
4036	8142630	286
4037	8146666	169
4038	8150703	254
4039	8154741	71
4040	8158780	113
4041	8162820	283
4042	8166861	210
4043	8170903	76
4044	8174946	475
4045	8178990	166
4046	8183035	176
4047	8187081	191
4048	8191128	819
4049	8195176	175
4050	8199225	698
4051	8203275	50
4052	8207326	116
4053	8211378	194
4054	8215431	237
4055	8219485	282
4056	8223540	79
4057	8227596	202
4058	8231653	50
4059	8235711	88
4060	8239770	470
4061	8243830	52
4062	8247891	55
4063	8251953	253
4064	8256016	49
4065	8260080	193
4066	8264145	367
4067	8268211	75
4068	8272278	299
4069	8276346	207
4070	8280415	150
4071	8284485	73
4072	8288556	137
4073	8292628	669
4074	8296701	210
4075	8300775	268
4076	8304850	63
4077	8308926	156
4078	8313003	585
4079	8317081	332
4080	8321160	1027
4081	8325240	443
4082	8329321	546
4083	8333403	102
4084	8337486	745
4085	8341570	234
4086	8345655	1492
4087	8349741	85
4088	8353828	100
4089	8357916	101
4090	8362005	159
4091	8366095	140
4092	8370186	380
4093	8374278	303
4094	8378371	66
4095	8382465	76
4096	8386560	44
4097	8390656	271
4098	8394753	67
4099	8398851	445
4100	8402950	148
4101	8407050	148
4102	8411151	148
4103	8415253	168
4104	8419356	60
4105	8423460	202
4106	8427565	180
4107	8431671	707
4108	8435778	98
4109	8439886	250
4110	8443995	131
4111	8448105	801
4112	8452216	132
4113	8456328	71
4114	8460441	919
4115	8464555	151
4116	8468670	101
4117	8472786	280
4118	8476903	208
4119	8481021	142
4120	8485140	180
4121	8489260	2209
4122	8493381	305
4123	8497503	125
4124	8501626	413
4125	8505750	1966
4126	8509875	685
4127	8514001	144
4128	8518128	590
4129	8522256	320
4130	8526385	101
4131	8530515	117
4132	8534646	470
4133	8538778	310
4134	8542911	578
4135	8547045	844
4136	8551180	110
4137	8555316	283
4138	8559453	309
4139	8563591	106
4140	8567730	90
4141	8571870	168
4142	8576011	89
4143	8580153	468
4144	8584296	422
4145	8588440	123
4146	8592585	185
4147	8596731	69
4148	8600878	568
4149	8605026	144
4150	8609175	99
4151	8613325	1567
4152	8617476	146
4153	8621628	2691
4154	8625781	541
4155	8629935	61
4156	8634090	95
4157	8638246	115
4158	8642403	113
4159	8646561	132
4160	8650720	105
4161	8654880	230
4162	8659041	415
4163	8663203	137
4164	8667366	1103
4165	8671530	1340
4166	8675695	168
4167	8679861	78
4168	8684028	137
4169	8688196	217
4170	8692365	431
4171	8696535	225
4172	8700706	1802
4173	8704878	606
4174	8709051	71
4175	8713225	94
4176	8717400	89
4177	8721576	85
4178	8725753	518
4179	8729931	202
4180	8734110	315
4181	8738290	85
4182	8742471	105
4183	8746653	1321
4184	8750836	228
4185	8755020	182
4186	8759205	65
4187	8763391	83
4188	8767578	173
4189	8771766	1773
4190	8775955	1110
4191	8780145	409
4192	8784336	191
4193	8788528	120
4194	8792721	792
4195	8796915	380
4196	8801110	37
4197	8805306	792
4198	8809503	78
4199	8813701	84
4200	8817900	209
4201	8822100	557
4202	8826301	870
4203	8830503	63
4204	8834706	1391
4205	8838910	145
4206	8843115	235
4207	8847321	1254
4208	8851528	1038
4209	8855736	354
4210	8859945	110
4211	8864155	142
4212	8868366	976
4213	8872578	81
4214	8876791	109
4215	8881005	772
4216	8885220	76
4217	8889436	210
4218	8893653	76
4219	8897871	160
4220	8902090	168
4221	8906310	207
4222	8910531	469
4223	8914753	394
4224	8918976	342
4225	8923200	817
4226	8927425	59
4227	8931651	128
4228	8935878	1424
4229	8940106	115
4230	8944335	677
4231	8948565	373
4232	8952796	420
4233	8957028	515
4234	8961261	269
4235	8965495	2351
4236	8969730	55
4237	8973966	298
4238	8978203	1644
4239	8982441	221
4240	8986680	128
4241	8990920	142
4242	8995161	498
4243	8999403	75
4244	9003646	647
4245	9007890	674
4246	9012135	259
4247	9016381	85
4248	9020628	149
4249	9024876	140
4250	9029125	93
4251	9033375	484
4252	9037626	591
4253	9041878	199
4254	9046131	63
4255	9050385	372
4256	9054640	55
4257	9058896	164
4258	9063153	131
4259	9067411	505
4260	9071670	194
4261	9075930	193
4262	9080191	1673
4263	9084453	525
4264	9088716	108
4265	9092980	174
4266	9097245	175
4267	9101511	623
4268	9105778	2242
4269	9110046	700
4270	9114315	72
4271	9118585	4451
4272	9122856	1468
4273	9127128	61
4274	9131401	187
4275	9135675	903
4276	9139950	219
4277	9144226	651
4278	9148503	830
4279	9152781	837
4280	9157060	358
4281	9161340	473
4282	9165621	131
4283	9169903	69
4284	9174186	100
4285	9178470	1188
4286	9182755	570
4287	9187041	76
4288	9191328	410
4289	9195616	116
4290	9199905	110
4291	9204195	137
4292	9208486	796
4293	9212778	299
4294	9217071	97
4295	9221365	74
4296	9225660	532
4297	9229956	74
4298	9234253	116
4299	9238551	140
4300	9242850	153
4301	9247150	144
4302	9251451	912
4303	9255753	286
4304	9260056	1286
4305	9264360	291
4306	9268665	148
4307	9272971	1161
4308	9277278	2539
4309	9281586	100
4310	9285895	162
4311	9290205	64
4312	9294516	149
4313	9298828	301
4314	9303141	127
4315	9307455	2380
4316	9311770	210
4317	9316086	277
4318	9320403	96
4319	9324721	133
4320	9329040	123
4321	9333360	107
4322	9337681	620
4323	9342003	349
4324	9346326	55
4325	9350650	800
4326	9354975	2399
4327	9359301	289
4328	9363628	258
4329	9367956	148
4330	9372285	230
4331	9376615	1484
4332	9380946	253
4333	9385278	143
4334	9389611	3731
4335	9393945	172
4336	9398280	152
4337	9402616	61
4338	9406953	94
4339	9411291	556
4340	9415630	1627
4341	9419970	155
4342	9424311	92
4343	9428653	79
4344	9432996	70
4345	9437340	453
4346	9441685	217
4347	9446031	180
4348	9450378	219
4349	9454726	1738
4350	9459075	93
4351	9463425	615
4352	9467776	296
4353	9472128	68
4354	9476481	625
4355	9480835	79
4356	9485190	103
4357	9489546	207
4358	9493903	52
4359	9498261	50
4360	9502620	188
4361	9506980	158
4362	9511341	1244
4363	9515703	178
4364	9520066	630
4365	9524430	106
4366	9528795	56
4367	9533161	161
4368	9537528	1348
4369	9541896	793
4370	9546265	97
4371	9550635	1745
4372	9555006	80
4373	9559378	124
4374	9563751	183
4375	9568125	1362
4376	9572500	179
4377	9576876	183
4378	9581253	210
4379	9585631	261
4380	9590010	647
4381	9594390	741
4382	9598771	536
4383	9603153	97
4384	9607536	168
4385	9611920	85
4386	9616305	78
4387	9620691	968
4388	9625078	1282
4389	9629466	379
4390	9633855	1142
4391	9638245	303
4392	9642636	185
4393	9647028	1914
4394	9651421	287
4395	9655815	644
4396	9660210	71
4397	9664606	128
4398	9669003	322
4399	9673401	2180
4400	9677800	1536
4401	9682200	108
4402	9686601	203
4403	9691003	67
4404	9695406	184
4405	9699810	110
4406	9704215	861
4407	9708621	304
4408	9713028	106
4409	9717436	63
4410	9721845	1349
4411	9726255	94
4412	9730666	49
4413	9735078	236
4414	9739491	127
4415	9743905	251
4416	9748320	4730
4417	9752736	332
4418	9757153	1593
4419	9761571	52
4420	9765990	218
4421	9770410	114
4422	9774831	90
4423	9779253	93
4424	9783676	3466
4425	9788100	271
4426	9792525	70
4427	9796951	187
4428	9801378	250
4429	9805806	222
4430	9810235	688
4431	9814665	776
4432	9819096	328
4433	9823528	1107
4434	9827961	317
4435	9832395	135
4436	9836830	229
4437	9841266	441
4438	9845703	133
4439	9850141	724
4440	9854580	360
4441	9859020	108
4442	9863461	599
4443	9867903	129
4444	9872346	63
4445	9876790	3434
4446	9881235	85
4447	9885681	1674
4448	9890128	300
4449	9894576	136
4450	9899025	88
4451	9903475	1256
4452	9907926	638
4453	9912378	158
4454	9916831	143
4455	9921285	361
4456	9925740	146
4457	9930196	234
4458	9934653	288
4459	9939111	66
4460	9943570	76
4461	9948030	108
4462	9952491	232
4463	9956953	201
4464	9961416	1231
4465	9965880	124
4466	9970345	743
4467	9974811	208
4468	9979278	179
4469	9983746	3947
4470	9988215	85
4471	9992685	214
4472	9997156	940
4473	10001628	591
4474	10006101	231
4475	10010575	241
4476	10015050	208
4477	10019526	60
4478	10024003	742
4479	10028481	212
4480	10032960	97
4481	10037440	282
4482	10041921	286
4483	10046403	61
4484	10050886	113
4485	10055370	1733
4486	10059855	429
4487	10064341	93
4488	10068828	266
4489	10073316	77
4490	10077805	234
4491	10082295	131
4492	10086786	588
4493	10091278	449
4494	10095771	298
4495	10100265	87
4496	10104760	68
4497	10109256	157
4498	10113753	154
4499	10118251	134
4500	10122750	303
4501	10127250	757
4502	10131751	165
4503	10136253	3434
4504	10140756	119
4505	10145260	100
4506	10149765	2450
4507	10154271	138
4508	10158778	1626
4509	10163286	514
4510	10167795	146
4511	10172305	88
4512	10176816	189
4513	10181328	97
4514	10185841	216
4515	10190355	509
4516	10194870	83
4517	10199386	130
4518	10203903	2301
4519	10208421	155
4520	10212940	201
4521	10217460	1698
4522	10221981	240
4523	10226503	248
4524	10231026	219
4525	10235550	1758
4526	10240075	237
4527	10244601	257
4528	10249128	580
4529	10253656	103
4530	10258185	763
4531	10262715	2593
4532	10267246	888
4533	10271778	1010
4534	10276311	133
4535	10280845	874
4536	10285380	474
4537	10289916	814
4538	10294453	123
4539	10298991	178
4540	10303530	244
4541	10308070	127
4542	10312611	244
4543	10317153	1843
4544	10321696	179
4545	10326240	1119
4546	10330785	82
4547	10335331	87
4548	10339878	936
4549	10344426	119
4550	10348975	45
4551	10353525	194
4552	10358076	224
4553	10362628	706
4554	10367181	893
4555	10371735	295
4556	10376290	214
4557	10380846	323
4558	10385403	245
4559	10389961	115
4560	10394520	94
4561	10399080	195
4562	10403641	1476
4563	10408203	135
4564	10412766	1376
4565	10417330	285
4566	10421895	2577
4567	10426461	1833
4568	10431028	165
4569	10435596	166
4570	10440165	1253
4571	10444735	1039
4572	10449306	63
4573	10453878	288
4574	10458451	1037
4575	10463025	77
4576	10467600	1798
4577	10472176	218
4578	10476753	134
4579	10481331	112
4580	10485910	124
4581	10490490	1976
4582	10495071	105
4583	10499653	271
4584	10504236	1856
4585	10508820	388
4586	10513405	108
4587	10517991	104
4588	10522578	325
4589	10527166	183
4590	10531755	65
4591	10536345	122
4592	10540936	242
4593	10545528	1132
4594	10550121	172
4595	10554715	88
4596	10559310	96
4597	10563906	178
4598	10568503	154
4599	10573101	319
4600	10577700	80
4601	10582300	567
4602	10586901	97
4603	10591503	1796
4604	10596106	60
4605	10600710	83
4606	10605315	120
4607	10609921	304
4608	10614528	578
4609	10619136	80
4610	10623745	1878
4611	10628355	219
4612	10632966	83
4613	10637578	58
4614	10642191	89
4615	10646805	293
4616	10651420	133
4617	10656036	85
4618	10660653	383
4619	10665271	118
4620	10669890	84
4621	10674510	313
4622	10679131	111
4623	10683753	184
4624	10688376	171
4625	10693000	171
4626	10697625	1035
4627	10702251	128
4628	10706878	178
4629	10711506	233
4630	10716135	526
4631	10720765	126
4632	10725396	4055
4633	10730028	103
4634	10734661	882
4635	10739295	378
4636	10743930	45
4637	10748566	51
4638	10753203	1672
4639	10757841	147
4640	10762480	103
4641	10767120	265
4642	10771761	159
4643	10776403	247
4644	10781046	352
4645	10785690	192
4646	10790335	870
4647	10794981	171
4648	10799628	225
4649	10804276	2245
4650	10808925	111
4651	10813575	84
4652	10818226	115
4653	10822878	298
4654	10827531	129
4655	10832185	140
4656	10836840	68
4657	10841496	133
4658	10846153	185
4659	10850811	262
4660	10855470	63
4661	10860130	840
4662	10864791	1063
4663	10869453	280
4664	10874116	55
4665	10878780	81
4666	10883445	1687
4667	10888111	205
4668	10892778	95
4669	10897446	522
4670	10902115	139
4671	10906785	331
4672	10911456	215
4673	10916128	126
4674	10920801	256
4675	10925475	68
4676	10930150	214
4677	10934826	471
4678	10939503	348
4679	10944181	796
4680	10948860	185
4681	10953540	437
4682	10958221	131
4683	10962903	64
4684	10967586	311
4685	10972270	408
4686	10976955	129
4687	10981641	709
4688	10986328	30813
4689	10991016	548
4690	10995705	534
4691	11000395	57
4692	11005086	148
4693	11009778	344
4694	11014471	1297
4695	11019165	195
4696	11023860	183
4697	11028556	201
4698	11033253	132
4699	11037951	85
4700	11042650	1627
4701	11047350	973
4702	11052051	102
4703	11056753	198
4704	11061456	62
4705	11066160	202
4706	11070865	863
4707	11075571	745
4708	11080278	177
4709	11084986	71
4710	11089695	471
4711	11094405	268
4712	11099116	252
4713	11103828	1520
4714	11108541	1622
4715	11113255	156
4716	11117970	989
4717	11122686	119
4718	11127403	228
4719	11132121	155
4720	11136840	172
4721	11141560	176
4722	11146281	208
4723	11151003	357
4724	11155726	2419
4725	11160450	296
4726	11165175	4347
4727	11169901	463
4728	11174628	2508
4729	11179356	59
4730	11184085	272
4731	11188815	128
4732	11193546	79
4733	11198278	139
4734	11203011	265
4735	11207745	186
4736	11212480	68
4737	11217216	153
4738	11221953	141
4739	11226691	797
4740	11231430	1727
4741	11236170	108
4742	11240911	150
4743	11245653	41
4744	11250396	69
4745	11255140	365
4746	11259885	757
4747	11264631	135
4748	11269378	157
4749	11274126	122
4750	11278875	89
4751	11283625	251
4752	11288376	51
4753	11293128	174
4754	11297881	301
4755	11302635	1414
4756	11307390	40
4757	11312146	90
4758	11316903	291
4759	11321661	419
4760	11326420	85
4761	11331180	6353
4762	11335941	389
4763	11340703	110
4764	11345466	49
4765	11350230	1364
4766	11354995	473
4767	11359761	687
4768	11364528	192
4769	11369296	109
4770	11374065	1489
4771	11378835	365
4772	11383606	152
4773	11388378	436
4774	11393151	459
4775	11397925	290
4776	11402700	81
4777	11407476	452
4778	11412253	325
4779	11417031	210
4780	11421810	1589
4781	11426590	80
4782	11431371	89
4783	11436153	257
4784	11440936	727
4785	11445720	608
4786	11450505	128
4787	11455291	381
4788	11460078	753
4789	11464866	98
4790	11469655	136
4791	11474445	341
4792	11479236	116
4793	11484028	383
4794	11488821	78
4795	11493615	132
4796	11498410	1786
4797	11503206	205
4798	11508003	196
4799	11512801	2696
4800	11517600	64
4801	11522400	205
4802	11527201	94
4803	11532003	108
4804	11536806	139
4805	11541610	58
4806	11546415	85
4807	11551221	783
4808	11556028	500
4809	11560836	1973
4810	11565645	1500
4811	11570455	174
4812	11575266	97
4813	11580078	73
4814	11584891	49
4815	11589705	196
4816	11594520	116
4817	11599336	54
4818	11604153	225
4819	11608971	92
4820	11613790	225
4821	11618610	317
4822	11623431	125
4823	11628253	178
4824	11633076	291
4825	11637900	165
4826	11642725	2270
4827	11647551	45
4828	11652378	101
4829	11657206	1385
4830	11662035	122
4831	11666865	602
4832	11671696	174
4833	11676528	1823
4834	11681361	117
4835	11686195	250
4836	11691030	960
4837	11695866	69
4838	11700703	3093
4839	11705541	846
4840	11710380	111
4841	11715220	1484
4842	11720061	1211
4843	11724903	68
4844	11729746	133
4845	11734590	379
4846	11739435	1306
4847	11744281	925
4848	11749128	142
4849	11753976	117
4850	11758825	1288
4851	11763675	78
4852	11768526	118
4853	11773378	861
4854	11778231	486
4855	11783085	131
4856	11787940	106
4857	11792796	41
4858	11797653	992
4859	11802511	136
4860	11807370	55
4861	11812230	587
4862	11817091	698
4863	11821953	104
4864	11826816	116
4865	11831680	62
4866	11836545	281
4867	11841411	146
4868	11846278	241
4869	11851146	2304
4870	11856015	117
4871	11860885	618
4872	11865756	642
4873	11870628	108
4874	11875501	83
4875	11880375	110
4876	11885250	86
4877	11890126	96
4878	11895003	869
4879	11899881	845
4880	11904760	81
4881	11909640	58
4882	11914521	107
4883	11919403	365
4884	11924286	174
4885	11929170	1695
4886	11934055	80
4887	11938941	2784
4888	11943828	85
4889	11948716	102
4890	11953605	56
4891	11958495	167
4892	11963386	258
4893	11968278	323
4894	11973171	282
4895	11978065	200
4896	11982960	73
4897	11987856	75
4898	11992753	1071
4899	11997651	132
4900	12002550	550
4901	12007450	368
4902	12012351	135
4903	12017253	56
4904	12022156	115
4905	12027060	682
4906	12031965	79
4907	12036871	204
4908	12041778	101
4909	12046686	470
4910	12051595	162
4911	12056505	103
4912	12061416	243
4913	12066328	136
4914	12071241	1037
4915	12076155	501
4916	12081070	152
4917	12085986	122
4918	12090903	130
4919	12095821	3185
4920	12100740	1847
4921	12105660	1123
4922	12110581	1793
4923	12115503	149
