100	4950	694
101	5050	165
102	5151	378
103	5253	76
104	5356	154
105	5460	82
106	5565	430
107	5671	701
108	5778	606
109	5886	83
110	5995	114
111	6105	313
112	6216	406
113	6328	798
114	6441	197
115	6555	851
116	6670	760
117	6786	146
118	6903	1815
119	7021	862
120	7140	522
121	7260	538
122	7381	464
123	7503	701
124	7626	608
125	7750	808
126	7875	601
127	8001	962
128	8128	735
129	8256	144
130	8385	1128
131	8515	1167
132	8646	336
133	8778	151
134	8911	1115
135	9045	668
136	9180	195
137	9316	145
138	9453	140
139	9591	137
140	9730	173
141	9870	1524
142	10011	307
143	10153	164
144	10296	171
145	10440	217
146	10585	172
147	10731	1766
148	10878	153
149	11026	1122
150	11175	409
151	11325	758
152	11476	647
153	11628	200
154	11781	735
155	11935	166
156	12090	266
157	12246	1387
158	12403	217
159	12561	241
160	12720	661
161	12880	581
162	13041	267
163	13203	1336
164	13366	2328
165	13530	555
166	13695	246
167	13861	289
168	14028	236
169	14196	305
170	14365	315
171	14535	2773
172	14706	285
173	14878	291
174	15051	710
175	15225	2576
176	15400	1727
177	15576	236
178	15753	519
179	15931	339
180	16110	350
181	16290	1608
182	16471	864
183	16653	306
184	16836	1229
185	17020	1119
186	17205	258
187	17391	1632
188	17578	1358
189	17766	1701
190	17955	1230
191	18145	258
192	18336	300
193	18528	2280
194	18721	282
195	18915	1357
196	19110	304
197	19306	316
198	19503	2859
199	19701	1421
200	19900	348
201	20100	291
202	20301	331
203	20503	629
204	20706	1419
205	20910	1961
206	21115	2421
207	21321	2317
208	21528	2394
209	21736	3403
210	21945	360
211	22155	335
212	22366	1973
213	22578	450
214	22791	356
215	23005	305
216	23220	1466
217	23436	746
218	23653	512
219	23871	333
220	24090	419
221	24310	742
222	24531	2842
223	24753	1017
224	24976	469
225	25200	3518
226	25425	3778
227	25651	3238
228	25878	3307
229	26106	3463
230	26335	2934
231	26565	517
232	26796	1464
233	27028	617
234	27261	3426
235	27495	565
236	27730	1431
237	27966	1732
238	28203	3775
239	28441	821
240	28680	419
241	28920	3427
242	29161	447
243	29403	786
244	29646	3702
245	29890	799
246	30135	700
247	30381	498
248	30628	1111
249	30876	424
250	31125	4244
251	31375	572
252	31626	635
253	31878	465
254	32131	594
255	32385	629
256	32640	554
257	32896	1326
258	33153	643
259	33411	888
260	33670	762
261	33930	659
262	34191	562
263	34453	755
264	34716	471
265	34980	4074
266	35245	4372
267	35511	5417
268	35778	1026
269	36046	3513
270	36315	1364
271	36585	751
272	36856	4997
273	37128	880
274	37401	1378
275	37675	2094
276	37950	763
277	38226	597
278	38503	874
279	38781	1058
280	39060	3885
281	39340	2794
282	39621	3926
283	39903	4050
284	40186	869
285	40470	3102
286	40755	734
287	41041	4395
288	41328	628
289	41616	2216
290	41905	628
291	42195	3313
292	42486	6382
293	42778	2651
294	43071	3894
295	43365	4705
296	43660	4162
297	43956	844
298	44253	767
299	44551	3014
300	44850	644
301	45150	1394
302	45451	5716
303	45753	2657
304	46056	907
305	46360	691
306	46665	892
307	46971	936
308	47278	859
309	47586	643
310	47895	2749
311	48205	5415
312	48516	1307
313	48828	981
314	49141	7986
315	49455	5632
316	49770	3645
317	50086	901
318	50403	2752
319	50721	760
320	51040	687
321	51360	885
322	51681	786
323	52003	5192
324	52326	5957
325	52650	5944
326	52975	6389
327	53301	982
328	53628	865
329	53956	998
330	54285	789
331	54615	1007
332	54946	6440
333	55278	910
334	55611	859
335	55945	920
336	56280	987
337	56616	1067
338	56953	785
339	57291	950
340	57630	3492
341	57970	5609
342	58311	6896
343	58653	1110
344	58996	6595
345	59340	1104
346	59685	799
347	60031	6258
348	60378	1149
349	60726	1053
350	61075	1148
351	61425	1184
352	61776	4765
353	62128	5998
354	62481	974
355	62835	3438
356	63190	3628
357	63546	4667
358	63903	2597
359	64261	5520
360	64620	6542
361	64980	7046
362	65341	5803
363	65703	2095
364	66066	1686
365	66430	7609
366	66795	8567
367	67161	962
368	67528	1694
369	67896	1244
370	68265	1082
371	68635	5445
372	69006	4688
373	69378	1845
374	69751	1182
375	70125	3286
376	70500	7343
377	70876	8621
378	71253	8181
379	71631	5152
380	72010	8669
381	72390	1788
382	72771	4616
383	73153	10898
384	73536	5967
385	73920	1395
386	74305	1032
387	74691	5402
388	75078	4063
389	75466	6549
390	75855	1319
391	76245	2262
392	76636	1171
393	77028	7496
394	77421	1195
395	77815	1215
396	78210	1875
397	78606	1328
398	79003	4223
399	79401	7276
400	79800	5305
401	80200	1526
402	80601	3480
403	81003	1955
404	81406	7964
405	81810	2628
406	82215	7064
407	82621	9620
408	83028	2122
409	83436	5978
410	83845	2077
411	84255	9081
412	84666	12052
413	85078	5884
414	85491	3612
415	85905	1114
416	86320	1279
417	86736	6455
418	87153	4893
419	87571	1496
420	87990	3377
421	88410	1798
422	88831	6862
423	89253	1246
424	89676	1581
425	90100	9062
426	90525	1322
427	90951	1228
428	91378	1316
429	91806	11394
430	92235	8229
431	92665	6406
432	93096	1315
433	93528	11934
434	93961	9030
435	94395	14425
436	94830	1454
437	95266	10141
438	95703	6873
439	96141	4799
440	96580	4833
441	97020	1451
442	97461	8130
443	97903	9999
444	98346	4970
445	98790	6127
446	99235	1652
447	99681	5901
448	100128	1528
449	100576	5936
450	101025	9041
451	101475	9756
452	101926	1595
453	102378	1924
454	102831	13283
455	103285	13318
456	103740	10070
457	104196	4678
458	104653	2299
459	105111	1626
460	105570	1948
461	106030	1901
462	106491	2305
463	106953	2412
464	107416	2005
465	107880	7573
466	108345	2371
467	108811	15723
468	109278	1869
469	109746	14193
470	110215	6775
471	110685	1795
472	111156	15031
473	111628	1916
474	112101	1957
475	112575	15935
476	113050	15207
477	113526	1767
478	114003	5870
479	114481	2536
480	114960	2410
481	115440	15940
482	115921	16730
483	116403	2108
484	116886	7429
485	117370	12616
486	117855	8515
487	118341	12160
488	118828	10641
489	119316	14691
490	119805	8537
491	120295	2423
492	120786	2953
493	121278	23886
494	121771	3183
495	122265	19488
496	122760	11604
497	123256	4654
498	123753	17659
499	124251	3159
500	124750	18175
501	125250	5429
502	125751	34718
503	126253	17265
504	126756	16944
505	127260	20207
506	127765	6291
507	128271	19843
508	128778	11996
509	129286	2082
510	129795	19702
511	130305	15849
512	130816	2627
513	131328	11367
514	131841	3202
515	132355	19007
516	132870	5893
517	133386	3201
518	133903	2323
519	134421	13063
520	134940	2316
521	135460	13345
522	135981	3927
523	136503	7945
524	137026	2291
525	137550	21703
526	138075	11015
527	138601	14082
528	139128	2317
529	139656	2609
530	140185	15495
531	140715	29093
532	141246	8844
533	141778	2965
534	142311	4405
535	142845	2280
536	143380	22451
537	143916	22002
538	144453	3475
539	144991	24722
540	145530	2416
541	146070	4619
542	146611	5840
543	147153	13678
544	147696	2367
545	148240	6499
546	148785	11963
547	149331	19969
548	149878	2384
549	150426	20372
550	150975	11791
551	151525	3072
552	152076	30285
553	152628	15224
554	153181	12695
555	153735	3264
556	154290	2972
557	154846	3192
558	155403	22115
559	155961	16529
560	156520	17761
561	157080	12152
562	157641	2962
563	158203	17931
564	158766	9484
565	159330	21610
566	159895	2595
567	160461	2525
568	161028	21644
569	161596	7879
570	162165	27695
571	162735	9611
572	163306	10012
573	163878	25224
574	164451	12447
575	165025	2863
576	165600	20730
577	166176	3525
578	166753	16332
579	167331	9580
580	167910	6918
581	168490	32607
582	169071	16717
583	169653	19775
584	170236	2704
585	170820	18257
586	171405	6364
587	171991	2795
588	172578	27145
589	173166	17932
590	173755	9468
591	174345	7338
592	174936	2924
593	175528	25845
594	176121	13554
595	176715	6523
596	177310	27280
597	177906	15309
598	178503	27910
599	179101	4716
600	179700	25888
601	180300	3070
602	180901	21180
603	181503	3959
604	182106	18144
605	182710	3224
606	183315	3060
607	183921	25486
608	184528	21711
609	185136	20471
610	185745	23634
611	186355	14283
612	186966	15644
613	187578	3458
614	188191	11272
615	188805	3350
616	189420	3196
617	190036	20041
618	190653	3775
619	191271	3353
620	191890	3534
621	192510	17599
622	193131	3086
623	193753	23986
624	194376	23392
625	195000	3109
626	195625	24550
627	196251	18381
628	196878	6630
629	197506	3374
630	198135	22641
631	198765	3276
632	199396	4431
633	200028	23767
634	200661	24372
635	201295	3693
636	201930	3210
637	202566	25852
638	203203	14556
639	203841	27786
640	204480	24322
641	205120	3438
642	205761	17128
643	206403	3364
644	207046	18088
645	207690	28704
646	208335	26021
647	208981	28564
648	209628	12777
649	210276	3376
650	210925	3356
651	211575	3347
652	212226	4367
653	212878	28329
654	213531	4250
655	214185	9299
656	214840	33452
657	215496	4095
658	216153	27367
659	216811	3755
660	217470	28846
661	218130	3541
662	218791	24776
663	219453	4306
664	220116	4970
665	220780	20492
666	221445	4862
667	222111	20573
668	222778	26574
669	223446	15746
670	224115	4104
671	224785	3738
672	225456	3723
673	226128	4265
674	226801	11316
675	227475	3922
676	228150	39670
677	228826	3490
678	229503	4941
679	230181	8380
680	230860	11714
681	231540	3598
682	232221	29760
683	232903	19776
684	233586	19812
685	234270	20298
686	234955	17362
687	235641	20006
688	236328	24452
689	237016	4253
690	237705	22645
691	238395	5208
692	239086	4256
693	239778	32138
694	240471	5472
695	241165	4236
696	241860	4422
697	242556	5070
698	243253	19599
699	243951	16732
700	244650	20316
701	245350	34809
702	246051	10550
703	246753	24184
704	247456	21853
705	248160	5953
706	248865	36778
707	249571	10607
708	250278	4495
709	250986	4226
710	251695	41034
711	252405	3973
712	253116	6017
713	253828	15601
714	254541	24878
715	255255	5826
716	255970	20838
717	256686	8086
718	257403	26246
719	258121	6786
720	258840	31896
721	259560	4940
722	260281	29818
723	261003	16686
724	261726	4616
725	262450	41081
726	263175	22141
727	263901	32868
728	264628	4242
729	265356	4603
730	266085	4652
731	266815	37934
732	267546	27454
733	268278	18497
734	269011	20092
735	269745	5747
736	270480	12098
737	271216	20972
738	271953	6132
739	272691	38119
740	273430	5090
741	274170	6777
742	274911	4891
743	275653	40922
744	276396	6967
745	277140	51803
746	277885	5030
747	278631	33994
748	279378	18137
749	280126	4374
750	280875	5795
751	281625	31882
752	282376	26928
753	283128	5931
754	283881	39999
755	284635	40539
756	285390	27178
757	286146	7872
758	286903	28784
759	287661	32100
760	288420	37819
761	289180	4826
762	289941	42256
763	290703	7011
764	291466	17543
765	292230	6076
766	292995	40311
767	293761	8916
768	294528	40309
769	295296	6178
770	296065	47181
771	296835	5215
772	297606	6808
773	298378	5079
774	299151	6870
775	299925	6577
776	300700	52546
777	301476	5847
778	302253	5033
779	303031	35601
780	303810	5467
781	304590	42316
782	305371	5887
783	306153	6790
784	306936	5350
785	307720	5627
786	308505	6338
787	309291	44536
788	310078	43023
789	310866	5295
790	311655	11680
791	312445	36718
792	313236	5074
793	314028	6209
794	314821	6516
795	315615	44214
796	316410	25950
797	317206	6606
798	318003	5430
799	318801	49018
800	319600	6060
801	320400	41903
802	321201	9209
803	322003	5003
804	322806	25752
805	323610	48337
806	324415	17174
807	325221	5619
808	326028	26771
809	326836	44285
810	327645	31383
811	328455	22178
812	329266	6990
813	330078	23019
814	330891	47406
815	331705	42112
816	332520	7817
817	333336	7318
818	334153	33177
819	334971	16286
820	335790	6571
821	336610	6292
822	337431	15089
823	338253	45166
824	339076	28438
825	339900	6999
826	340725	8115
827	341551	8430
828	342378	38175
829	343206	32328
830	344035	7546
831	344865	6570
832	345696	41871
833	346528	33818
834	347361	5960
835	348195	20453
836	349030	8421
837	349866	6224
838	350703	5436
839	351541	16239
840	352380	51428
841	353220	8015
842	354061	8633
843	354903	12087
844	355746	43119
845	356590	6374
846	357435	39961
847	358281	6354
848	359128	7630
849	359976	10068
850	360825	6831
851	361675	50972
852	362526	43145
853	363378	6482
854	364231	23278
855	365085	8669
856	365940	5828
857	366796	7596
858	367653	35918
859	368511	32056
860	369370	6701
861	370230	51093
862	371091	8272
863	371953	7570
864	372816	53767
865	373680	6557
866	374545	51325
867	375411	8559
868	376278	7577
869	377146	7120
870	378015	7178
871	378885	52436
872	379756	7179
873	380628	48979
874	381501	6590
875	382375	30926
876	383250	34734
877	384126	46000
878	385003	34714
879	385881	9311
880	386760	9712
881	387640	7804
882	388521	39049
883	389403	9776
884	390286	25869
885	391170	24803
886	392055	14532
887	392941	10711
888	393828	9334
889	394716	46881
890	395605	45276
891	396495	36533
892	397386	6615
893	398278	10385
894	399171	36731
895	400065	8293
896	400960	11267
897	401856	7677
898	402753	37487
899	403651	8888
900	404550	21566
901	405450	7877
902	406351	24303
903	407253	37225
904	408156	7956
905	409060	71485
906	409965	8262
907	410871	60946
908	411778	9396
909	412686	23593
910	413595	20255
911	414505	58485
912	415416	10058
913	416328	35532
914	417241	16949
915	418155	8042
916	419070	54063
917	419986	31647
918	420903	8302
919	421821	35313
920	422740	31966
921	423660	11194
922	424581	42714
923	425503	11034
924	426426	47139
925	427350	36244
926	428275	9239
927	429201	49199
928	430128	9862
929	431056	44842
930	431985	48156
931	432915	10629
932	433846	53748
933	434778	14923
934	435711	44886
935	436645	8914
936	437580	45678
937	438516	8244
938	439453	69761
939	440391	8687
940	441330	51687
941	442270	67519
942	443211	10267
943	444153	39767
944	445096	9052
945	446040	23686
946	446985	32423
947	447931	22137
948	448878	9979
949	449826	57159
950	450775	33586
951	451725	8925
952	452676	7361
953	453628	63521
954	454581	17341
955	455535	8534
956	456490	95726
957	457446	31190
958	458403	17745
959	459361	12008
960	460320	10703
961	461280	34543
962	462241	11649
963	463203	63073
964	464166	8429
965	465130	54408
966	466095	70550
967	467061	36393
968	468028	11952
969	468996	9274
970	469965	9787
971	470935	8283
972	471906	67122
973	472878	14777
974	473851	66722
975	474825	8882
976	475800	9385
977	476776	71807
978	477753	67524
979	478731	14479
980	479710	9746
981	480690	10202
982	481671	56075
983	482653	10966
984	483636	9255
985	484620	9677
986	485605	64063
987	486591	9476
988	487578	9899
989	488566	9148
990	489555	10634
991	490545	43036
992	491536	36428
993	492528	8863
994	493521	10304
995	494515	10886
996	495510	71132
997	496506	27375
998	497503	12350
999	498501	42505
1000	499500	14493
1001	500500	34527
1002	501501	15693
1003	502503	11341
1004	503506	10556
1005	504510	40090
1006	505515	11135
1007	506521	10136
1008	507528	8799
1009	508536	9536
1010	509545	9633
1011	510555	10426
1012	511566	11272
1013	512578	15783
1014	513591	11828
1015	514605	15215
1016	515620	34895
1017	516636	40582
1018	517653	10910
1019	518671	10158
1020	519690	11065
1021	520710	19156
1022	521731	12461
1023	522753	12673
1024	523776	10924
1025	524800	45826
1026	525825	9904
1027	526851	11180
1028	527878	11161
1029	528906	11206
1030	529935	10421
1031	530965	8609
1032	531996	17008
1033	533028	11122
1034	534061	21371
1035	535095	12115
1036	536130	54333
1037	537166	11167
1038	538203	20332
1039	539241	47994
1040	540280	60750
1041	541320	10500
1042	542361	51949
1043	543403	12651
1044	544446	10274
1045	545490	22915
1046	546535	87995
1047	547581	49879
1048	548628	9459
1049	549676	46139
1050	550725	13375
1051	551775	9634
1052	552826	71155
1053	553878	10350
1054	554931	71519
1055	555985	13003
1056	557040	18660
1057	558096	13182
1058	559153	12675
1059	560211	15753
1060	561270	28618
1061	562330	56150
1062	563391	98438
1063	564453	87390
1064	565516	36660
1065	566580	74202
1066	567645	15089
1067	568711	10742
1068	569778	11925
1069	570846	12073
1070	571915	9522
1071	572985	10332
1072	574056	11220
1073	575128	23118
1074	576201	20623
1075	577275	11889
1076	578350	11877
1077	579426	13074
1078	580503	79438
1079	581581	10763
1080	582660	37282
1081	583740	31970
1082	584821	76303
1083	585903	56359
1084	586986	13450
1085	588070	23972
1086	589155	14578
1087	590241	80446
1088	591328	81585
1089	592416	68263
1090	593505	79413
1091	594595	10347
1092	595686	30946
1093	596778	52497
1094	597871	12401
1095	598965	78378
1096	600060	10008
1097	601156	76395
1098	602253	12806
1099	603351	13704
1100	604450	12971
1101	605550	12308
1102	606651	34362
1103	607753	102916
1104	608856	70225
1105	609960	33350
1106	611065	71450
1107	612171	69902
1108	613278	14038
1109	614386	55066
1110	615495	11080
1111	616605	22799
1112	617716	13379
1113	618828	49698
1114	619941	19250
1115	621055	54520
1116	622170	11891
1117	623286	12826
1118	624403	11614
1119	625521	65365
1120	626640	11784
1121	627760	63344
1122	628881	53927
1123	630003	41920
1124	631126	10891
1125	632250	16453
1126	633375	38155
1127	634501	37422
1128	635628	18787
1129	636756	51582
1130	637885	88055
1131	639015	29156
1132	640146	82297
1133	641278	22176
1134	642411	66345
1135	643545	79418
1136	644680	14933
1137	645816	87567
1138	646953	13904
1139	648091	11616
1140	649230	36383
1141	650370	84064
1142	651511	11204
1143	652653	13821
1144	653796	12961
1145	654940	14540
1146	656085	19907
1147	657231	63173
1148	658378	51634
1149	659526	70797
1150	660675	53341
1151	661825	79567
1152	662976	12875
1153	664128	12686
1154	665281	71264
1155	666435	77367
1156	667590	22831
1157	668746	14703
1158	669903	80992
1159	671061	18562
1160	672220	45507
1161	673380	72028
1162	674541	12730
1163	675703	88274
1164	676866	87525
1165	678030	14939
1166	679195	64906
1167	680361	13226
1168	681528	77916
1169	682696	66250
1170	683865	14198
1171	685035	93163
1172	686206	15127
1173	687378	89922
1174	688551	44321
1175	689725	91902
1176	690900	15431
1177	692076	32163
1178	693253	49074
1179	694431	89808
1180	695610	64807
1181	696790	14262
1182	697971	12794
1183	699153	16453
1184	700336	12449
1185	701520	52230
1186	702705	110152
1187	703891	101467
1188	705078	15577
1189	706266	12368
1190	707455	41735
1191	708645	36320
1192	709836	70452
1193	711028	53964
1194	712221	92607
1195	713415	17639
1196	714610	12406
1197	715806	15779
1198	717003	74054
1199	718201	12380
1200	719400	99610
1201	720600	52582
1202	721801	89400
1203	723003	11708
1204	724206	67731
1205	725410	84783
1206	726615	97149
1207	727821	79722
1208	729028	48161
1209	730236	12378
1210	731445	12284
1211	732655	16676
1212	733866	16062
1213	735078	14867
1214	736291	15310
1215	737505	14014
1216	738720	15253
1217	739936	14120
1218	741153	17487
1219	742371	14765
1220	743590	13649
1221	744810	17550
1222	746031	18199
1223	747253	14530
1224	748476	21106
1225	749700	13058
1226	750925	25250
1227	752151	27366
1228	753378	14533
1229	754606	41889
1230	755835	95322
1231	757065	113061
1232	758296	88289
1233	759528	13673
1234	760761	65748
1235	761995	14547
1236	763230	16084
1237	764466	58983
1238	765703	16824
1239	766941	105645
1240	768180	66946
1241	769420	17865
1242	770661	16816
1243	771903	90326
1244	773146	16051
1245	774390	97613
1246	775635	18816
1247	776881	15038
1248	778128	16751
1249	779376	38994
1250	780625	13142
1251	781875	100714
1252	783126	17542
1253	784378	22260
1254	785631	96010
1255	786885	15561
1256	788140	91698
1257	789396	109089
1258	790653	45924
1259	791911	103435
1260	793170	16139
1261	794430	16647
1262	795691	20634
1263	796953	26913
1264	798216	32161
1265	799480	37167
1266	800745	57433
1267	802011	103051
1268	803278	15331
1269	804546	78803
1270	805815	15642
1271	807085	62563
1272	808356	89010
1273	809628	49328
1274	810901	15875
1275	812175	14246
1276	813450	58035
1277	814726	102537
1278	816003	92984
1279	817281	61700
1280	818560	100568
1281	819840	15986
1282	821121	34824
1283	822403	98398
1284	823686	115758
1285	824970	49558
1286	826255	72988
1287	827541	60699
1288	828828	88307
1289	830116	90877
1290	831405	100013
1291	832695	17103
1292	833986	66285
1293	835278	63134
1294	836571	75112
1295	837865	110149
1296	839160	69990
1297	840456	20159
1298	841753	37725
1299	843051	87170
1300	844350	18228
1301	845650	69658
1302	846951	101536
1303	848253	29845
1304	849556	33044
1305	850860	79560
1306	852165	21454
1307	853471	19507
1308	854778	60959
1309	856086	56029
1310	857395	15078
1311	858705	73622
1312	860016	57569
1313	861328	86932
1314	862641	15040
1315	863955	39244
1316	865270	16223
1317	866586	51808
1318	867903	16039
1319	869221	39876
1320	870540	111562
1321	871860	17674
1322	873181	89969
1323	874503	17476
1324	875826	22839
1325	877150	18834
1326	878475	57313
1327	879801	78911
1328	881128	15942
1329	882456	112656
1330	883785	57607
1331	885115	16797
1332	886446	32777
1333	887778	16746
1334	889111	19534
1335	890445	16202
1336	891780	87684
1337	893116	104934
1338	894453	91559
1339	895791	116695
1340	897130	105034
1341	898470	21207
1342	899811	110350
1343	901153	48176
1344	902496	72936
1345	903840	109172
1346	905185	18371
1347	906531	70798
1348	907878	16879
1349	909226	19771
1350	910575	19757
1351	911925	15629
1352	913276	17131
1353	914628	18081
1354	915981	25464
1355	917335	19821
1356	918690	18502
1357	920046	18305
1358	921403	17995
1359	922761	20928
1360	924120	17733
1361	925480	91110
1362	926841	33530
1363	928203	21587
1364	929566	18262
1365	930930	22179
1366	932295	24054
1367	933661	47119
1368	935028	86701
1369	936396	20075
1370	937765	29466
1371	939135	17224
1372	940506	129319
1373	941878	45710
1374	943251	131111
1375	944625	114318
1376	946000	29552
1377	947376	122963
1378	948753	19575
1379	950131	127637
1380	951510	20344
1381	952890	29001
1382	954271	21021
1383	955653	32459
1384	957036	18851
1385	958420	38105
1386	959805	33067
1387	961191	123729
1388	962578	33460
1389	963966	126803
1390	965355	24784
1391	966745	115058
1392	968136	101010
1393	969528	20053
1394	970921	98535
1395	972315	17256
1396	973710	22984
1397	975106	96009
1398	976503	22283
1399	977901	79356
1400	979300	117582
1401	980700	32461
1402	982101	19949
1403	983503	19624
1404	984906	25227
1405	986310	24488
1406	987715	25504
1407	989121	21553
1408	990528	78530
1409	991936	128664
1410	993345	27153
1411	994755	62545
1412	996166	127548
1413	997578	115434
1414	998991	23580
1415	1000405	95763
1416	1001820	131714
1417	1003236	19028
1418	1004653	58199
1419	1006071	133015
1420	1007490	23825
1421	1008910	73836
1422	1010331	107083
1423	1011753	126537
1424	1013176	21757
1425	1014600	119926
1426	1016025	134070
1427	1017451	89998
1428	1018878	52146
1429	1020306	25269
1430	1021735	21190
1431	1023165	119364
1432	1024596	72171
1433	1026028	23891
1434	1027461	87422
1435	1028895	108886
1436	1030330	119334
1437	1031766	132875
1438	1033203	136139
1439	1034641	120109
1440	1036080	100189
1441	1037520	20118
1442	1038961	99043
1443	1040403	46300
1444	1041846	24927
1445	1043290	21675
1446	1044735	53250
1447	1046181	27597
1448	1047628	25262
1449	1049076	103061
1450	1050525	22017
1451	1051975	23212
1452	1053426	95893
1453	1054878	23275
1454	1056331	102380
1455	1057785	24909
1456	1059240	129982
1457	1060696	137018
1458	1062153	143004
1459	1063611	23924
1460	1065070	110936
1461	1066530	91836
1462	1067991	26399
1463	1069453	116650
1464	1070916	25471
1465	1072380	19272
1466	1073845	24165
1467	1075311	50874
1468	1076778	22452
1469	1078246	75489
1470	1079715	152342
1471	1081185	26801
1472	1082656	141284
1473	1084128	175480
1474	1085601	27982
1475	1087075	26710
1476	1088550	95614
1477	1090026	29209
1478	1091503	121312
1479	1092981	22089
1480	1094460	19275
1481	1095940	20356
1482	1097421	103847
1483	1098903	74112
1484	1100386	129516
1485	1101870	64552
1486	1103355	25910
1487	1104841	86579
1488	1106328	21701
1489	1107816	59592
1490	1109305	120495
1491	1110795	29504
1492	1112286	23674
1493	1113778	117277
1494	1115271	132347
1495	1116765	106796
1496	1118260	151418
1497	1119756	26796
1498	1121253	20416
1499	1122751	26657
1500	1124250	26374
1501	1125750	26786
1502	1127251	24090
1503	1128753	25411
1504	1130256	142415
1505	1131760	25608
1506	1133265	93780
1507	1134771	51541
1508	1136278	26780
1509	1137786	143289
1510	1139295	168175
1511	1140805	100472
1512	1142316	21731
1513	1143828	26394
1514	1145341	117071
1515	1146855	25573
1516	1148370	68374
1517	1149886	21743
1518	1151403	94242
1519	1152921	21644
1520	1154440	25427
1521	1155960	96977
1522	1157481	184034
1523	1159003	23879
1524	1160526	30644
1525	1162050	115580
1526	1163575	23196
1527	1165101	26621
1528	1166628	26325
1529	1168156	76431
1530	1169685	23401
1531	1171215	41437
1532	1172746	30326
1533	1174278	134718
1534	1175811	82968
1535	1177345	144128
1536	1178880	27640
1537	1180416	37802
1538	1181953	135860
1539	1183491	62636
1540	1185030	27681
1541	1186570	101976
1542	1188111	117665
1543	1189653	30582
1544	1191196	101557
1545	1192740	192591
1546	1194285	187414
1547	1195831	23287
1548	1197378	138878
1549	1198926	93733
1550	1200475	45737
1551	1202025	139366
1552	1203576	73935
1553	1205128	70302
1554	1206681	185580
1555	1208235	23429
1556	1209790	25171
1557	1211346	163534
1558	1212903	152763
1559	1214461	159308
1560	1216020	23344
1561	1217580	131690
1562	1219141	34481
1563	1220703	30032
1564	1222266	24978
1565	1223830	24456
1566	1225395	44751
1567	1226961	88032
1568	1228528	26878
1569	1230096	57652
1570	1231665	129469
1571	1233235	113463
1572	1234806	179304
1573	1236378	30275
1574	1237951	122090
1575	1239525	31771
1576	1241100	100271
1577	1242676	183159
1578	1244253	28999
1579	1245831	27659
1580	1247410	41760
1581	1248990	31356
1582	1250571	59212
1583	1252153	32616
1584	1253736	31352
1585	1255320	43955
1586	1256905	171388
1587	1258491	163582
1588	1260078	102527
1589	1261666	166456
1590	1263255	32750
1591	1264845	91539
1592	1266436	137120
1593	1268028	25584
1594	1269621	146765
1595	1271215	26524
1596	1272810	164478
1597	1274406	25977
1598	1276003	106497
1599	1277601	44474
1600	1279200	24926
1601	1280800	75501
1602	1282401	71296
1603	1284003	27318
1604	1285606	133733
1605	1287210	30308
1606	1288815	26960
1607	1290421	187432
1608	1292028	60100
1609	1293636	157225
1610	1295245	177417
1611	1296855	23159
1612	1298466	172626
1613	1300078	27686
1614	1301691	93061
1615	1303305	114683
1616	1304920	67363
1617	1306536	170830
1618	1308153	108736
1619	1309771	89546
1620	1311390	26283
1621	1313010	42461
1622	1314631	97587
1623	1316253	152539
1624	1317876	157867
1625	1319500	183929
1626	1321125	154826
1627	1322751	105094
1628	1324378	27767
1629	1326006	165683
1630	1327635	24200
1631	1329265	161993
1632	1330896	24453
1633	1332528	133244
1634	1334161	85433
1635	1335795	163656
1636	1337430	32301
1637	1339066	81804
1638	1340703	193238
1639	1342341	30576
1640	1343980	27768
1641	1345620	56972
1642	1347261	23250
1643	1348903	60277
1644	1350546	29939
1645	1352190	29680
1646	1353835	83510
1647	1355481	26531
1648	1357128	110538
1649	1358776	234561
1650	1360425	33739
1651	1362075	188823
1652	1363726	202996
1653	1365378	30828
1654	1367031	44314
1655	1368685	32701
1656	1370340	41329
1657	1371996	160018
1658	1373653	161583
1659	1375311	38541
1660	1376970	104895
1661	1378630	24523
1662	1380291	25609
1663	1381953	184040
1664	1383616	127318
1665	1385280	27884
1666	1386945	67287
1667	1388611	140293
1668	1390278	122847
1669	1391946	29434
1670	1393615	30557
1671	1395285	181255
1672	1396956	31747
1673	1398628	140454
1674	1400301	34519
1675	1401975	25377
1676	1403650	32243
1677	1405326	68241
1678	1407003	28054
1679	1408681	46155
1680	1410360	61149
1681	1412040	31498
1682	1413721	142144
1683	1415403	27552
1684	1417086	142147
1685	1418770	32784
1686	1420455	167960
1687	1422141	35516
1688	1423828	31140
1689	1425516	29963
1690	1427205	23103
1691	1428895	24419
1692	1430586	53562
1693	1432278	208118
1694	1433971	38126
1695	1435665	88046
1696	1437360	92759
1697	1439056	137992
1698	1440753	55076
1699	1442451	185253
1700	1444150	146865
1701	1445850	29323
1702	1447551	30080
1703	1449253	146510
1704	1450956	122331
1705	1452660	25394
1706	1454365	185373
1707	1456071	26025
1708	1457778	104972
1709	1459486	33813
1710	1461195	42935
1711	1462905	35226
1712	1464616	28833
1713	1466328	193844
1714	1468041	133800
1715	1469755	158208
1716	1471470	38811
1717	1473186	34979
1718	1474903	174696
1719	1476621	96192
1720	1478340	26411
1721	1480060	58695
1722	1481781	122124
1723	1483503	123576
1724	1485226	176576
1725	1486950	35992
1726	1488675	175647
1727	1490401	34632
1728	1492128	31722
1729	1493856	28678
1730	1495585	31795
1731	1497315	47095
1732	1499046	31946
1733	1500778	208828
1734	1502511	134856
1735	1504245	169487
1736	1505980	31063
1737	1507716	207288
1738	1509453	31994
1739	1511191	69400
1740	1512930	39284
1741	1514670	40838
1742	1516411	34112
1743	1518153	84825
1744	1519896	27918
1745	1521640	30041
1746	1523385	31756
1747	1525131	28641
1748	1526878	87404
1749	1528626	35307
1750	1530375	87674
1751	1532125	34098
1752	1533876	209204
1753	1535628	226687
1754	1537381	39259
1755	1539135	184153
1756	1540890	37114
1757	1542646	92391
1758	1544403	56845
1759	1546161	31871
1760	1547920	135838
1761	1549680	32091
1762	1551441	203093
1763	1553203	29639
1764	1554966	147158
1765	1556730	112507
1766	1558495	26280
1767	1560261	37540
1768	1562028	156447
1769	1563796	36423
1770	1565565	130234
1771	1567335	219465
1772	1569106	33218
1773	1570878	66164
1774	1572651	30121
1775	1574425	81643
1776	1576200	28259
1777	1577976	35311
1778	1579753	33195
1779	1581531	134800
1780	1583310	35747
1781	1585090	180532
1782	1586871	215248
1783	1588653	31083
1784	1590436	89719
1785	1592220	85374
1786	1594005	33934
1787	1595791	34847
1788	1597578	118848
1789	1599366	85033
1790	1601155	219897
1791	1602945	165742
1792	1604736	117901
1793	1606528	223273
1794	1608321	53732
1795	1610115	205746
1796	1611910	31914
1797	1613706	39738
1798	1615503	121760
1799	1617301	141390
1800	1619100	166890
1801	1620900	43199
1802	1622701	36340
1803	1624503	114515
1804	1626306	203042
1805	1628110	38250
1806	1629915	216352
1807	1631721	241290
1808	1633528	47952
1809	1635336	66920
1810	1637145	173390
1811	1638955	144980
1812	1640766	188269
1813	1642578	40007
1814	1644391	146396
1815	1646205	116647
1816	1648020	120238
1817	1649836	57089
1818	1651653	194354
1819	1653471	40447
1820	1655290	196579
1821	1657110	34717
1822	1658931	96728
1823	1660753	34095
1824	1662576	36092
1825	1664400	120900
1826	1666225	72171
1827	1668051	181407
1828	1669878	91100
1829	1671706	157561
1830	1673535	39749
1831	1675365	160480
1832	1677196	218604
1833	1679028	36671
1834	1680861	194928
1835	1682695	153191
1836	1684530	44946
1837	1686366	249729
1838	1688203	127942
1839	1690041	39361
1840	1691880	192032
1841	1693720	41947
1842	1695561	131731
1843	1697403	63100
1844	1699246	184183
1845	1701090	229904
1846	1702935	216651
1847	1704781	30993
1848	1706628	106537
1849	1708476	217226
1850	1710325	46320
1851	1712175	66380
1852	1714026	39532
1853	1715878	142698
1854	1717731	211077
1855	1719585	263204
1856	1721440	67668
1857	1723296	134909
1858	1725153	177112
1859	1727011	42963
1860	1728870	225267
1861	1730730	36947
1862	1732591	178016
1863	1734453	31137
1864	1736316	47603
1865	1738180	215782
1866	1740045	41858
1867	1741911	34334
1868	1743778	182036
1869	1745646	40876
1870	1747515	40644
1871	1749385	189237
1872	1751256	39296
1873	1753128	181791
1874	1755001	39925
1875	1756875	174669
1876	1758750	34002
1877	1760626	157558
1878	1762503	224435
1879	1764381	35445
1880	1766260	40008
1881	1768140	41435
1882	1770021	46363
1883	1771903	43779
1884	1773786	37629
1885	1775670	36758
1886	1777555	38569
1887	1779441	86166
1888	1781328	41473
1889	1783216	43752
1890	1785105	39880
1891	1786995	239401
1892	1788886	264458
1893	1790778	45540
1894	1792671	228249
1895	1794565	41761
1896	1796460	39462
1897	1798356	226625
1898	1800253	48554
1899	1802151	237482
1900	1804050	33681
1901	1805950	34942
1902	1807851	36985
1903	1809753	237287
1904	1811656	45523
1905	1813560	242684
1906	1815465	48371
1907	1817371	107528
1908	1819278	34272
1909	1821186	41609
1910	1823095	44082
1911	1825005	43556
1912	1826916	43284
1913	1828828	44742
1914	1830741	43332
1915	1832655	46834
1916	1834570	40339
1917	1836486	86147
1918	1838403	210267
1919	1840321	46749
1920	1842240	50420
1921	1844160	53985
1922	1846081	125406
1923	1848003	41846
1924	1849926	56078
1925	1851850	40608
1926	1853775	39720
1927	1855701	45969
1928	1857628	245412
1929	1859556	267402
1930	1861485	49240
1931	1863415	45060
1932	1865346	42222
1933	1867278	150530
1934	1869211	85518
1935	1871145	133286
1936	1873080	42961
1937	1875016	55839
1938	1876953	235185
1939	1878891	69988
1940	1880830	192641
1941	1882770	39196
1942	1884711	49341
1943	1886653	230505
1944	1888596	42246
1945	1890540	98011
1946	1892485	84310
1947	1894431	45833
1948	1896378	43664
1949	1898326	59748
1950	1900275	186338
1951	1902225	53147
1952	1904176	45865
1953	1906128	42166
1954	1908081	55192
1955	1910035	99859
1956	1911990	91154
1957	1913946	239223
1958	1915903	37415
1959	1917861	119410
1960	1919820	214283
1961	1921780	51476
1962	1923741	200381
1963	1925703	124436
1964	1927666	98030
1965	1929630	40533
1966	1931595	43795
1967	1933561	120289
1968	1935528	137906
1969	1937496	71585
1970	1939465	105778
1971	1941435	46411
1972	1943406	36961
1973	1945378	42990
1974	1947351	262251
1975	1949325	226981
1976	1951300	60602
1977	1953276	244051
1978	1955253	43719
1979	1957231	171066
1980	1959210	185696
1981	1961190	45840
1982	1963171	38240
1983	1965153	123840
1984	1967136	47682
1985	1969120	208387
1986	1971105	205736
1987	1973091	181277
1988	1975078	43081
1989	1977066	41141
1990	1979055	130717
1991	1981045	229623
1992	1983036	45493
1993	1985028	196173
1994	1987021	135806
1995	1989015	210988
1996	1991010	191274
1997	1993006	93640
1998	1995003	76732
1999	1997001	44261
2000	1999000	267631
2001	2001000	173709
2002	2003001	72391
2003	2005003	142546
2004	2007006	46461
2005	2009010	124379
2006	2011015	47834
2007	2013021	194780
2008	2015028	265804
2009	2017036	274588
2010	2019045	36864
2011	2021055	260644
2012	2023066	295481
2013	2025078	301380
2014	2027091	51184
2015	2029105	46719
2016	2031120	207586
2017	2033136	119388
2018	2035153	220709
2019	2037171	62934
2020	2039190	69142
2021	2041210	124797
2022	2043231	278065
2023	2045253	225315
2024	2047276	46725
2025	2049300	132993
2026	2051325	281603
2027	2053351	283356
2028	2055378	270925
2029	2057406	48605
2030	2059435	44432
2031	2061465	270942
2032	2063496	221471
2033	2065528	44831
2034	2067561	136682
2035	2069595	87251
2036	2071630	39305
2037	2073666	62210
2038	2075703	75178
2039	2077741	176058
2040	2079780	94412
2041	2081820	154410
2042	2083861	51570
2043	2085903	271916
2044	2087946	46268
2045	2089990	239764
2046	2092035	273309
2047	2094081	101540
2048	2096128	321429
2049	2098176	333050
2050	2100225	253866
2051	2102275	52107
2052	2104326	145010
2053	2106378	41021
2054	2108431	261579
2055	2110485	75991
2056	2112540	176449
2057	2114596	275588
2058	2116653	41800
2059	2118711	48333
2060	2120770	181848
2061	2122830	217751
2062	2124891	88976
2063	2126953	312318
2064	2129016	224677
2065	2131080	281299
2066	2133145	52180
2067	2135211	36975
2068	2137278	277356
2069	2139346	283549
2070	2141415	299029
2071	2143485	365282
2072	2145556	56703
2073	2147628	274514
2074	2149701	180987
2075	2151775	205952
2076	2153850	133851
2077	2155926	245108
2078	2158003	45217
2079	2160081	141465
2080	2162160	45449
2081	2164240	283847
2082	2166321	306505
2083	2168403	54648
2084	2170486	47884
2085	2172570	47244
2086	2174655	47500
2087	2176741	41485
2088	2178828	42740
2089	2180916	58351
2090	2183005	48367
2091	2185095	42234
2092	2187186	190069
2093	2189278	237819
2094	2191371	287858
2095	2193465	46980
2096	2195560	42075
2097	2197656	46136
2098	2199753	47753
2099	2201851	291485
2100	2203950	93356
2101	2206050	51035
2102	2208151	46858
2103	2210253	60873
2104	2212356	52836
2105	2214460	41185
2106	2216565	59266
2107	2218671	52521
2108	2220778	45526
2109	2222886	42896
2110	2224995	49941
2111	2227105	302124
2112	2229216	183453
2113	2231328	232534
2114	2233441	304533
2115	2235555	76173
2116	2237670	40613
2117	2239786	52151
2118	2241903	48785
2119	2244021	98242
2120	2246140	45757
2121	2248260	55389
2122	2250381	41648
2123	2252503	69406
2124	2254626	46953
2125	2256750	112742
2126	2258875	46382
2127	2261001	56063
2128	2263128	311132
2129	2265256	360842
2130	2267385	47064
2131	2269515	53862
2132	2271646	47375
2133	2273778	82206
2134	2275911	54041
2135	2278045	61721
2136	2280180	51142
2137	2282316	94274
2138	2284453	50715
2139	2286591	78404
2140	2288730	304122
2141	2290870	42639
2142	2293011	319188
2143	2295153	40845
2144	2297296	60069
2145	2299440	53264
2146	2301585	53116
2147	2303731	56627
2148	2305878	56326
2149	2308026	82603
2150	2310175	218245
2151	2312325	289875
2152	2314476	210388
2153	2316628	322813
2154	2318781	54367
2155	2320935	84670
2156	2323090	48705
2157	2325246	45141
2158	2327403	56025
2159	2329561	57047
2160	2331720	158952
2161	2333880	107395
2162	2336041	53351
2163	2338203	164704
2164	2340366	333567
2165	2342530	56702
2166	2344695	101553
2167	2346861	140815
2168	2349028	334870
2169	2351196	340297
2170	2353365	258965
2171	2355535	61408
2172	2357706	308012
2173	2359878	56636
2174	2362051	88130
2175	2364225	216874
2176	2366400	51215
2177	2368576	51713
2178	2370753	52509
2179	2372931	133922
2180	2375110	317319
2181	2377290	53703
2182	2379471	317158
2183	2381653	51919
2184	2383836	260948
2185	2386020	52937
2186	2388205	190413
2187	2390391	235605
2188	2392578	63465
2189	2394766	264262
2190	2396955	54299
2191	2399145	61696
2192	2401336	44374
2193	2403528	54966
2194	2405721	46083
2195	2407915	66507
2196	2410110	336439
2197	2412306	328088
2198	2414503	61233
2199	2416701	57436
2200	2418900	91541
2201	2421100	246716
2202	2423301	199577
2203	2425503	94483
2204	2427706	331691
2205	2429910	135553
2206	2432115	196454
2207	2434321	300042
2208	2436528	50133
2209	2438736	57597
2210	2440945	82157
2211	2443155	252312
2212	2445366	56311
2213	2447578	225765
2214	2449791	63709
2215	2452005	120344
2216	2454220	284072
2217	2456436	50931
2218	2458653	192542
2219	2460871	337967
2220	2463090	45222
2221	2465310	164446
2222	2467531	348558
2223	2469753	55875
2224	2471976	182036
2225	2474200	43899
2226	2476425	54392
2227	2478651	48291
2228	2480878	166302
2229	2483106	53110
2230	2485335	54636
2231	2487565	259312
2232	2489796	85034
2233	2492028	53917
2234	2494261	235386
2235	2496495	117347
2236	2498730	80404
2237	2500966	284178
2238	2503203	125244
2239	2505441	106519
2240	2507680	265669
2241	2509920	373962
2242	2512161	58490
2243	2514403	250738
2244	2516646	250740
2245	2518890	203700
2246	2521135	152186
2247	2523381	247024
2248	2525628	274275
2249	2527876	53443
2250	2530125	232800
2251	2532375	87850
2252	2534626	54159
2253	2536878	259893
2254	2539131	240266
2255	2541385	189505
2256	2543640	243902
2257	2545896	340807
2258	2548153	351009
2259	2550411	129029
2260	2552670	52885
2261	2554930	70119
2262	2557191	197433
2263	2559453	333689
2264	2561716	47968
2265	2563980	60121
2266	2566245	109810
2267	2568511	58688
2268	2570778	185804
2269	2573046	158365
2270	2575315	269866
2271	2577585	348881
2272	2579856	344524
2273	2582128	165369
2274	2584401	259959
2275	2586675	54696
2276	2588950	171272
2277	2591226	167968
2278	2593503	130011
2279	2595781	364606
2280	2598060	158705
2281	2600340	192835
2282	2602621	58042
2283	2604903	191111
2284	2607186	277520
2285	2609470	72957
2286	2611755	56313
2287	2614041	50132
2288	2616328	77773
2289	2618616	209037
2290	2620905	347676
2291	2623195	58997
2292	2625486	293454
2293	2627778	51406
2294	2630071	349994
2295	2632365	50666
2296	2634660	186264
2297	2636956	405085
2298	2639253	368281
2299	2641551	49844
2300	2643850	287543
2301	2646150	325334
2302	2648451	270740
2303	2650753	350132
2304	2653056	328743
2305	2655360	302689
2306	2657665	74863
2307	2659971	47555
2308	2662278	68323
2309	2664586	302856
2310	2666895	52183
2311	2669205	363205
2312	2671516	53512
2313	2673828	133990
2314	2676141	359426
2315	2678455	61142
2316	2680770	91583
2317	2683086	162114
2318	2685403	58863
2319	2687721	327847
2320	2690040	64749
2321	2692360	322682
2322	2694681	373356
2323	2697003	373451
2324	2699326	430708
2325	2701650	293589
2326	2703975	374549
2327	2706301	362777
2328	2708628	405621
2329	2710956	408037
2330	2713285	349740
2331	2715615	58657
2332	2717946	56942
2333	2720278	277760
2334	2722611	57726
2335	2724945	363189
2336	2727280	256171
2337	2729616	67422
2338	2731953	80052
2339	2734291	60026
2340	2736630	58861
2341	2738970	61382
2342	2741311	60584
2343	2743653	78764
2344	2745996	62881
2345	2748340	62526
2346	2750685	375757
2347	2753031	60820
2348	2755378	56890
2349	2757726	59828
2350	2760075	83358
2351	2762425	61528
2352	2764776	57225
2353	2767128	362389
2354	2769481	64843
2355	2771835	64107
2356	2774190	61368
2357	2776546	72440
2358	2778903	56181
2359	2781261	392012
2360	2783620	138791
2361	2785980	61084
2362	2788341	134088
2363	2790703	60064
2364	2793066	54320
2365	2795430	394481
2366	2797795	337923
2367	2800161	60796
2368	2802528	394753
2369	2804896	238644
2370	2807265	378116
2371	2809635	409823
2372	2812006	366954
2373	2814378	292922
2374	2816751	56420
2375	2819125	348195
2376	2821500	63030
2377	2823876	382593
2378	2826253	61966
2379	2828631	274211
2380	2831010	68154
2381	2833390	65519
2382	2835771	98719
2383	2838153	71426
2384	2840536	180111
2385	2842920	393631
2386	2845305	61621
2387	2847691	72437
2388	2850078	355673
2389	2852466	295151
2390	2854855	310798
2391	2857245	187201
2392	2859636	156354
2393	2862028	98475
2394	2864421	307947
2395	2866815	64315
2396	2869210	53144
2397	2871606	372034
2398	2874003	59049
2399	2876401	70091
2400	2878800	68039
2401	2881200	69259
2402	2883601	63131
2403	2886003	66045
2404	2888406	69722
2405	2890810	249558
2406	2893215	267281
2407	2895621	253681
2408	2898028	214330
2409	2900436	400510
2410	2902845	76286
2411	2905255	245878
2412	2907666	64784
2413	2910078	106875
2414	2912491	68327
2415	2914905	344787
2416	2917320	71210
2417	2919736	94453
2418	2922153	53928
2419	2924571	370058
2420	2926990	411018
2421	2929410	101783
2422	2931831	58042
2423	2934253	315468
2424	2936676	64950
2425	2939100	113890
2426	2941525	194301
2427	2943951	368299
2428	2946378	238741
2429	2948806	84153
2430	2951235	68977
2431	2953665	62983
2432	2956096	143252
2433	2958528	328898
2434	2960961	347474
2435	2963395	69329
2436	2965830	202620
2437	2968266	115772
2438	2970703	71345
2439	2973141	68796
2440	2975580	108846
2441	2978020	206261
2442	2980461	200361
2443	2982903	159314
2444	2985346	298901
2445	2987790	355900
2446	2990235	69721
2447	2992681	63762
2448	2995128	132979
2449	2997576	410548
2450	3000025	409726
2451	3002475	166124
2452	3004926	72953
2453	3007378	378382
2454	3009831	53682
2455	3012285	72696
2456	3014740	62054
2457	3017196	191127
2458	3019653	244741
2459	3022111	98475
2460	3024570	71538
2461	3027030	69959
2462	3029491	209987
2463	3031953	79238
2464	3034416	73933
2465	3036880	322446
2466	3039345	81390
2467	3041811	306032
2468	3044278	393269
2469	3046746	346294
2470	3049215	75928
2471	3051685	293403
2472	3054156	319921
2473	3056628	173716
2474	3059101	266981
2475	3061575	431062
2476	3064050	311723
2477	3066526	74460
2478	3069003	264139
2479	3071481	66900
2480	3073960	159297
2481	3076440	74431
2482	3078921	58584
2483	3081403	99079
2484	3083886	68906
2485	3086370	283761
2486	3088855	248034
2487	3091341	334923
2488	3093828	325907
2489	3096316	78671
2490	3098805	71608
2491	3101295	316954
2492	3103786	380866
2493	3106278	81175
2494	3108771	114418
2495	3111265	443096
2496	3113760	296661
2497	3116256	71770
2498	3118753	205865
2499	3121251	291507
2500	3123750	67962
2501	3126250	84588
2502	3128751	63636
2503	3131253	345502
2504	3133756	74756
2505	3136260	73872
2506	3138765	330835
2507	3141271	64009
2508	3143778	409574
2509	3146286	70968
2510	3148795	386684
2511	3151305	271798
2512	3153816	75457
2513	3156328	64136
2514	3158841	101714
2515	3161355	69116
2516	3163870	300627
2517	3166386	456289
2518	3168903	273285
2519	3171421	496624
2520	3173940	326254
2521	3176460	179410
2522	3178981	76265
2523	3181503	297023
2524	3184026	102649
2525	3186550	254097
2526	3189075	405019
2527	3191601	462576
2528	3194128	147591
2529	3196656	70087
2530	3199185	418446
2531	3201715	297446
2532	3204246	283695
2533	3206778	69175
2534	3209311	364117
2535	3211845	392797
2536	3214380	151355
2537	3216916	304927
2538	3219453	396899
2539	3221991	68031
2540	3224530	273042
2541	3227070	66609
2542	3229611	75799
2543	3232153	285731
2544	3234696	76262
2545	3237240	395490
2546	3239785	121260
2547	3242331	127768
2548	3244878	352737
2549	3247426	94264
2550	3249975	64169
2551	3252525	251498
2552	3255076	73992
2553	3257628	147391
2554	3260181	69950
2555	3262735	407725
2556	3265290	74211
2557	3267846	72908
2558	3270403	280137
2559	3272961	302418
2560	3275520	320196
2561	3278080	477297
2562	3280641	107805
2563	3283203	399570
2564	3285766	201811
2565	3288330	68667
2566	3290895	383682
2567	3293461	60151
2568	3296028	314661
2569	3298596	143564
2570	3301165	81175
2571	3303735	454435
2572	3306306	88018
2573	3308878	148524
2574	3311451	105105
2575	3314025	420877
2576	3316600	88329
2577	3319176	69071
2578	3321753	84905
2579	3324331	65362
2580	3326910	60584
2581	3329490	261351
2582	3332071	464997
2583	3334653	550005
2584	3337236	71017
2585	3339820	79433
2586	3342405	73381
2587	3344991	73138
2588	3347578	286531
2589	3350166	277326
2590	3352755	164528
2591	3355345	128572
2592	3357936	454990
2593	3360528	496478
2594	3363121	418606
2595	3365715	80763
2596	3368310	364792
2597	3370906	73729
2598	3373503	80717
2599	3376101	157772
2600	3378700	67297
2601	3381300	121745
2602	3383901	467167
2603	3386503	359988
2604	3389106	74759
2605	3391710	67848
2606	3394315	83838
2607	3396921	78894
2608	3399528	78490
2609	3402136	469127
2610	3404745	74909
2611	3407355	73464
2612	3409966	69770
2613	3412578	478030
2614	3415191	94212
2615	3417805	67518
2616	3420420	118618
2617	3423036	71445
2618	3425653	98447
2619	3428271	85944
2620	3430890	126106
2621	3433510	74515
2622	3436131	85568
2623	3438753	79655
2624	3441376	83991
2625	3444000	75373
2626	3446625	74960
2627	3449251	80521
2628	3451878	85200
2629	3454506	83127
2630	3457135	84959
2631	3459765	83854
2632	3462396	86058
2633	3465028	106805
2634	3467661	79012
2635	3470295	390379
2636	3472930	79831
2637	3475566	77237
2638	3478203	193032
2639	3480841	443729
2640	3483480	85992
2641	3486120	73013
2642	3488761	78672
2643	3491403	74934
2644	3494046	82215
2645	3496690	77656
2646	3499335	75660
2647	3501981	74871
2648	3504628	341909
2649	3507276	74420
2650	3509925	86386
2651	3512575	77514
2652	3515226	99985
2653	3517878	78768
2654	3520531	141798
2655	3523185	74855
2656	3525840	65019
2657	3528496	405124
2658	3531153	109912
2659	3533811	100295
2660	3536470	463859
2661	3539130	79372
2662	3541791	78026
2663	3544453	441019
2664	3547116	77198
2665	3549780	488306
2666	3552445	130897
2667	3555111	379782
2668	3557778	79845
2669	3560446	89510
2670	3563115	363834
2671	3565785	480129
2672	3568456	205276
2673	3571128	83062
2674	3573801	78330
2675	3576475	562349
2676	3579150	75610
2677	3581826	297407
2678	3584503	459192
2679	3587181	85943
2680	3589860	132247
2681	3592540	110209
2682	3595221	154556
2683	3597903	110048
2684	3600586	98678
2685	3603270	87479
2686	3605955	103881
2687	3608641	77681
2688	3611328	492746
2689	3614016	84061
2690	3616705	390787
2691	3619395	79795
2692	3622086	73114
2693	3624778	484343
2694	3627471	81751
2695	3630165	82925
2696	3632860	411527
2697	3635556	83236
2698	3638253	81041
2699	3640951	89654
2700	3643650	434508
2701	3646350	70911
2702	3649051	447244
2703	3651753	83283
2704	3654456	392467
2705	3657160	77765
2706	3659865	81534
2707	3662571	208576
2708	3665278	91412
2709	3667986	336718
2710	3670695	93839
2711	3673405	82942
2712	3676116	422335
2713	3678828	82399
2714	3681541	206306
2715	3684255	511584
2716	3686970	90416
2717	3689686	164830
2718	3692403	158587
2719	3695121	88111
2720	3697840	376482
2721	3700560	311755
2722	3703281	197817
2723	3706003	89581
2724	3708726	84945
2725	3711450	490136
2726	3714175	84878
2727	3716901	457295
2728	3719628	80282
2729	3722356	247432
2730	3725085	127492
2731	3727815	76782
2732	3730546	189324
2733	3733278	108279
2734	3736011	431270
2735	3738745	82901
2736	3741480	101994
2737	3744216	385437
2738	3746953	318361
2739	3749691	200544
2740	3752430	267856
2741	3755170	87177
2742	3757911	89094
2743	3760653	516794
2744	3763396	651212
2745	3766140	111516
2746	3768885	513455
2747	3771631	189059
2748	3774378	260876
2749	3777126	450523
2750	3779875	82851
2751	3782625	94774
2752	3785376	90349
2753	3788128	303319
2754	3790881	375927
2755	3793635	630756
2756	3796390	290795
2757	3799146	491281
2758	3801903	503971
2759	3804661	558381
2760	3807420	91202
2761	3810180	281449
2762	3812941	92499
2763	3815703	560129
2764	3818466	389314
2765	3821230	539145
2766	3823995	418681
2767	3826761	394367
2768	3829528	456367
2769	3832296	292399
2770	3835065	366947
2771	3837835	318213
2772	3840606	728983
2773	3843378	363428
2774	3846151	616005
2775	3848925	344823
2776	3851700	367428
2777	3854476	522414
2778	3857253	529470
2779	3860031	731972
2780	3862810	96892
2781	3865590	619487
2782	3868371	275894
2783	3871153	626220
2784	3873936	161147
2785	3876720	413396
2786	3879505	549162
2787	3882291	111377
2788	3885078	419943
2789	3887866	109244
2790	3890655	466752
2791	3893445	546628
2792	3896236	760150
2793	3899028	620728
2794	3901821	554595
2795	3904615	415229
2796	3907410	278055
2797	3910206	621381
2798	3913003	186115
2799	3915801	410285
2800	3918600	863012
2801	3921400	251661
2802	3924201	531851
2803	3927003	102683
2804	3929806	191668
2805	3932610	213830
2806	3935415	119452
2807	3938221	369624
2808	3941028	503376
2809	3943836	97794
2810	3946645	100480
2811	3949455	351838
2812	3952266	99212
2813	3955078	418101
2814	3957891	105404
2815	3960705	631608
2816	3963520	768712
2817	3966336	941156
2818	3969153	691807
2819	3971971	369894
2820	3974790	787205
2821	3977610	683809
2822	3980431	292844
2823	3983253	73661
2824	3986076	449275
2825	3988900	373216
2826	3991725	153172
2827	3994551	475016
2828	3997378	734755
2829	4000206	146357
2830	4003035	545355
2831	4005865	98158
2832	4008696	134230
2833	4011528	687290
2834	4014361	429079
2835	4017195	649893
2836	4020030	618233
2837	4022866	110322
2838	4025703	221843
2839	4028541	437245
2840	4031380	483796
2841	4034220	194262
2842	4037061	733244
2843	4039903	115921
2844	4042746	667276
2845	4045590	693637
2846	4048435	486680
2847	4051281	256474
2848	4054128	599090
2849	4056976	727941
2850	4059825	712349
2851	4062675	373167
2852	4065526	491999
2853	4068378	103108
2854	4071231	769706
2855	4074085	244424
2856	4076940	484367
2857	4079796	92172
2858	4082653	153475
2859	4085511	153916
2860	4088370	415212
2861	4091230	640141
2862	4094091	1029625
2863	4096953	513757
2864	4099816	724778
2865	4102680	690877
2866	4105545	648220
2867	4108411	444778
2868	4111278	385163
2869	4114146	404874
2870	4117015	163568
2871	4119885	420459
2872	4122756	627387
2873	4125628	126042
2874	4128501	853102
2875	4131375	774874
2876	4134250	716184
2877	4137126	263699
2878	4140003	608940
2879	4142881	619913
2880	4145760	605729
2881	4148640	641281
2882	4151521	562165
2883	4154403	95561
2884	4157286	446067
2885	4160170	505746
2886	4163055	491940
2887	4165941	488817
2888	4168828	472854
2889	4171716	95755
2890	4174605	452480
2891	4177495	702874
2892	4180386	249584
2893	4183278	593121
2894	4186171	387829
2895	4189065	555052
2896	4191960	100103
2897	4194856	221473
2898	4197753	500557
2899	4200651	748714
2900	4203550	625039
2901	4206450	397349
2902	4209351	679400
2903	4212253	811765
2904	4215156	759541
2905	4218060	528235
2906	4220965	140936
2907	4223871	259998
2908	4226778	816529
2909	4229686	358492
2910	4232595	296344
2911	4235505	564098
2912	4238416	461399
2913	4241328	582906
2914	4244241	132805
2915	4247155	683252
2916	4250070	764069
2917	4252986	205461
2918	4255903	130227
2919	4258821	590179
2920	4261740	463525
2921	4264660	416081
2922	4267581	701538
2923	4270503	180213
2924	4273426	113974
2925	4276350	106366
2926	4279275	122986
2927	4282201	527664
2928	4285128	531566
2929	4288056	474984
2930	4290985	973257
2931	4293915	473416
2932	4296846	573900
2933	4299778	116536
2934	4302711	626735
2935	4305645	661576
2936	4308580	1089832
2937	4311516	935794
2938	4314453	684957
2939	4317391	258642
2940	4320330	435218
2941	4323270	516796
2942	4326211	487064
2943	4329153	116518
2944	4332096	582499
2945	4335040	274029
2946	4337985	192306
2947	4340931	97174
2948	4343878	594107
2949	4346826	300284
2950	4349775	330405
2951	4352725	99562
2952	4355676	120722
2953	4358628	654816
2954	4361581	250672
2955	4364535	551617
2956	4367490	487371
2957	4370446	769515
2958	4373403	257206
2959	4376361	516454
2960	4379320	615896
2961	4382280	469708
2962	4385241	478632
2963	4388203	483181
2964	4391166	994150
2965	4394130	511184
2966	4397095	314373
2967	4400061	122870
2968	4403028	117588
2969	4405996	115422
2970	4408965	98421
2971	4411935	107397
2972	4414906	109829
2973	4417878	116331
2974	4420851	126611
2975	4423825	219799
2976	4426800	149726
2977	4429776	112581
2978	4432753	125336
2979	4435731	230342
2980	4438710	178410
2981	4441690	92546
2982	4444671	85004
2983	4447653	444237
2984	4450636	494937
2985	4453620	524070
2986	4456605	685346
2987	4459591	649446
2988	4462578	309661
2989	4465566	498887
2990	4468555	641196
2991	4471545	577972
2992	4474536	526005
2993	4477528	377389
2994	4480521	1159335
2995	4483515	825967
2996	4486510	957862
2997	4489506	830712
2998	4492503	977860
2999	4495501	1074422
3000	4498500	802652
3001	4501500	141576
3002	4504501	843333
3003	4507503	522664
3004	4510506	389702
3005	4513510	623384
3006	4516515	1077268
3007	4519521	464489
3008	4522528	690222
3009	4525536	898178
3010	4528545	367410
3011	4531555	736804
3012	4534566	762165
3013	4537578	576274
3014	4540591	513933
3015	4543605	428329
3016	4546620	113673
3017	4549636	463803
3018	4552653	115651
3019	4555671	114590
3020	4558690	129507
3021	4561710	216981
3022	4564731	329581
3023	4567753	419949
3024	4570776	219350
3025	4573800	161501
3026	4576825	155043
3027	4579851	512094
3028	4582878	591524
3029	4585906	625281
3030	4588935	611211
3031	4591965	286599
3032	4594996	952500
3033	4598028	311987
3034	4601061	594114
3035	4604095	596737
3036	4607130	448669
3037	4610166	620137
3038	4613203	258857
3039	4616241	613440
3040	4619280	289762
3041	4622320	627328
3042	4625361	729802
3043	4628403	671497
3044	4631446	717260
3045	4634490	833009
3046	4637535	500595
3047	4640581	278116
3048	4643628	614363
3049	4646676	483733
3050	4649725	693394
3051	4652775	610537
3052	4655826	184228
3053	4658878	117421
3054	4661931	456660
3055	4664985	186239
3056	4668040	725151
3057	4671096	840188
3058	4674153	828963
3059	4677211	671862
3060	4680270	594153
3061	4683330	609228
3062	4686391	525477
3063	4689453	210634
3064	4692516	583235
3065	4695580	428404
3066	4698645	121447
3067	4701711	104649
3068	4704778	111461
3069	4707846	364699
3070	4710915	1049681
3071	4713985	631087
3072	4717056	306865
3073	4720128	811916
3074	4723201	177445
3075	4726275	383296
3076	4729350	137431
3077	4732426	253188
3078	4735503	123407
3079	4738581	610913
3080	4741660	521098
3081	4744740	437153
3082	4747821	1035290
3083	4750903	951228
3084	4753986	758951
3085	4757070	889429
3086	4760155	418218
3087	4763241	282533
3088	4766328	116757
3089	4769416	163240
3090	4772505	684116
3091	4775595	672029
3092	4778686	426157
3093	4781778	1057877
3094	4784871	800475
3095	4787965	254153
3096	4791060	112831
3097	4794156	460314
3098	4797253	914823
3099	4800351	501159
3100	4803450	473857
3101	4806550	117404
3102	4809651	179602
3103	4812753	699651
3104	4815856	845406
3105	4818960	720760
3106	4822065	943475
3107	4825171	1053357
3108	4828278	740681
3109	4831386	285583
3110	4834495	742410
3111	4837605	1193026
3112	4840716	1130469
3113	4843828	333208
3114	4846941	553848
3115	4850055	656204
3116	4853170	583687
3117	4856286	329954
3118	4859403	623643
3119	4862521	533441
3120	4865640	791771
3121	4868760	616676
3122	4871881	931918
3123	4875003	1296240
3124	4878126	643054
3125	4881250	500079
3126	4884375	476445
3127	4887501	464991
3128	4890628	264988
3129	4893756	114143
3130	4896885	112544
3131	4900015	581526
3132	4903146	737287
3133	4906278	615424
3134	4909411	949402
3135	4912545	1017285
3136	4915680	733291
3137	4918816	365943
3138	4921953	864381
3139	4925091	431168
3140	4928230	558576
3141	4931370	758323
3142	4934511	720435
3143	4937653	783289
3144	4940796	484656
3145	4943940	872958
3146	4947085	1039798
3147	4950231	896975
3148	4953378	743012
3149	4956526	935410
3150	4959675	988656
3151	4962825	1339090
3152	4965976	731074
3153	4969128	870306
3154	4972281	1030813
3155	4975435	873744
3156	4978590	653097
3157	4981746	730122
3158	4984903	502507
3159	4988061	765597
3160	4991220	636432
3161	4994380	735151
3162	4997541	966186
3163	5000703	1012003
3164	5003866	1163409
3165	5007030	638298
3166	5010195	382247
3167	5013361	133851
3168	5016528	516739
3169	5019696	1110184
3170	5022865	589487
3171	5026035	705464
3172	5029206	601362
3173	5032378	755256
3174	5035551	1207451
3175	5038725	1193462
3176	5041900	679291
3177	5045076	1076642
3178	5048253	938086
3179	5051431	818883
3180	5054610	1001906
3181	5057790	1172990
3182	5060971	1096093
3183	5064153	638447
3184	5067336	1175168
3185	5070520	825222
3186	5073705	943292
3187	5076891	1281153
3188	5080078	1236111
3189	5083266	1127474
3190	5086455	748018
3191	5089645	361686
3192	5092836	743305
3193	5096028	719986
3194	5099221	700110
3195	5102415	489176
3196	5105610	1256541
3197	5108806	1038743
3198	5112003	841763
3199	5115201	1104042
3200	5118400	948487
3201	5121600	627620
3202	5124801	541600
3203	5128003	1369221
3204	5131206	949811
3205	5134410	786361
3206	5137615	479875
3207	5140821	830083
3208	5144028	613153
3209	5147236	1085480
3210	5150445	1137342
3211	5153655	959884
3212	5156866	734971
3213	5160078	719367
3214	5163291	1055858
3215	5166505	1213362
3216	5169720	1061075
3217	5172936	1084455
3218	5176153	610132
3219	5179371	1377851
3220	5182590	1763595
3221	5185810	1575665
3222	5189031	1268219
3223	5192253	1040558
3224	5195476	1226463
3225	5198700	719138
3226	5201925	975839
3227	5205151	888350
3228	5208378	842517
3229	5211606	463758
3230	5214835	948020
3231	5218065	986575
3232	5221296	795094
3233	5224528	761679
3234	5227761	972057
3235	5230995	705908
3236	5234230	1155083
3237	5237466	1035753
3238	5240703	728545
3239	5243941	1099787
3240	5247180	1170872
3241	5250420	796072
3242	5253661	506726
3243	5256903	923320
3244	5260146	722386
3245	5263390	310326
3246	5266635	417538
3247	5269881	260356
3248	5273128	991880
3249	5276376	1120616
3250	5279625	653192
3251	5282875	797110
3252	5286126	834618
3253	5289378	969222
3254	5292631	741168
3255	5295885	394546
3256	5299140	998411
3257	5302396	599923
3258	5305653	763503
3259	5308911	1117834
3260	5312170	781963
3261	5315430	786234
3262	5318691	1058301
3263	5321953	578676
3264	5325216	662638
3265	5328480	591893
3266	5331745	1135287
3267	5335011	1486244
3268	5338278	1548058
3269	5341546	1077664
3270	5344815	874671
3271	5348085	1329643
3272	5351356	980384
3273	5354628	1037687
3274	5357901	836431
3275	5361175	1273371
3276	5364450	898609
3277	5367726	419182
3278	5371003	656978
3279	5374281	525123
3280	5377560	411596
3281	5380840	720329
3282	5384121	545427
3283	5387403	676933
3284	5390686	717806
3285	5393970	319890
3286	5397255	848295
3287	5400541	792498
3288	5403828	927902
3289	5407116	1322883
3290	5410405	777511
3291	5413695	882641
3292	5416986	814163
3293	5420278	1185911
3294	5423571	1034238
3295	5426865	1156904
3296	5430160	1103031
3297	5433456	1071950
3298	5436753	971565
3299	5440051	916503
3300	5443350	925551
3301	5446650	299174
3302	5449951	295473
3303	5453253	249030
3304	5456556	1429454
3305	5459860	1402974
3306	5463165	1016393
3307	5466471	856920
3308	5469778	487023
3309	5473086	750891
3310	5476395	168595
3311	5479705	673260
3312	5483016	1040769
3313	5486328	925670
3314	5489641	803887
3315	5492955	431922
3316	5496270	739737
3317	5499586	1327694
3318	5502903	1189800
3319	5506221	1339320
3320	5509540	1418320
3321	5512860	1070775
3322	5516181	1212684
3323	5519503	1171341
3324	5522826	1101263
3325	5526150	863642
3326	5529475	389969
3327	5532801	831332
3328	5536128	902829
3329	5539456	1275330
3330	5542785	817265
3331	5546115	1030710
3332	5549446	921992
3333	5552778	1333019
3334	5556111	1083919
3335	5559445	1308770
3336	5562780	982160
3337	5566116	1285887
3338	5569453	838615
3339	5572791	533942
3340	5576130	258405
3341	5579470	467788
3342	5582811	309364
3343	5586153	321113
3344	5589496	607931
3345	5592840	1239086
3346	5596185	1202757
3347	5599531	1199031
3348	5602878	844717
3349	5606226	1096854
3350	5609575	807959
3351	5612925	1796689
3352	5616276	978718
3353	5619628	1248446
3354	5622981	947875
3355	5626335	909966
3356	5629690	1065187
3357	5633046	928633
3358	5636403	681544
3359	5639761	1304776
3360	5643120	821266
3361	5646480	1332951
3362	5649841	2033318
3363	5653203	1451356
3364	5656566	804241
3365	5659930	887425
3366	5663295	689887
3367	5666661	719434
3368	5670028	999906
3369	5673396	646452
3370	5676765	227540
3371	5680135	311690
3372	5683506	795505
3373	5686878	933761
3374	5690251	1058386
3375	5693625	1367963
3376	5697000	783497
3377	5700376	1629938
3378	5703753	1055097
3379	5707131	1130361
3380	5710510	899989
3381	5713890	579905
3382	5717271	1149481
3383	5720653	1306572
3384	5724036	926687
3385	5727420	1370241
3386	5730805	1097723
3387	5734191	580113
3388	5737578	1254130
3389	5740966	1165065
3390	5744355	434801
3391	5747745	1300360
3392	5751136	943959
3393	5754528	1366288
3394	5757921	998072
3395	5761315	1028742
3396	5764710	878988
3397	5768106	647690
3398	5771503	1297323
3399	5774901	1274340
3400	5778300	1395934
3401	5781700	1090147
3402	5785101	1764488
3403	5788503	1969534
3404	5791906	1169716
3405	5795310	1278715
3406	5798715	1217740
3407	5802121	1117738
3408	5805528	1101388
3409	5808936	757770
3410	5812345	978975
3411	5815755	778175
3412	5819166	577641
3413	5822578	1153105
3414	5825991	989835
3415	5829405	833723
3416	5832820	694634
3417	5836236	1263829
3418	5839653	1055000
3419	5843071	752530
3420	5846490	694427
3421	5849910	821929
3422	5853331	968402
3423	5856753	714059
3424	5860176	654551
3425	5863600	1250929
3426	5867025	970034
3427	5870451	616693
3428	5873878	1458755
3429	5877306	1408523
3430	5880735	1115192
3431	5884165	1405352
3432	5887596	1164003
3433	5891028	1263641
3434	5894461	1084357
3435	5897895	968264
3436	5901330	1131400
3437	5904766	931488
3438	5908203	742368
3439	5911641	749237
3440	5915080	1003559
3441	5918520	1230291
3442	5921961	1140264
3443	5925403	1482690
3444	5928846	1270575
3445	5932290	1084486
3446	5935735	1199892
3447	5939181	978799
3448	5942628	1810334
3449	5946076	2778034
3450	5949525	2017066
3451	5952975	948555
3452	5956426	1241749
3453	5959878	1235277
3454	5963331	1385197
3455	5966785	1107517
3456	5970240	977048
3457	5973696	1282800
3458	5977153	1068824
3459	5980611	1511819
3460	5984070	2109837
3461	5987530	1963205
3462	5990991	1442378
3463	5994453	1001450
3464	5997916	1262227
3465	6001380	1767657
3466	6004845	1135012
3467	6008311	1427442
3468	6011778	1125388
3469	6015246	773222
3470	6018715	812915
3471	6022185	697576
3472	6025656	1189954
3473	6029128	1456466
3474	6032601	856212
3475	6036075	1671617
3476	6039550	1217722
3477	6043026	1648364
3478	6046503	1288380
3479	6049981	1076101
3480	6053460	1443424
3481	6056940	1503765
3482	6060421	1599186
3483	6063903	1330780
3484	6067386	2052238
3485	6070870	1500614
3486	6074355	1227360
3487	6077841	1282111
3488	6081328	642994
3489	6084816	1690769
3490	6088305	1429604
3491	6091795	792645
3492	6095286	1416038
3493	6098778	830327
3494	6102271	1734024
3495	6105765	1140070
3496	6109260	886948
3497	6112756	1560294
3498	6116253	2337123
3499	6119751	1419105
3500	6123250	1323291
3501	6126750	1160155
3502	6130251	828760
3503	6133753	891326
3504	6137256	1082270
3505	6140760	1088039
3506	6144265	970272
3507	6147771	1383959
3508	6151278	1277993
3509	6154786	1303322
3510	6158295	1148500
3511	6161805	1356953
3512	6165316	2194195
3513	6168828	1265877
3514	6172341	942123
3515	6175855	699815
3516	6179370	1382816
3517	6182886	1208641
3518	6186403	881718
3519	6189921	1345648
3520	6193440	1130171
3521	6196960	1075651
3522	6200481	1167480
3523	6204003	1194152
3524	6207526	1399415
3525	6211050	1608100
3526	6214575	1876436
3527	6218101	925964
3528	6221628	2228554
3529	6225156	1303254
3530	6228685	698886
3531	6232215	1280096
3532	6235746	1411533
3533	6239278	1243101
3534	6242811	1434148
3535	6246345	1559608
3536	6249880	1074454
3537	6253416	1183373
3538	6256953	1828658
3539	6260491	1365176
3540	6264030	1745419
3541	6267570	2569026
3542	6271111	2775066
3543	6274653	1695172
3544	6278196	1139720
3545	6281740	1805037
3546	6285285	1973137
3547	6288831	1350693
3548	6292378	1331014
3549	6295926	2154736
3550	6299475	1316373
3551	6303025	1770529
3552	6306576	2329205
3553	6310128	1615954
3554	6313681	958147
3555	6317235	1431009
3556	6320790	1183426
3557	6324346	997762
3558	6327903	2090037
3559	6331461	1138434
3560	6335020	1300127
3561	6338580	1291531
3562	6342141	1454598
3563	6345703	2272648
3564	6349266	2047543
3565	6352830	1534365
3566	6356395	2500026
3567	6359961	1723744
3568	6363528	1931081
3569	6367096	2426298
3570	6370665	1988180
3571	6374235	1342867
3572	6377806	2284808
3573	6381378	1495784
3574	6384951	1480290
3575	6388525	2190830
3576	6392100	1427084
3577	6395676	1085242
3578	6399253	859211
3579	6402831	2039563
3580	6406410	1862176
3581	6409990	1243768
3582	6413571	2543165
3583	6417153	2327734
3584	6420736	1487399
3585	6424320	1323535
3586	6427905	1055398
3587	6431491	1954958
3588	6435078	1513891
3589	6438666	1109005
3590	6442255	2438914
3591	6445845	1389661
3592	6449436	1158270
3593	6453028	1611230
3594	6456621	1383635
3595	6460215	1449766
3596	6463810	3146792
3597	6467406	2208779
3598	6471003	2505879
3599	6474601	1849248
3600	6478200	1450025
3601	6481800	1077950
3602	6485401	1543317
3603	6489003	1544850
3604	6492606	1352950
3605	6496210	2483101
3606	6499815	3015418
3607	6503421	2308516
3608	6507028	1557360
3609	6510636	1486502
3610	6514245	1859529
3611	6517855	2801292
3612	6521466	2334736
3613	6525078	1835784
3614	6528691	1415948
3615	6532305	1246086
3616	6535920	1223878
3617	6539536	2396872
3618	6543153	2500029
3619	6546771	1612198
3620	6550390	1451611
3621	6554010	1536841
3622	6557631	1576875
3623	6561253	1480644
3624	6564876	1671950
3625	6568500	1308260
3626	6572125	2384617
3627	6575751	2057990
3628	6579378	1544722
3629	6583006	1636563
3630	6586635	2399879
3631	6590265	1426175
3632	6593896	1446382
3633	6597528	2315803
3634	6601161	1650332
3635	6604795	1331394
3636	6608430	2541523
3637	6612066	1306659
3638	6615703	1920602
3639	6619341	2466521
3640	6622980	1471376
3641	6626620	1396406
3642	6630261	1339700
3643	6633903	1353515
3644	6637546	1885297
3645	6641190	1667187
3646	6644835	1937826
3647	6648481	2697383
3648	6652128	2573849
3649	6655776	2317289
3650	6659425	3101613
3651	6663075	1475845
3652	6666726	1402925
3653	6670378	1915961
3654	6674031	3108096
3655	6677685	1366910
3656	6681340	1401818
3657	6684996	1306826
3658	6688653	1570631
3659	6692311	1956733
3660	6695970	1405885
3661	6699630	1169426
3662	6703291	2524952
3663	6706953	1995946
3664	6710616	1370933
3665	6714280	1447044
3666	6717945	2190686
3667	6721611	3448338
3668	6725278	1132702
3669	6728946	2185536
3670	6732615	1926544
3671	6736285	2110237
3672	6739956	1363480
3673	6743628	2764472
3674	6747301	1514053
3675	6750975	2076249
3676	6754650	2147283
3677	6758326	1675108
3678	6762003	2312712
3679	6765681	1416665
3680	6769360	1316329
3681	6773040	1135209
3682	6776721	1642269
3683	6780403	2717596
3684	6784086	1723425
3685	6787770	1625813
3686	6791455	1341811
3687	6795141	1698119
3688	6798828	2020288
3689	6802516	1504483
3690	6806205	1764854
3691	6809895	2826757
3692	6813586	2857585
3693	6817278	2414880
3694	6820971	1420605
3695	6824665	1420498
3696	6828360	1210840
3697	6832056	994956
3698	6835753	1650137
3699	6839451	1549254
3700	6843150	2578415
3701	6846850	1497800
3702	6850551	1187979
3703	6854253	1110227
3704	6857956	1447852
3705	6861660	2178011
3706	6865365	1341103
3707	6869071	1505981
3708	6872778	2373547
3709	6876486	2773228
3710	6880195	3076509
3711	6883905	1534640
3712	6887616	2002917
3713	6891328	2981610
3714	6895041	3068130
3715	6898755	1611899
3716	6902470	2826972
3717	6906186	2407340
3718	6909903	1538516
3719	6913621	2000076
3720	6917340	1617038
3721	6921060	1397419
3722	6924781	2902946
3723	6928503	3029086
3724	6932226	2315687
3725	6935950	2018870
3726	6939675	2044877
3727	6943401	1701295
3728	6947128	1764449
3729	6950856	1323063
3730	6954585	1264800
3731	6958315	1826655
3732	6962046	2216140
3733	6965778	1693383
3734	6969511	1687750
3735	6973245	2529250
3736	6976980	1826146
3737	6980716	1209754
3738	6984453	1471200
3739	6988191	2437218
3740	6991930	2033315
3741	6995670	1985746
3742	6999411	1459662
3743	7003153	1321738
3744	7006896	1241768
3745	7010640	1283910
3746	7014385	1103477
3747	7018131	1555251
3748	7021878	1809495
3749	7025626	1467719
3750	7029375	1229030
3751	7033125	1349007
3752	7036876	1571643
3753	7040628	1228002
3754	7044381	1132382
3755	7048135	1513659
3756	7051890	2206362
3757	7055646	2538189
3758	7059403	2948967
3759	7063161	2688396
3760	7066920	3223185
3761	7070680	1507601
3762	7074441	2592408
3763	7078203	1707860
3764	7081966	2757004
3765	7085730	1935500
3766	7089495	2829639
3767	7093261	1627551
3768	7097028	1628825
3769	7100796	2421653
3770	7104565	2831599
3771	7108335	1842185
3772	7112106	1850756
3773	7115878	2266856
3774	7119651	1550518
3775	7123425	1770861
3776	7127200	2479662
3777	7130976	1432930
3778	7134753	2903360
3779	7138531	1482802
3780	7142310	1554259
3781	7146090	1794195
3782	7149871	2617729
3783	7153653	1756217
3784	7157436	2770466
3785	7161220	1623973
3786	7165005	2746371
3787	7168791	2651755
3788	7172578	2390945
3789	7176366	1489808
3790	7180155	1895632
3791	7183945	1179245
3792	7187736	1383483
3793	7191528	1574304
3794	7195321	2742834
3795	7199115	2985053
3796	7202910	2769843
3797	7206706	2547477
3798	7210503	1822391
3799	7214301	2972703
3800	7218100	2658407
3801	7221900	1740487
3802	7225701	3376473
3803	7229503	2741370
3804	7233306	2547642
3805	7237110	1935145
3806	7240915	3305426
3807	7244721	2305297
3808	7248528	1944774
3809	7252336	2890768
3810	7256145	1927152
3811	7259955	1753779
3812	7263766	2209205
3813	7267578	3936140
3814	7271391	2401446
3815	7275205	1762859
3816	7279020	2799688
3817	7282836	2490515
3818	7286653	1876109
3819	7290471	1693647
3820	7294290	2699212
3821	7298110	1893755
3822	7301931	2104901
3823	7305753	2576962
3824	7309576	1588551
3825	7313400	2753808
3826	7317225	2266850
3827	7321051	2743716
3828	7324878	4010644
3829	7328706	1298872
3830	7332535	3161837
3831	7336365	1529695
3832	7340196	1307468
3833	7344028	1461923
3834	7347861	1813915
3835	7351695	2734313
3836	7355530	3045688
3837	7359366	3027604
3838	7363203	2796329
3839	7367041	2258377
3840	7370880	3413913
3841	7374720	3552605
3842	7378561	3261814
3843	7382403	1857674
3844	7386246	1774973
3845	7390090	1645330
3846	7393935	2196769
3847	7397781	2259978
3848	7401628	2900412
3849	7405476	2177843
3850	7409325	2763303
3851	7413175	1698818
3852	7417026	1616211
3853	7420878	2743464
3854	7424731	1765133
3855	7428585	2059986
3856	7432440	1801644
3857	7436296	2120304
3858	7440153	2469424
3859	7444011	2199571
3860	7447870	1475071
3861	7451730	2270418
3862	7455591	2034392
3863	7459453	2473910
3864	7463316	3851523
3865	7467180	1897213
3866	7471045	2727218
3867	7474911	2429171
3868	7478778	2495194
3869	7482646	1624012
3870	7486515	1577504
3871	7490385	1635774
3872	7494256	1693781
3873	7498128	1906231
3874	7502001	1951378
3875	7505875	1601331
3876	7509750	2442444
3877	7513626	2336966
3878	7517503	2024002
3879	7521381	3250828
3880	7525260	2532050
3881	7529140	1815759
3882	7533021	1768117
3883	7536903	1874637
3884	7540786	1886034
3885	7544670	3040184
3886	7548555	1878548
3887	7552441	1878227
3888	7556328	1717222
3889	7560216	2167369
3890	7564105	1765346
3891	7567995	2318647
3892	7571886	3201032
3893	7575778	3198209
3894	7579671	3647179
3895	7583565	3499499
3896	7587460	2428163
3897	7591356	2989644
3898	7595253	1644185
3899	7599151	3490185
3900	7603050	2018515
3901	7606950	2318075
3902	7610851	1921058
3903	7614753	1942880
3904	7618656	1934040
3905	7622560	2027103
3906	7626465	1901247
3907	7630371	1709347
3908	7634278	2326843
3909	7638186	1843059
3910	7642095	2481162
3911	7646005	2843435
3912	7649916	2383134
3913	7653828	1786499
3914	7657741	3310073
3915	7661655	2272232
3916	7665570	2013134
3917	7669486	2260004
3918	7673403	2503325
3919	7677321	1546559
3920	7681240	2571050
3921	7685160	2365821
3922	7689081	3382445
3923	7693003	2269701
3924	7696926	2808179
3925	7700850	1716065
3926	7704775	3445462
3927	7708701	2808116
3928	7712628	3374648
3929	7716556	2345728
3930	7720485	1639872
3931	7724415	1853042
3932	7728346	2124027
3933	7732278	2013833
3934	7736211	2554245
3935	7740145	2102404
3936	7744080	2321787
3937	7748016	1510752
3938	7751953	2201110
3939	7755891	2873132
3940	7759830	1556775
3941	7763770	2571269
3942	7767711	2463341
3943	7771653	1679512
3944	7775596	2272466
3945	7779540	1931021
3946	7783485	3442414
3947	7787431	1795074
3948	7791378	2431911
3949	7795326	3828595
3950	7799275	3411480
3951	7803225	3690423
3952	7807176	2149720
3953	7811128	2977123
3954	7815081	2495547
3955	7819035	1144753
3956	7822990	2190876
3957	7826946	2327182
3958	7830903	1892799
3959	7834861	2738743
3960	7838820	1953165
3961	7842780	2190732
3962	7846741	1497720
3963	7850703	2061157
3964	7854666	1947644
3965	7858630	1948984
3966	7862595	1702088
3967	7866561	2456991
3968	7870528	2665131
3969	7874496	1850116
3970	7878465	3453431
3971	7882435	1520610
3972	7886406	1557262
3973	7890378	1392038
3974	7894351	1645729
3975	7898325	2395477
3976	7902300	1810332
3977	7906276	2980724
3978	7910253	3481429
3979	7914231	3200177
3980	7918210	3806219
3981	7922190	1905972
3982	7926171	1922440
3983	7930153	2708931
3984	7934136	2001376
3985	7938120	2772991
3986	7942105	1974040
3987	7946091	2751536
3988	7950078	1823123
3989	7954066	2464796
3990	7958055	2904763
3991	7962045	1621311
3992	7966036	2827169
3993	7970028	2072532
3994	7974021	1694737
3995	7978015	3594105
3996	7982010	4358225
3997	7986006	3046213
3998	7990003	1812024
3999	7994001	1424221
4000	7998000	1320125
4001	8002000	3294650
4002	8006001	3536784
4003	8010003	3862712
4004	8014006	2104118
4005	8018010	3028001
4006	8022015	3168635
4007	8026021	2199464
4008	8030028	1632611
4009	8034036	2755466
4010	8038045	1643022
4011	8042055	2517594
4012	8046066	2138184
4013	8050078	2899352
4014	8054091	1776304
4015	8058105	3957909
4016	8062120	3621705
4017	8066136	2016508
4018	8070153	2384234
4019	8074171	2022186
4020	8078190	3207786
4021	8082210	3097339
4022	8086231	1912695
4023	8090253	2812011
4024	8094276	1640424
4025	8098300	2610483
4026	8102325	2151089
4027	8106351	2051720
4028	8110378	1675808
4029	8114406	3606043
4030	8118435	2893438
4031	8122465	1954515
4032	8126496	2554475
4033	8130528	1745909
4034	8134561	1750321
4035	8138595	3140906
4036	8142630	4339829
4037	8146666	2120814
4038	8150703	1617486
4039	8154741	1809768
4040	8158780	1829827
4041	8162820	1826964
4042	8166861	1737187
4043	8170903	3002380
4044	8174946	4087454
4045	8178990	3932546
4046	8183035	2240162
4047	8187081	1827962
4048	8191128	2052528
4049	8195176	2716319
4050	8199225	2951365
4051	8203275	2099986
4052	8207326	2166655
4053	8211378	3739592
4054	8215431	3865565
4055	8219485	4948295
4056	8223540	2020181
4057	8227596	1863750
4058	8231653	3011576
4059	8235711	2089431
4060	8239770	2016789
4061	8243830	3298130
4062	8247891	3085553
4063	8251953	1967475
4064	8256016	3121760
4065	8260080	3281097
4066	8264145	1961607
4067	8268211	2429920
4068	8272278	3707391
4069	8276346	3134364
4070	8280415	1805694
4071	8284485	3649988
4072	8288556	1758655
4073	8292628	2365154
4074	8296701	3255592
4075	8300775	1867490
4076	8304850	3112250
4077	8308926	3952383
4078	8313003	3277458
4079	8317081	3019768
4080	8321160	1564199
4081	8325240	3374309
4082	8329321	2521175
4083	8333403	2194352
4084	8337486	3790378
4085	8341570	4092452
4086	8345655	3069376
4087	8349741	3672281
4088	8353828	3592293
4089	8357916	2391906
4090	8362005	1676661
4091	8366095	4424793
4092	8370186	1992646
4093	8374278	2443974
4094	8378371	2112169
4095	8382465	3186543
4096	8386560	4131416
4097	8390656	5071528
4098	8394753	2291747
4099	8398851	4781691
4100	8402950	2208724
4101	8407050	3212864
4102	8411151	4273871
4103	8415253	4329623
4104	8419356	3279339
4105	8423460	3274588
4106	8427565	4933002
4107	8431671	2463539
4108	8435778	3611648
4109	8439886	2891325
4110	8443995	2376207
4111	8448105	2369757
4112	8452216	2380623
4113	8456328	3484775
4114	8460441	3760025
4115	8464555	4362309
4116	8468670	1935341
4117	8472786	3991599
4118	8476903	2033356
4119	8481021	3651072
4120	8485140	2973330
4121	8489260	3116075
4122	8493381	2320494
4123	8497503	2761523
4124	8501626	3268972
4125	8505750	2099721
4126	8509875	4228422
4127	8514001	2222716
4128	8518128	3599460
4129	8522256	2248288
4130	8526385	3334670
4131	8530515	4917674
4132	8534646	2214912
4133	8538778	2409328
4134	8542911	3282609
4135	8547045	2335875
4136	8551180	2840249
4137	8555316	4765345
4138	8559453	4709532
4139	8563591	2522291
4140	8567730	2998039
4141	8571870	3324391
4142	8576011	2269750
4143	8580153	3473259
4144	8584296	3887664
4145	8588440	3832133
4146	8592585	2447185
4147	8596731	2706601
4148	8600878	2352321
4149	8605026	3636345
4150	8609175	3697394
4151	8613325	2588528
4152	8617476	2844198
4153	8621628	3942419
4154	8625781	2371378
4155	8629935	2524535
4156	8634090	3464794
4157	8638246	2401664
4158	8642403	4099297
4159	8646561	2983558
4160	8650720	2768741
4161	8654880	2357566
4162	8659041	3774009
4163	8663203	2287527
4164	8667366	2990937
4165	8671530	3525983
4166	8675695	2358522
4167	8679861	4201369
4168	8684028	3484572
4169	8688196	3831962
4170	8692365	3263909
4171	8696535	2502220
4172	8700706	5145638
4173	8704878	2056021
4174	8709051	4497673
4175	8713225	3101141
4176	8717400	2388699
4177	8721576	2135543
4178	8725753	2915774
4179	8729931	3032093
4180	8734110	2471327
4181	8738290	3574581
4182	8742471	4094559
4183	8746653	1975952
4184	8750836	4970225
4185	8755020	3308349
4186	8759205	2604076
4187	8763391	4614966
4188	8767578	4091356
4189	8771766	4251847
4190	8775955	3054985
4191	8780145	3337424
4192	8784336	1973543
4193	8788528	3519818
4194	8792721	3793694
4195	8796915	2452156
4196	8801110	3589175
4197	8805306	3325430
4198	8809503	1579503
4199	8813701	3403604
4200	8817900	5528349
4201	8822100	3726314
4202	8826301	2333333
4203	8830503	4075494
4204	8834706	2907637
4205	8838910	2473446
4206	8843115	2725242
4207	8847321	1826115
4208	8851528	1952693
4209	8855736	3516483
4210	8859945	3400540
4211	8864155	2966057
4212	8868366	2290495
4213	8872578	2514063
4214	8876791	3588168
4215	8881005	5689646
4216	8885220	2454367
4217	8889436	2178085
4218	8893653	3342983
4219	8897871	3138103
4220	8902090	2251573
4221	8906310	2364974
4222	8910531	4089145
4223	8914753	5637173
4224	8918976	4436891
4225	8923200	3949736
4226	8927425	2873731
4227	8931651	3882334
4228	8935878	4016967
4229	8940106	2854180
4230	8944335	4193596
4231	8948565	2074710
4232	8952796	2705679
4233	8957028	4425888
4234	8961261	4840603
4235	8965495	4291673
4236	8969730	2424448
4237	8973966	3595137
4238	8978203	3563613
4239	8982441	2710346
4240	8986680	4617696
4241	8990920	4174968
4242	8995161	5085516
4243	8999403	4807904
4244	9003646	2301457
4245	9007890	2492434
4246	9012135	1820128
4247	9016381	4159917
4248	9020628	3433096
4249	9024876	2983415
4250	9029125	2578685
4251	9033375	2739693
4252	9037626	3578392
4253	9041878	2523036
4254	9046131	2081799
4255	9050385	2501175
4256	9054640	3919182
4257	9058896	4375460
4258	9063153	2428593
4259	9067411	3368936
4260	9071670	2146296
4261	9075930	2392836
4262	9080191	3191823
4263	9084453	2651828
4264	9088716	2356216
4265	9092980	2177225
4266	9097245	2783921
4267	9101511	4233144
4268	9105778	4443320
4269	9110046	3475462
4270	9114315	2549913
4271	9118585	4512430
4272	9122856	2934216
4273	9127128	2874901
4274	9131401	3292127
4275	9135675	3682019
4276	9139950	2873536
4277	9144226	3414019
4278	9148503	3118095
4279	9152781	2716677
4280	9157060	4081880
4281	9161340	3254298
4282	9165621	2052562
4283	9169903	2725988
4284	9174186	3139029
4285	9178470	3592301
4286	9182755	3780771
4287	9187041	2579056
4288	9191328	4273991
4289	9195616	3830682
4290	9199905	3628376
4291	9204195	5355846
4292	9208486	4254168
4293	9212778	3262395
4294	9217071	5266242
4295	9221365	5096222
4296	9225660	4747213
4297	9229956	2704696
4298	9234253	4061963
4299	9238551	4067324
4300	9242850	3468134
4301	9247150	5040099
4302	9251451	3516891
4303	9255753	3053729
4304	9260056	3318013
4305	9264360	2125121
4306	9268665	4726844
4307	9272971	3020651
4308	9277278	2753321
4309	9281586	4750546
4310	9285895	3752983
4311	9290205	2639431
4312	9294516	5134688
4313	9298828	2913208
4314	9303141	4508352
4315	9307455	2353320
4316	9311770	3423088
4317	9316086	2008265
4318	9320403	3963615
4319	9324721	2622180
4320	9329040	4196266
4321	9333360	4883407
4322	9337681	3988263
4323	9342003	5233755
4324	9346326	2653424
4325	9350650	2206499
4326	9354975	4393668
4327	9359301	2678406
4328	9363628	3073748
4329	9367956	3876616
4330	9372285	2291129
4331	9376615	3704726
4332	9380946	2835111
4333	9385278	3034114
4334	9389611	4347179
4335	9393945	2706225
4336	9398280	4565680
4337	9402616	5598520
4338	9406953	2533134
4339	9411291	4379231
4340	9415630	4360466
4341	9419970	2188722
4342	9424311	2382822
4343	9428653	1422078
4344	9432996	1892780
4345	9437340	2162255
4346	9441685	3843228
4347	9446031	2163294
4348	9450378	3869488
4349	9454726	6050609
4350	9459075	2760153
4351	9463425	4186096
4352	9467776	5025369
4353	9472128	3090381
4354	9476481	2961264
4355	9480835	3476355
4356	9485190	3279571
4357	9489546	2682700
4358	9493903	4896196
4359	9498261	2549418
4360	9502620	3047794
4361	9506980	2538052
4362	9511341	3561268
4363	9515703	2257647
4364	9520066	3932225
4365	9524430	4398578
4366	9528795	3106772
4367	9533161	2579711
4368	9537528	3315619
4369	9541896	3298758
4370	9546265	2415936
4371	9550635	4091984
4372	9555006	5163661
4373	9559378	6403812
4374	9563751	3720352
4375	9568125	2534888
4376	9572500	3564607
4377	9576876	2894481
4378	9581253	4575461
4379	9585631	2850318
4380	9590010	4243532
4381	9594390	3426671
4382	9598771	2603912
4383	9603153	4213402
4384	9607536	2678028
4385	9611920	3557843
4386	9616305	2725460
4387	9620691	3008380
4388	9625078	4563461
4389	9629466	2451383
4390	9633855	2492763
4391	9638245	4924428
4392	9642636	2801144
4393	9647028	5228029
4394	9651421	5425944
4395	9655815	2989113
4396	9660210	3323159
4397	9664606	2892928
4398	9669003	2745539
4399	9673401	3297184
4400	9677800	2053775
4401	9682200	4392523
4402	9686601	2712159
4403	9691003	5207998
4404	9695406	5395296
4405	9699810	4203505
4406	9704215	2714079
4407	9708621	3720421
4408	9713028	2489508
4409	9717436	3623212
4410	9721845	3651552
4411	9726255	2867531
4412	9730666	4691006
4413	9735078	2757581
4414	9739491	4260149
4415	9743905	2990453
4416	9748320	3006880
4417	9752736	4197361
4418	9757153	2928839
4419	9761571	3336842
4420	9765990	3003776
4421	9770410	3562071
4422	9774831	2760644
4423	9779253	2519277
4424	9783676	4026888
4425	9788100	2574818
4426	9792525	4857280
4427	9796951	3374496
4428	9801378	2898583
4429	9805806	3296255
4430	9810235	2377174
4431	9814665	3658982
4432	9819096	2249364
4433	9823528	3920798
4434	9827961	2742602
4435	9832395	2354669
4436	9836830	2835076
4437	9841266	3148977
4438	9845703	2810305
4439	9850141	4362405
4440	9854580	3810300
4441	9859020	2536942
4442	9863461	4503954
4443	9867903	5820956
4444	9872346	5398726
4445	9876790	4818252
4446	9881235	4256308
4447	9885681	3699370
4448	9890128	2641421
4449	9894576	5508928
4450	9899025	2660612
4451	9903475	2578989
4452	9907926	3286696
4453	9912378	3213002
4454	9916831	2965257
4455	9921285	2749481
4456	9925740	1879072
4457	9930196	4785631
4458	9934653	5714066
4459	9939111	5457520
4460	9943570	4428733
4461	9948030	4338686
4462	9952491	2660521
4463	9956953	4294018
4464	9961416	2668862
4465	9965880	4414470
4466	9970345	2851503
4467	9974811	3830445
4468	9979278	2988138
4469	9983746	3742295
4470	9988215	3083226
4471	9992685	2796846
4472	9997156	3576208
4473	10001628	3530036
4474	10006101	3431173
4475	10010575	2926289
4476	10015050	3114553
4477	10019526	4182698
4478	10024003	2741109
4479	10028481	3647992
4480	10032960	2838639
4481	10037440	2913090
4482	10041921	2416691
4483	10046403	2762772
4484	10050886	2645721
4485	10055370	2670084
4486	10059855	2052387
4487	10064341	2168422
4488	10068828	3284269
4489	10073316	3160095
4490	10077805	3842396
4491	10082295	2742641
4492	10086786	2417441
4493	10091278	3101830
4494	10095771	4664001
4495	10100265	5027049
4496	10104760	4203155
4497	10109256	5415574
4498	10113753	3622463
4499	10118251	3495814
4500	10122750	2937701
4501	10127250	4471172
4502	10131751	2588649
4503	10136253	3004430
4504	10140756	4241466
4505	10145260	5899657
4506	10149765	5337550
4507	10154271	2372808
4508	10158778	3333261
4509	10163286	2917844
4510	10167795	5281338
4511	10172305	6443221
4512	10176816	2684937
4513	10181328	6782339
4514	10185841	6818526
4515	10190355	5290169
4516	10194870	4028945
4517	10199386	3102283
4518	10203903	3253114
4519	10208421	2942538
4520	10212940	2903802
4521	10217460	2993957
4522	10221981	3127311
4523	10226503	3088208
4524	10231026	3780048
4525	10235550	4031292
4526	10240075	3050354
4527	10244601	4317644
4528	10249128	3112197
4529	10253656	6002845
4530	10258185	5757059
4531	10262715	4778251
4532	10267246	5077055
4533	10271778	5476314
4534	10276311	2634012
4535	10280845	5002662
4536	10285380	6279009
4537	10289916	2968660
4538	10294453	3712031
4539	10298991	3888420
4540	10303530	3094291
4541	10308070	4721588
4542	10312611	5981842
4543	10317153	3682845
4544	10321696	4026692
4545	10326240	2714813
4546	10330785	2684203
4547	10335331	4526613
4548	10339878	3905074
4549	10344426	4570208
4550	10348975	2817302
4551	10353525	3661562
4552	10358076	1759270
4553	10362628	2031248
4554	10367181	5134229
4555	10371735	2553663
4556	10376290	2301214
4557	10380846	5740049
4558	10385403	6716733
4559	10389961	2950581
4560	10394520	5865584
4561	10399080	3115050
4562	10403641	4087254
4563	10408203	2767250
4564	10412766	2652460
4565	10417330	2067522
4566	10421895	4383809
4567	10426461	4357375
4568	10431028	4935390
4569	10435596	2985722
4570	10440165	6053127
4571	10444735	3702756
4572	10449306	2847225
4573	10453878	2315968
4574	10458451	2292864
4575	10463025	2377436
4576	10467600	3045123
4577	10472176	4225452
4578	10476753	3450082
4579	10481331	3976211
4580	10485910	2833208
4581	10490490	3926729
4582	10495071	3127329
4583	10499653	6247112
4584	10504236	2737108
4585	10508820	2260244
4586	10513405	5000760
4587	10517991	2771997
4588	10522578	2441325
4589	10527166	2252179
4590	10531755	4690508
4591	10536345	3830445
4592	10540936	3083351
4593	10545528	5901841
4594	10550121	4460906
4595	10554715	3542696
4596	10559310	2757715
4597	10563906	4236247
4598	10568503	3518110
4599	10573101	3386812
4600	10577700	4748656
4601	10582300	6542139
4602	10586901	5442493
4603	10591503	3491496
4604	10596106	3588454
4605	10600710	5685133
4606	10605315	5296501
4607	10609921	6969173
4608	10614528	3193214
4609	10619136	3781762
4610	10623745	4108234
4611	10628355	4754915
4612	10632966	3257433
4613	10637578	5693529
4614	10642191	2934286
4615	10646805	2592178
4616	10651420	3727429
4617	10656036	6846899
4618	10660653	2930695
4619	10665271	3487271
4620	10669890	3712930
4621	10674510	2912958
4622	10679131	4023834
4623	10683753	2512467
4624	10688376	5245542
4625	10693000	3462821
4626	10697625	4957202
4627	10702251	2789620
4628	10706878	4934690
4629	10711506	6171645
4630	10716135	5946397
4631	10720765	2763690
4632	10725396	4949037
4633	10730028	4394068
4634	10734661	4257513
4635	10739295	2706144
4636	10743930	3195546
4637	10748566	4399921
4638	10753203	2833775
4639	10757841	4494177
4640	10762480	2634591
4641	10767120	2829076
4642	10771761	4605416
4643	10776403	3171604
4644	10781046	2636591
4645	10785690	2153157
4646	10790335	2099930
4647	10794981	4154247
4648	10799628	6130592
4649	10804276	6355216
4650	10808925	3056968
4651	10813575	5669923
4652	10818226	4049337
4653	10822878	4156860
4654	10827531	2648426
4655	10832185	3919961
4656	10836840	3992704
4657	10841496	2866834
4658	10846153	3171479
4659	10850811	2615720
4660	10855470	4565810
4661	10860130	5308714
4662	10864791	6129444
4663	10869453	6005271
4664	10874116	6447712
4665	10878780	2947858
4666	10883445	5470878
4667	10888111	2653452
4668	10892778	4870384
4669	10897446	4388264
4670	10902115	2976927
4671	10906785	5192828
4672	10911456	5352170
4673	10916128	3834788
4674	10920801	3227767
4675	10925475	6274146
4676	10930150	3187603
4677	10934826	5161863
4678	10939503	8033978
4679	10944181	7021594
4680	10948860	5527553
4681	10953540	2793802
4682	10958221	2683383
4683	10962903	4913531
4684	10967586	5606697
4685	10972270	7240695
4686	10976955	2844806
4687	10981641	5438253
4688	10986328	5860401
4689	10991016	5305049
4690	10995705	5168709
4691	11000395	4557995
4692	11005086	4194146
4693	11009778	5262673
4694	11014471	4635840
4695	11019165	3952692
4696	11023860	3435383
4697	11028556	3172375
4698	11033253	5474459
4699	11037951	2522007
4700	11042650	2624228
4701	11047350	4805170
4702	11052051	2551285
4703	11056753	2348294
4704	11061456	4601874
4705	11066160	4159202
4706	11070865	4692520
4707	11075571	2923443
4708	11080278	3124114
4709	11084986	4914481
4710	11089695	5099889
4711	11094405	3899352
4712	11099116	6699329
4713	11103828	3047482
4714	11108541	5513237
4715	11113255	5438728
4716	11117970	5738327
4717	11122686	3129102
4718	11127403	4096955
4719	11132121	4950234
4720	11136840	3030207
4721	11141560	3938841
4722	11146281	4382303
4723	11151003	3007122
4724	11155726	5546712
4725	11160450	3330590
4726	11165175	5502432
4727	11169901	6363619
4728	11174628	4642024
4729	11179356	3135120
4730	11184085	4916007
4731	11188815	2973174
4732	11193546	5249392
4733	11198278	3108702
4734	11203011	3582821
4735	11207745	4854710
4736	11212480	3329669
4737	11217216	5116716
4738	11221953	5268762
4739	11226691	4537418
4740	11231430	2879121
4741	11236170	3269388
4742	11240911	2357075
4743	11245653	2463632
4744	11250396	2644347
4745	11255140	4386874
4746	11259885	4559657
4747	11264631	4730050
4748	11269378	3280969
4749	11274126	5158067
4750	11278875	5365911
4751	11283625	4154446
4752	11288376	2953882
4753	11293128	3050893
4754	11297881	5034644
4755	11302635	7205240
4756	11307390	7080276
4757	11312146	3141357
4758	11316903	6424939
4759	11321661	5463028
4760	11326420	6829716
4761	11331180	5152917
4762	11335941	4868903
4763	11340703	2707209
4764	11345466	6384073
4765	11350230	3369098
4766	11354995	5948191
4767	11359761	3361586
4768	11364528	5600285
4769	11369296	6128445
4770	11374065	6141915
4771	11378835	6346764
4772	11383606	3205213
4773	11388378	3290917
4774	11393151	4219885
4775	11397925	5117883
4776	11402700	3357270
4777	11407476	5524336
4778	11412253	5105109
4779	11417031	3336268
4780	11421810	6098437
4781	11426590	6200225
4782	11431371	6083236
4783	11436153	3082634
4784	11440936	5177407
4785	11445720	4265661
4786	11450505	3476041
4787	11455291	4043546
4788	11460078	5629834
4789	11464866	2902116
4790	11469655	5493037
4791	11474445	3589745
4792	11479236	5224756
4793	11484028	6277360
4794	11488821	3188385
4795	11493615	6023914
4796	11498410	4995596
4797	11503206	5129364
4798	11508003	3117633
4799	11512801	4251082
4800	11517600	3216488
4801	11522400	3006167
4802	11527201	2461381
4803	11532003	6008105
4804	11536806	3450393
4805	11541610	5044564
4806	11546415	5704586
4807	11551221	6108057
4808	11556028	2912633
4809	11560836	4865298
4810	11565645	4136931
4811	11570455	2905924
4812	11575266	2308369
4813	11580078	5432291
4814	11584891	5852160
4815	11589705	3347459
4816	11594520	3582622
4817	11599336	5399802
4818	11604153	2995421
4819	11608971	5262642
4820	11613790	3459274
4821	11618610	5073773
4822	11623431	3618384
4823	11628253	4117524
4824	11633076	3257643
4825	11637900	5251786
4826	11642725	3187267
4827	11647551	3879619
4828	11652378	3419068
4829	11657206	3912926
4830	11662035	4488392
4831	11666865	3421328
4832	11671696	5983195
4833	11676528	6564920
4834	11681361	4817684
4835	11686195	2998725
4836	11691030	4558783
4837	11695866	3021076
4838	11700703	5203011
4839	11705541	3664582
4840	11710380	3518024
4841	11715220	4980234
4842	11720061	5374565
4843	11724903	3272273
4844	11729746	6849530
4845	11734590	7572536
4846	11739435	3143960
4847	11744281	4805928
4848	11749128	4254164
4849	11753976	3390070
4850	11758825	5669549
4851	11763675	3148154
4852	11768526	4082191
4853	11773378	3563168
4854	11778231	4450036
4855	11783085	3690621
4856	11787940	3490132
4857	11792796	3461122
4858	11797653	3293089
4859	11802511	5433912
4860	11807370	6022635
4861	11812230	4088867
4862	11817091	6945839
4863	11821953	5940068
4864	11826816	8464900
4865	11831680	3188383
4866	11836545	6237329
4867	11841411	6199469
4868	11846278	3369926
4869	11851146	6227325
4870	11856015	4054492
4871	11860885	3070937
4872	11865756	2783428
4873	11870628	5375238
4874	11875501	7262831
4875	11880375	6917230
4876	11885250	6544655
4877	11890126	6236625
4878	11895003	5681508
4879	11899881	4039749
4880	11904760	6800449
4881	11909640	8027147
4882	11914521	6583723
4883	11919403	8884658
4884	11924286	8159372
4885	11929170	5417270
4886	11934055	6380807
4887	11938941	11497865
4888	11943828	7411373
4889	11948716	7393644
4890	11953605	3523011
4891	11958495	5560935
4892	11963386	3617547
4893	11968278	4914125
4894	11973171	2930889
4895	11978065	2598833
4896	11982960	2626731
4897	11987856	5747457
4898	11992753	6716132
4899	11997651	3671993
4900	12002550	5380161
4901	12007450	3377669
4902	12012351	5100532
4903	12017253	3890295
4904	12022156	6555763
4905	12027060	3388476
4906	12031965	5254893
4907	12036871	5976848
4908	12041778	4625354
4909	12046686	3407455
4910	12051595	3812704
4911	12056505	6232265
4912	12061416	4739979
4913	12066328	3455798
4914	12071241	4324054
4915	12076155	6372967
4916	12081070	7764064
4917	12085986	4590557
4918	12090903	27902422
4919	12095821	19839935
4920	12100740	17195913
4921	12105660	7937460
4922	12110581	15375445
4923	12115503	6458909
